1626218018 0 0 0 0 0 0 0 0 0 0 0 0 0 0 0 0 0 0 0 0 0 0 0 0 0 0 0 0 0 0 0 0 0 0 0 0 0 0 0 0 0 0 0 0 0 0 0 0 0 0 0 0 0 0 0 0 0 0 0 0 0 0 0 0 0 0 0 0 0 0 0 0 0 0 0 0 0 0 0 0
1626246968 0 0 0 0 0 0 0 0 0 0 0 0 0 0 0 0 0 0 0 0 0 0 0 0 0 0 0 0 0 0 0 0 0 0 0 0 0 0 0 0 0 0 0 0 0 0 0 0 0 0 0 0 0 0 0 0 0 0 0 0 0 0 0 0 0 0 0 0 0 0 0 0 0 0 0 0 0 0 0 0
1626288275 0 0 0 0 0 0 0 0 0 0 0 0 0 0 0 0 0 0 0 0 0 0 0 0 0 0 0 0 0 0 0 0 0 0 0 0 0 0 0 0 0 0 0 0 0 0 0 0 0 0 0 0 0 0 0 0 0 0 0 0 0 0 0 0 0 0 0 0 0 0 0 0 0 0 0 0 0 0 0 0
1626330544 0 0 0 0 0 0 0 0 0 0 0 0 0 0 0 0 0 0 0 0 0 0 0 0 0 0 0 0 0 0 0 0 0 0 0 0 0 0 0 0 0 0 0 0 0 0 0 0 0 0 0 0 0 0 0 0 0 0 0 0 0 0 0 0 0 0 0 0 0 0 0 0 0 0 0 0 0 0 0 0
1626370573 0 0 0 0 0 0 0 0 0 0 0 0 0 0 0 0 0 0 0 0 0 0 0 0 0 0 0 0 0 0 0 0 0 0 0 0 0 0 0 0 0 0 0 0 0 0 0 0 0 0 0 0 0 0 0 0 0 0 0 0 0 0 0 0 0 0 0 0 0 0 0 0 0 0 0 0 0 0 0 0
1626399474 0 0 0 0 0 0 0 0 0 0 0 0 0 0 0 0 0 0 0 0 0 0 0 0 0 0 0 0 0 0 0 0 0 0 0 0 0 0 0 0 0 0 0 0 0 0 0 0 0 0 0 0 0 0 0 0 0 0 0 0 0 0 0 0 0 0 0 0 0 0 0 0 0 0 0 0 0 0 0 0
1626428220 0 0 0 0 0 0 0 0 0 0 0 0 0 0 0 0 0 0 0 0 0 0 0 0 0 0 0 0 0 0 0 0 0 0 0 0 0 0 0 0 0 0 0 0 0 0 0 0 0 0 0 0 0 0 0 0 0 0 0 0 0 0 0 0 0 0 0 0 0 0 0 0 0 0 0 0 0 0 0 0
1626470737 0 0 0 0 0 0 0 0 0 0 0 0 0 0 0 0 0 0 0 0 0 0 0 0 0 0 0 0 0 0 0 0 0 0 0 0 0 0 0 0 0 0 0 0 0 0 0 0 0 0 0 0 0 0 0 0 0 0 0 0 0 0 0 0 0 0 0 0 0 0 0 0 0 0 0 0 0 0 0 0
1626499652 0 0 0 0 0 0 0 0 0 0 0 0 0 0 0 0 0 0 0 0 0 0 0 0 0 0 0 0 0 0 0 0 0 0 0 0 0 0 0 0 0 0 0 0 0 0 0 0 0 0 0 0 0 0 0 0 0 0 0 0 0 0 0 0 0 0 0 0 0 0 0 0 0 0 0 0 0 0 0 0
1626547565 0 0 0 0 0 0 0 0 0 0 0 0 0 0 0 0 0 0 0 0 0 0 0 0 0 0 0 0 0 0 0 0 0 0 0 0 0 0 0 0 0 0 0 0 0 0 0 0 0 0 0 0 0 0 0 0 0 0 0 0 0 0 0 0 0 0 0 0 0 0 0 0 0 0 0 0 0 0 0 0
1626588642 0 0 0 0 0 0 0 0 0 0 0 0 0 0 0 0 0 0 0 0 0 0 0 0 0 0 0 0 0 0 0 0 0 0 0 0 0 0 0 0 0 0 0 0 0 0 0 0 0 0 0 0 0 0 0 0 0 0 0 0 0 0 0 0 0 0 0 0 0 0 0 0 0 0 0 0 0 0 0 0
1626621617 0 0 0 0 0 0 0 0 0 0 0 0 0 0 0 0 0 0 0 0 0 0 0 0 0 0 0 0 0 0 0 0 0 0 0 0 0 0 0 0 0 0 0 0 0 0 0 0 0 0 0 0 0 0 0 0 0 0 0 0 0 0 0 0 0 0 0 0 0 0 0 0 0 0 0 0 0 0 0 0
1626654692 0 0 0 0 0 0 0 0 0 0 0 0 0 0 0 0 0 0 0 0 0 0 0 0 0 0 0 0 0 0 0 0 0 0 0 0 0 0 0 0 0 0 0 0 0 0 0 0 0 0 0 0 0 0 0 0 0 0 0 0 0 0 0 0 0 0 0 0 0 0 0 0 0 0 0 0 0 0 0 0
1626682584 0 0 0 0 0 0 0 0 0 0 0 0 0 0 0 0 0 0 0 0 0 0 0 0 0 0 0 0 0 0 0 0 0 0 0 0 0 0 0 0 0 0 0 0 0 0 0 0 0 0 0 0 0 0 0 0 0 0 0 0 0 0 0 0 0 0 0 0 0 0 0 0 0 0 0 0 0 0 0 0
1626721372 0 0 0 0 0 0 0 0 0 0 0 0 0 0 0 0 0 0 0 0 0 0 0 0 0 0 0 0 0 0 0 0 0 0 0 0 0 0 0 0 0 0 0 0 0 0 0 0 0 0 0 0 0 0 0 0 0 0 0 0 0 0 0 0 0 0 0 0 0 0 0 0 0 0 0 0 0 0 0 0
1626751863 0 0 0 0 0 0 0 0 0 0 0 0 0 0 0 0 0 0 0 0 0 0 0 0 0 0 0 0 0 0 0 0 0 0 0 0 0 0 0 0 0 0 0 0 0 0 0 0 0 0 0 0 0 0 0 0 0 0 0 0 0 0 0 0 0 0 0 0 0 0 0 0 0 0 0 0 0 0 0 0
1626783372 0 0 0 0 0 0 0 0 0 0 0 0 0 0 0 0 0 0 0 0 0 0 0 0 0 0 0 0 0 0 0 0 0 0 0 0 0 0 0 0 0 0 0 0 0 0 0 0 0 0 0 0 0 0 0 0 0 0 0 0 0 0 0 0 0 0 0 0 0 0 0 0 0 0 0 0 0 0 0 0
1626813690 0 0 0 0 0 0 0 0 0 0 0 0 0 0 0 0 0 0 0 0 0 0 0 0 0 0 0 0 0 0 0 0 0 0 0 0 0 0 0 0 0 0 0 0 0 0 0 0 0 0 0 0 0 0 0 0 0 0 0 0 0 0 0 0 0 0 0 0 0 0 0 0 0 0 0 0 0 0 0 0
1626856867 0 0 0 0 0 0 0 0 0 0 0 0 0 0 0 0 0 0 0 0 0 0 0 0 0 0 0 0 0 0 0 0 0 0 0 0 0 0 0 0 0 0 0 0 0 0 0 0 0 0 0 0 0 0 0 0 0 0 0 0 0 0 0 0 0 0 0 0 0 0 0 0 0 0 0 0 0 0 0 0
1626890098 0 0 0 0 0 0 0 0 0 0 0 0 0 0 0 0 0 0 0 0 0 0 0 0 0 0 0 0 0 0 0 0 0 0 0 0 0 0 0 0 0 0 0 0 0 0 0 0 0 0 0 0 0 0 0 0 0 0 0 0 0 0 0 0 0 0 0 0 0 0 0 0 0 0 0 0 0 0 0 0
1626923039 -0.138129 0.209948 2.878932 1.000000 -0.138781 0.279563 2.907184 1.000000 -0.145630 0.638672 2.894781 1.000000 -0.133942 0.805176 2.816116 1.000000 -0.321777 0.533203 2.883062 1.000000 -0.473389 0.406982 2.767038 1.000000 -0.355360 0.322734 2.670041 1.000000 -0.330773 0.297575 2.628872 1.000000 0.015388 0.553223 2.877203 1.000000 0.109244 0.408000 2.705628 1.000000 -0.041725 0.455561 2.637239 1.000000 -0.089039 0.453684 2.610965 1.000000 -0.212657 0.129224 2.866107 1.000000 -0.259521 -0.408203 2.898687 1.000000 -0.281982 -0.802734 2.970163 1.000000 -0.317139 -0.854980 2.933054 1.000000 -0.060933 0.138232 2.881732 1.000000 -0.034271 -0.403320 2.910406 1.000000 -0.028824 -0.786621 2.987741 1.000000 -0.030834 -0.824446 2.917692 1.000000
1626957641 -0.138861 0.210487 2.881358 1.000000 -0.139314 0.279907 2.909529 1.000000 -0.145134 0.638467 2.896772 1.000000 -0.134285 0.806423 2.814963 1.000000 -0.321538 0.533523 2.884595 1.000000 -0.482934 0.409846 2.756729 1.000000 -0.330901 0.351765 2.664125 1.000000 -0.283581 0.328510 2.633769 1.000000 0.014375 0.550894 2.879571 1.000000 0.114644 0.404597 2.700295 1.000000 -0.048750 0.466491 2.639323 1.000000 -0.103872 0.487626 2.624617 1.000000 -0.213676 0.130858 2.867976 1.000000 -0.259636 -0.408260 2.901384 1.000000 -0.282571 -0.805208 2.973267 1.000000 -0.320970 -0.857784 2.933965 1.000000 -0.062235 0.138571 2.884239 1.000000 -0.034395 -0.403431 2.913091 1.000000 -0.028283 -0.786727 2.989645 1.000000 -0.012192 -0.860211 2.978480 1.000000
1626990592 -0.139781 0.211784 2.879096 1.000000 -0.140477 0.281535 2.906546 1.000000 -0.145485 0.640632 2.891787 1.000000 -0.134817 0.806337 2.811520 1.000000 -0.320734 0.534907 2.882196 1.000000 -0.483654 0.414587 2.739867 1.000000 -0.304931 0.419322 2.673942 1.000000 -0.251612 0.392325 2.652344 1.000000 0.013662 0.548620 2.880236 1.000000 0.114521 0.409324 2.699052 1.000000 -0.049584 0.482724 2.636590 1.000000 -0.104286 0.507190 2.620141 1.000000 -0.214389 0.133997 2.863854 1.000000 -0.260057 -0.408091 2.901121 1.000000 -0.282992 -0.806236 2.974591 1.000000 -0.323717 -0.860182 2.932864 1.000000 -0.063215 0.138969 2.883914 1.000000 -0.034775 -0.404007 2.912119 1.000000 -0.027185 -0.787048 2.991224 1.000000 -0.012003 -0.863915 2.978160 1.000000
1627025142 -0.140156 0.210265 2.874049 1.000000 -0.140695 0.280833 2.900089 1.000000 -0.140381 0.642334 2.881187 1.000000 -0.134770 0.806055 2.812130 1.000000 -0.319304 0.534374 2.878173 1.000000 -0.477013 0.420077 2.730311 1.000000 -0.302632 0.475139 2.671214 1.000000 -0.256190 0.486953 2.627636 1.000000 0.012056 0.542646 2.881825 1.000000 0.114425 0.409086 2.699273 1.000000 -0.046045 0.494886 2.636728 1.000000 -0.099535 0.523486 2.620294 1.000000 -0.214594 0.133895 2.859086 1.000000 -0.260534 -0.407983 2.897654 1.000000 -0.283353 -0.807089 2.974941 1.000000 -0.325093 -0.861602 2.932028 1.000000 -0.064890 0.137132 2.880571 1.000000 -0.034804 -0.403688 2.909067 1.000000 -0.027066 -0.786898 2.991350 1.000000 -0.010610 -0.864799 2.976649 1.000000
1627057996 -0.142898 0.206705 2.867029 1.000000 -0.144280 0.276752 2.893179 1.000000 -0.146990 0.635835 2.877426 1.000000 -0.132355 0.806943 2.811768 1.000000 -0.318319 0.532897 2.870449 1.000000 -0.474093 0.431498 2.723593 1.000000 -0.314904 0.521145 2.667724 1.000000 -0.227830 0.541567 2.665958 1.000000 0.011343 0.512258 2.877523 1.000000 0.114736 0.409071 2.699947 1.000000 -0.032277 0.510697 2.629636 1.000000 -0.081281 0.544572 2.610643 1.000000 -0.216407 0.133541 2.851517 1.000000 -0.261903 -0.408468 2.890029 1.000000 -0.285113 -0.808619 2.976042 1.000000 -0.327223 -0.863337 2.931153 1.000000 -0.068159 0.129030 2.872137 1.000000 -0.034461 -0.405624 2.902990 1.000000 -0.027439 -0.787275 2.991721 1.000000 -0.009458 -0.866206 2.976588 1.000000
1627090686 -0.143976 0.205428 2.863492 1.000000 -0.146202 0.275426 2.891369 1.000000 -0.146326 0.635034 2.879339 1.000000 -0.131647 0.808170 2.808342 1.000000 -0.314265 0.517643 2.862440 1.000000 -0.473144 0.435887 2.722974 1.000000 -0.336534 0.555416 2.667422 1.000000 -0.248249 0.572153 2.674117 1.000000 -0.003093 0.490075 2.883962 1.000000 0.112859 0.406477 2.702821 1.000000 -0.027817 0.564941 2.633671 1.000000 -0.070812 0.609903 2.609890 1.000000 -0.216043 0.135395 2.845926 1.000000 -0.262518 -0.406786 2.882296 1.000000 -0.285662 -0.808889 2.976051 1.000000 -0.342875 -0.865650 2.957104 1.000000 -0.071929 0.128500 2.867515 1.000000 -0.035679 -0.409541 2.900273 1.000000 -0.026086 -0.786822 2.992339 1.000000 -0.003852 -0.861007 2.963075 1.000000
1627124899 -0.145184 0.212764 2.857143 1.000000 -0.146100 0.280385 2.887894 1.000000 -0.142010 0.637351 2.881480 1.000000 -0.131886 0.808779 2.806895 1.000000 -0.313227 0.525124 2.866519 1.000000 -0.471454 0.438398 2.722487 1.000000 -0.354421 0.578211 2.674646 1.000000 -0.309238 0.616352 2.647346 1.000000 -0.003257 0.489915 2.883532 1.000000 0.106757 0.401643 2.703874 1.000000 -0.021351 0.593052 2.639626 1.000000 -0.063725 0.637364 2.616189 1.000000 -0.217305 0.152628 2.835173 1.000000 -0.263635 -0.409960 2.868872 1.000000 -0.287411 -0.811038 2.976711 1.000000 -0.342265 -0.867728 2.951276 1.000000 -0.075309 0.133826 2.861135 1.000000 -0.036037 -0.409926 2.898031 1.000000 -0.025873 -0.786842 2.992168 1.000000 -0.005153 -0.862473 2.965333 1.000000
1627157771 -0.146061 0.213604 2.856278 1.000000 -0.146924 0.280525 2.888713 1.000000 -0.142594 0.635987 2.884826 1.000000 -0.130341 0.808927 2.806058 1.000000 -0.313492 0.531537 2.867211 1.000000 -0.468395 0.440278 2.721594 1.000000 -0.365939 0.587237 2.661228 1.000000 -0.317194 0.626016 2.651183 1.000000 -0.003218 0.489840 2.883449 1.000000 0.112363 0.387138 2.710531 1.000000 0.031555 0.556152 2.674637 1.000000 -0.010818 0.600464 2.651199 1.000000 -0.217959 0.153574 2.834653 1.000000 -0.266607 -0.412211 2.858676 1.000000 -0.290884 -0.810758 2.974565 1.000000 -0.337751 -0.868948 2.938451 1.000000 -0.076452 0.133859 2.859644 1.000000 -0.036637 -0.411853 2.895460 1.000000 -0.024683 -0.785015 2.988202 1.000000 -0.003231 -0.863061 2.969891 1.000000
1627190879 -0.150179 0.207110 2.852866 1.000000 -0.151142 0.274732 2.888670 1.000000 -0.146356 0.633475 2.890703 1.000000 -0.129974 0.808332 2.808187 1.000000 -0.312941 0.532353 2.868240 1.000000 -0.458854 0.445090 2.716777 1.000000 -0.369846 0.599469 2.653542 1.000000 -0.338970 0.639526 2.646520 1.000000 -0.003415 0.500107 2.887621 1.000000 0.113355 0.386149 2.713234 1.000000 0.045376 0.569715 2.652112 1.000000 0.046671 0.626599 2.624190 1.000000 -0.221368 0.144915 2.831084 1.000000 -0.268958 -0.413692 2.847596 1.000000 -0.291732 -0.810521 2.974205 1.000000 -0.335137 -0.868251 2.933693 1.000000 -0.080863 0.129613 2.855165 1.000000 -0.036613 -0.412534 2.890951 1.000000 -0.024122 -0.784544 2.987097 1.000000 -0.004059 -0.863184 2.970629 1.000000
1627224622 -0.153919 0.205618 2.852015 1.000000 -0.155248 0.272635 2.890089 1.000000 -0.149415 0.632291 2.895316 1.000000 -0.130139 0.807303 2.808439 1.000000 -0.313539 0.532113 2.868350 1.000000 -0.454131 0.438822 2.701027 1.000000 -0.384864 0.605987 2.645186 1.000000 -0.348521 0.657526 2.635183 1.000000 -0.001358 0.503994 2.890605 1.000000 0.120247 0.357429 2.726146 1.000000 0.059305 0.584000 2.650462 1.000000 0.064907 0.646228 2.637288 1.000000 -0.226551 0.140642 2.829739 1.000000 -0.271424 -0.414301 2.837989 1.000000 -0.297729 -0.809594 2.964526 1.000000 -0.335494 -0.874660 2.929646 1.000000 -0.084606 0.128544 2.853313 1.000000 -0.036349 -0.415386 2.880938 1.000000 -0.023144 -0.788044 2.984206 1.000000 -0.005574 -0.867569 2.968605 1.000000
1627257513 -0.157401 0.202352 2.850153 1.000000 -0.159904 0.268582 2.889994 1.000000 -0.155174 0.628249 2.896659 1.000000 -0.132347 0.802138 2.811115 1.000000 -0.316186 0.527504 2.865354 1.000000 -0.448732 0.430875 2.693959 1.000000 -0.410491 0.607632 2.635809 1.000000 -0.409919 0.666092 2.609262 1.000000 -0.001066 0.503415 2.891664 1.000000 0.112856 0.350544 2.737737 1.000000 0.098940 0.577420 2.651388 1.000000 0.096772 0.640878 2.641846 1.000000 -0.230117 0.135372 2.827670 1.000000 -0.275117 -0.412838 2.826360 1.000000 -0.299487 -0.809174 2.961115 1.000000 -0.334673 -0.876253 2.927177 1.000000 -0.087133 0.125970 2.851095 1.000000 -0.036130 -0.415523 2.874804 1.000000 -0.020607 -0.783027 2.976010 1.000000 -0.012700 -0.828517 2.889966 1.000000
1627290805 -0.161531 0.197278 2.849012 1.000000 -0.164760 0.263535 2.890171 1.000000 -0.158789 0.625066 2.895628 1.000000 -0.135433 0.799539 2.810193 1.000000 -0.319475 0.521222 2.863307 1.000000 -0.447560 0.420817 2.688631 1.000000 -0.456744 0.599343 2.622763 1.000000 -0.444773 0.662118 2.613778 1.000000 0.000486 0.485308 2.892487 1.000000 0.109354 0.338487 2.747487 1.000000 0.151453 0.573071 2.652072 1.000000 0.169879 0.632832 2.636136 1.000000 -0.234779 0.128566 2.826390 1.000000 -0.277905 -0.414614 2.822853 1.000000 -0.300829 -0.809241 2.960719 1.000000 -0.334282 -0.876961 2.926041 1.000000 -0.090689 0.119970 2.850221 1.000000 -0.035478 -0.414957 2.864256 1.000000 -0.018027 -0.780329 2.971152 1.000000 -0.008972 -0.825886 2.885109 1.000000
1627324980 -0.165522 0.191809 2.849025 1.000000 -0.169190 0.258218 2.891551 1.000000 -0.163031 0.621657 2.896207 1.000000 -0.135789 0.798358 2.810945 1.000000 -0.322621 0.516726 2.862285 1.000000 -0.435060 0.377667 2.699957 1.000000 -0.500977 0.564941 2.610643 1.000000 -0.509130 0.629588 2.603655 1.000000 -0.002959 0.479628 2.892826 1.000000 0.094299 0.298584 2.784381 1.000000 0.161133 0.448486 2.679003 1.000000 0.194821 0.528654 2.661708 1.000000 -0.237994 0.123473 2.826425 1.000000 -0.280243 -0.417688 2.819044 1.000000 -0.302077 -0.810236 2.959965 1.000000 -0.345766 -0.879169 2.942998 1.000000 -0.094321 0.114880 2.850443 1.000000 -0.036240 -0.414175 2.857700 1.000000 -0.016505 -0.778544 2.968175 1.000000 -0.006978 -0.824232 2.881925 1.000000
1627357591 -0.169121 0.187673 2.848840 1.000000 -0.173206 0.253759 2.892616 1.000000 -0.166786 0.617098 2.896626 1.000000 -0.141091 0.794114 2.810580 1.000000 -0.327414 0.511286 2.862263 1.000000 -0.458141 0.359329 2.694336 1.000000 -0.558105 0.536133 2.602892 1.000000 -0.566285 0.600983 2.595882 1.000000 -0.005755 0.477859 2.895266 1.000000 0.073526 0.293263 2.812307 1.000000 0.196197 0.424809 2.673652 1.000000 0.236266 0.475863 2.663184 1.000000 -0.241728 0.119012 2.826543 1.000000 -0.281316 -0.419345 2.819160 1.000000 -0.302404 -0.810179 2.959908 1.000000 -0.342441 -0.880894 2.940816 1.000000 -0.097664 0.110894 2.849938 1.000000 -0.037243 -0.413267 2.851682 1.000000 -0.015018 -0.778024 2.965886 1.000000 -0.004983 -0.823767 2.879565 1.000000
1627392050 -0.173982 0.185217 2.849534 1.000000 -0.178057 0.250989 2.894264 1.000000 -0.172383 0.613149 2.896190 1.000000 -0.147023 0.789990 2.808827 1.000000 -0.337892 0.505648 2.866123 1.000000 -0.462534 0.326628 2.709435 1.000000 -0.586814 0.429110 2.599520 1.000000 -0.630690 0.468873 2.570270 1.000000 -0.009610 0.474322 2.898012 1.000000 0.059030 0.279421 2.834678 1.000000 0.197209 0.332832 2.705841 1.000000 0.241521 0.375660 2.682095 1.000000 -0.248075 0.114968 2.826921 1.000000 -0.282166 -0.419046 2.820175 1.000000 -0.302952 -0.810112 2.960222 1.000000 -0.340116 -0.882286 2.939765 1.000000 -0.101716 0.107811 2.851168 1.000000 -0.037343 -0.413369 2.850070 1.000000 -0.014159 -0.777235 2.963862 1.000000 -0.004710 -0.823122 2.877226 1.000000
1627424901 -0.179962 0.179674 2.850887 1.000000 -0.184167 0.245430 2.896070 1.000000 -0.177651 0.606170 2.894196 1.000000 -0.154284 0.782172 2.804637 1.000000 -0.342161 0.504473 2.868609 1.000000 -0.430176 0.308105 2.753312 1.000000 -0.584615 0.323239 2.634124 1.000000 -0.637528 0.314821 2.595642 1.000000 -0.015264 0.470289 2.901608 1.000000 0.052564 0.275160 2.842274 1.000000 0.237061 0.303223 2.710373 1.000000 0.318028 0.340765 2.710373 1.000000 -0.254969 0.108824 2.829696 1.000000 -0.284538 -0.421060 2.827619 1.000000 -0.302482 -0.809969 2.961075 1.000000 -0.337697 -0.878846 2.937713 1.000000 -0.106899 0.102301 2.852360 1.000000 -0.037941 -0.412474 2.846388 1.000000 -0.015112 -0.785000 2.966412 1.000000 -0.005621 -0.829348 2.882858 1.000000
1627457870 -0.185095 0.178877 2.852376 1.000000 -0.190010 0.244085 2.898264 1.000000 -0.193112 0.600723 2.892651 1.000000 -0.168147 0.776412 2.799342 1.000000 -0.353318 0.497169 2.874656 1.000000 -0.426067 0.302315 2.781732 1.000000 -0.555184 0.221893 2.658637 1.000000 -0.607101 0.234408 2.621553 1.000000 -0.022661 0.471907 2.903814 1.000000 0.049032 0.273840 2.847528 1.000000 0.247314 0.246704 2.729924 1.000000 0.324219 0.263672 2.718205 1.000000 -0.258154 0.107593 2.831978 1.000000 -0.286312 -0.421521 2.833659 1.000000 -0.296869 -0.812457 2.967333 1.000000 -0.335435 -0.872523 2.935141 1.000000 -0.111492 0.102156 2.853351 1.000000 -0.039740 -0.411964 2.844063 1.000000 -0.013683 -0.787915 2.966887 1.000000 -0.005897 -0.830910 2.885786 1.000000
1627491731 -0.189702 0.177989 2.855072 1.000000 -0.194442 0.243328 2.901021 1.000000 -0.196345 0.599653 2.891779 1.000000 -0.177169 0.775029 2.797915 1.000000 -0.359897 0.495409 2.878138 1.000000 -0.434665 0.299899 2.803987 1.000000 -0.545174 0.188520 2.688277 1.000000 -0.582011 0.151394 2.654255 1.000000 -0.030197 0.472601 2.906664 1.000000 0.045075 0.270321 2.852570 1.000000 0.173076 0.145941 2.782531 1.000000 0.222821 0.120230 2.752721 1.000000 -0.263525 0.105868 2.837514 1.000000 -0.289942 -0.424454 2.844746 1.000000 -0.295300 -0.813473 2.970039 1.000000 -0.339789 -0.870031 2.938450 1.000000 -0.115255 0.101835 2.855391 1.000000 -0.042442 -0.414073 2.840518 1.000000 -0.013481 -0.789777 2.966347 1.000000 -0.002771 -0.865504 2.948275 1.000000
1627524852 -0.197463 0.179763 2.859669 1.000000 -0.201274 0.245068 2.904297 1.000000 -0.202304 0.598406 2.889457 1.000000 -0.184816 0.773368 2.790067 1.000000 -0.369851 0.497106 2.882458 1.000000 -0.452153 0.277647 2.808456 1.000000 -0.547647 0.143717 2.703761 1.000000 -0.579478 0.099074 2.673405 1.000000 -0.034536 0.472544 2.907872 1.000000 0.044663 0.254570 2.853818 1.000000 0.174975 0.134729 2.776896 1.000000 0.253065 0.097693 2.779775 1.000000 -0.272449 0.106549 2.844587 1.000000 -0.292830 -0.422858 2.849165 1.000000 -0.294067 -0.805806 2.967659 1.000000 -0.338540 -0.866111 2.942219 1.000000 -0.121851 0.103097 2.860144 1.000000 -0.045801 -0.412649 2.837480 1.000000 -0.012690 -0.794718 2.967505 1.000000 -0.006076 -0.838416 2.885569 1.000000
1627557628 -0.203542 0.180090 2.865163 1.000000 -0.207362 0.246064 2.907671 1.000000 -0.209267 0.597744 2.887070 1.000000 -0.187730 0.773324 2.788670 1.000000 -0.372980 0.498138 2.883670 1.000000 -0.454898 0.259684 2.810645 1.000000 -0.576837 0.062542 2.687577 1.000000 -0.619083 -0.011024 2.668343 1.000000 -0.041380 0.474343 2.908894 1.000000 0.042269 0.248447 2.858964 1.000000 0.203565 0.059140 2.783210 1.000000 0.244075 0.038693 2.828758 1.000000 -0.278592 0.106939 2.853512 1.000000 -0.295348 -0.423381 2.853008 1.000000 -0.293417 -0.809570 2.972605 1.000000 -0.336948 -0.866509 2.937778 1.000000 -0.127808 0.103992 2.865957 1.000000 -0.048573 -0.413338 2.837636 1.000000 -0.011544 -0.789318 2.962380 1.000000 -0.006462 -0.868395 2.953957 1.000000
1627591882 -0.209276 0.182280 2.871246 1.000000 -0.212788 0.248725 2.910208 1.000000 -0.215282 0.597346 2.883371 1.000000 -0.190978 0.774475 2.784402 1.000000 -0.380727 0.501108 2.885031 1.000000 -0.449407 0.254060 2.816738 1.000000 -0.533146 0.024237 2.715679 1.000000 -0.567383 -0.102905 2.706335 1.000000 -0.051919 0.481848 2.910709 1.000000 0.036864 0.239126 2.857834 1.000000 0.151309 0.014521 2.781499 1.000000 0.205224 -0.049845 2.808196 1.000000 -0.284059 0.108854 2.862339 1.000000 -0.299218 -0.422948 2.857267 1.000000 -0.296522 -0.810777 2.975938 1.000000 -0.337362 -0.867443 2.936530 1.000000 -0.133895 0.107057 2.873676 1.000000 -0.057252 -0.406256 2.836049 1.000000 -0.011663 -0.789426 2.961929 1.000000 -0.049835 -0.859954 2.962733 1.000000
1627624785 -0.217312 0.182055 2.875954 1.000000 -0.220952 0.249985 2.911881 1.000000 -0.225920 0.600779 2.880425 1.000000 -0.195487 0.775147 2.779907 1.000000 -0.385010 0.502408 2.886197 1.000000 -0.447597 0.250603 2.819122 1.000000 -0.484078 0.000718 2.733547 1.000000 -0.510254 -0.124084 2.725832 1.000000 -0.057567 0.478925 2.908442 1.000000 0.013868 0.231910 2.855585 1.000000 0.080139 0.009491 2.776613 1.000000 0.123201 -0.067733 2.792219 1.000000 -0.291011 0.108933 2.868378 1.000000 -0.304100 -0.421836 2.861716 1.000000 -0.296723 -0.810612 2.975490 1.000000 -0.337657 -0.870485 2.939486 1.000000 -0.141741 0.106736 2.878489 1.000000 -0.062200 -0.409584 2.840667 1.000000 -0.014550 -0.799653 2.971346 1.000000 -0.008876 -0.845363 2.887959 1.000000
1627658813 -0.223290 0.181651 2.878851 1.000000 -0.227194 0.250545 2.911151 1.000000 -0.233385 0.601900 2.876704 1.000000 -0.199926 0.775526 2.777972 1.000000 -0.387558 0.503574 2.885895 1.000000 -0.441000 0.246265 2.822799 1.000000 -0.442047 -0.017911 2.784618 1.000000 -0.440847 -0.108863 2.776939 1.000000 -0.066349 0.481598 2.910138 1.000000 -0.015253 0.224153 2.862478 1.000000 0.011208 0.014069 2.790264 1.000000 0.033509 -0.073327 2.776215 1.000000 -0.294937 0.109407 2.871300 1.000000 -0.307995 -0.421208 2.867538 1.000000 -0.297547 -0.810246 2.974082 1.000000 -0.338235 -0.871692 2.939163 1.000000 -0.149821 0.107128 2.883401 1.000000 -0.069990 -0.410038 2.845445 1.000000 -0.021268 -0.806245 2.981981 1.000000 -0.015011 -0.852620 2.898225 1.000000
1627691636 -0.224870 0.182244 2.879809 1.000000 -0.229262 0.251390 2.909516 1.000000 -0.236006 0.602983 2.876771 1.000000 -0.205345 0.775896 2.775792 1.000000 -0.391985 0.504567 2.886769 1.000000 -0.432713 0.241769 2.826000 1.000000 -0.418090 -0.011043 2.778988 1.000000 -0.405423 -0.096419 2.743313 1.000000 -0.075035 0.491557 2.914367 1.000000 -0.035636 0.227209 2.866358 1.000000 -0.020993 0.016324 2.794969 1.000000 -0.018367 -0.073796 2.770603 1.000000 -0.296184 0.110056 2.872791 1.000000 -0.310440 -0.420481 2.875456 1.000000 -0.298721 -0.809711 2.976879 1.000000 -0.337448 -0.871079 2.938829 1.000000 -0.151218 0.108254 2.884004 1.000000 -0.074004 -0.415318 2.855152 1.000000 -0.020989 -0.808240 2.983631 1.000000 -0.013767 -0.854878 2.899577 1.000000
1627725011 -0.225860 0.183019 2.880239 1.000000 -0.230415 0.252267 2.907260 1.000000 -0.238735 0.603115 2.875286 1.000000 -0.211893 0.777914 2.773682 1.000000 -0.395466 0.505042 2.887197 1.000000 -0.430502 0.238887 2.828135 1.000000 -0.411341 0.049354 2.754137 1.000000 -0.385883 -0.040923 2.740467 1.000000 -0.079771 0.496402 2.916412 1.000000 -0.046390 0.229021 2.867120 1.000000 -0.058946 0.023782 2.773986 1.000000 -0.055756 -0.046906 2.756974 1.000000 -0.297128 0.110779 2.873558 1.000000 -0.312002 -0.419413 2.880386 1.000000 -0.299156 -0.809556 2.976860 1.000000 -0.337492 -0.871364 2.938576 1.000000 -0.151839 0.109861 2.884645 1.000000 -0.077523 -0.413747 2.859136 1.000000 -0.021078 -0.808176 2.983420 1.000000 -0.013402 -0.855056 2.899196 1.000000
1627758652 -0.227188 0.185124 2.881458 1.000000 -0.231829 0.254321 2.905844 1.000000 -0.240922 0.604172 2.875042 1.000000 -0.215836 0.776718 2.771546 1.000000 -0.398731 0.506725 2.887423 1.000000 -0.431325 0.237241 2.847402 1.000000 -0.376099 0.019897 2.740291 1.000000 -0.341003 -0.034949 2.713716 1.000000 -0.083467 0.500591 2.917431 1.000000 -0.058513 0.247953 2.877459 1.000000 -0.079026 0.068296 2.776487 1.000000 -0.100350 -0.006152 2.721202 1.000000 -0.298388 0.112334 2.875003 1.000000 -0.312746 -0.419356 2.883292 1.000000 -0.302269 -0.810660 2.980713 1.000000 -0.336625 -0.869099 2.933914 1.000000 -0.152550 0.113860 2.886281 1.000000 -0.080860 -0.414162 2.866040 1.000000 -0.023988 -0.784247 2.966842 1.000000 -0.016089 -0.831308 2.882493 1.000000
1627791740 -0.229105 0.187307 2.883792 1.000000 -0.233542 0.256325 2.904621 1.000000 -0.242494 0.604781 2.873165 1.000000 -0.218224 0.778218 2.771979 1.000000 -0.402471 0.509613 2.887054 1.000000 -0.448348 0.265304 2.869153 1.000000 -0.369873 0.094513 2.746102 1.000000 -0.387023 0.058927 2.688478 1.000000 -0.087328 0.506635 2.919761 1.000000 -0.063312 0.252076 2.882181 1.000000 -0.085604 0.074366 2.776543 1.000000 -0.118234 0.028016 2.700904 1.000000 -0.300280 0.114214 2.878504 1.000000 -0.313500 -0.418143 2.886849 1.000000 -0.302091 -0.810651 2.980373 1.000000 -0.333318 -0.866670 2.928553 1.000000 -0.154576 0.117293 2.889685 1.000000 -0.083403 -0.415367 2.870897 1.000000 -0.022454 -0.795859 2.972119 1.000000 -0.018666 -0.877587 2.961881 1.000000
1627824617 -0.232594 0.189368 2.887179 1.000000 -0.236653 0.258589 2.905066 1.000000 -0.243888 0.605985 2.873810 1.000000 -0.220449 0.779739 2.771193 1.000000 -0.404810 0.510889 2.886861 1.000000 -0.461180 0.278725 2.878399 1.000000 -0.394067 0.134397 2.741091 1.000000 -0.347168 0.143799 2.713850 1.000000 -0.090171 0.509291 2.920228 1.000000 -0.065432 0.260894 2.890615 1.000000 -0.134503 0.140176 2.731115 1.000000 -0.159778 0.120654 2.641870 1.000000 -0.303129 0.116489 2.882209 1.000000 -0.313954 -0.417585 2.889462 1.000000 -0.302153 -0.810593 2.980793 1.000000 -0.331618 -0.865294 2.926166 1.000000 -0.159028 0.119625 2.893272 1.000000 -0.085390 -0.412336 2.874619 1.000000 -0.023807 -0.787947 2.970224 1.000000 -0.014978 -0.835636 2.885838 1.000000
1627858689 -0.235476 0.191058 2.889649 1.000000 -0.239127 0.260379 2.904935 1.000000 -0.244986 0.607143 2.874396 1.000000 -0.222460 0.780248 2.771039 1.000000 -0.407192 0.513636 2.886276 1.000000 -0.475747 0.289438 2.883990 1.000000 -0.378611 0.195356 2.720837 1.000000 -0.293144 0.200623 2.680058 1.000000 -0.092521 0.511220 2.920627 1.000000 -0.065573 0.270622 2.895545 1.000000 -0.151227 0.240601 2.682226 1.000000 -0.178579 0.231015 2.618396 1.000000 -0.304315 0.118290 2.884064 1.000000 -0.314912 -0.416966 2.893899 1.000000 -0.303771 -0.812438 2.983588 1.000000 -0.334692 -0.867009 2.929315 1.000000 -0.165031 0.121504 2.897145 1.000000 -0.086180 -0.411428 2.878644 1.000000 -0.024480 -0.786553 2.970832 1.000000 -0.015366 -0.834493 2.886329 1.000000
1627891690 -0.238833 0.196680 2.892181 1.000000 -0.242209 0.265301 2.905029 1.000000 -0.246640 0.608671 2.874912 1.000000 -0.226118 0.781265 2.770792 1.000000 -0.408874 0.515373 2.885907 1.000000 -0.477454 0.291606 2.881812 1.000000 -0.370296 0.256821 2.700914 1.000000 -0.280796 0.272626 2.673158 1.000000 -0.094896 0.516095 2.923010 1.000000 -0.065532 0.272680 2.895500 1.000000 -0.218652 0.298380 2.657434 1.000000 -0.284082 0.275912 2.645289 1.000000 -0.306340 0.124312 2.886976 1.000000 -0.315405 -0.416198 2.894958 1.000000 -0.305499 -0.814136 2.985417 1.000000 -0.335447 -0.867213 2.928663 1.000000 -0.169256 0.126718 2.899393 1.000000 -0.086572 -0.411358 2.881452 1.000000 -0.024123 -0.786051 2.971432 1.000000 -0.009837 -0.865600 2.951354 1.000000
1627925808 -0.242672 0.201200 2.894200 1.000000 -0.246024 0.269535 2.905003 1.000000 -0.251257 0.610941 2.875492 1.000000 -0.227333 0.781961 2.770984 1.000000 -0.415476 0.520536 2.887766 1.000000 -0.478791 0.292630 2.878599 1.000000 -0.360840 0.313477 2.700204 1.000000 -0.275045 0.334510 2.664779 1.000000 -0.097098 0.518114 2.925316 1.000000 -0.066879 0.274935 2.891950 1.000000 -0.220858 0.299671 2.654188 1.000000 -0.315741 0.303257 2.660702 1.000000 -0.309703 0.128369 2.888548 1.000000 -0.316303 -0.415050 2.898607 1.000000 -0.304814 -0.813615 2.984803 1.000000 -0.334587 -0.867059 2.927884 1.000000 -0.172265 0.129864 2.901727 1.000000 -0.086964 -0.408389 2.884686 1.000000 -0.025066 -0.782943 2.970932 1.000000 -0.016971 -0.864649 2.955406 1.000000
1627958774 -0.244268 0.202603 2.895848 1.000000 -0.248191 0.271127 2.905277 1.000000 -0.257276 0.614157 2.879012 1.000000 -0.233066 0.782884 2.771285 1.000000 -0.419050 0.520660 2.888447 1.000000 -0.477808 0.287478 2.867497 1.000000 -0.363509 0.337319 2.688804 1.000000 -0.273189 0.353973 2.663432 1.000000 -0.101318 0.522031 2.929876 1.000000 -0.067467 0.276459 2.891464 1.000000 -0.221976 0.301197 2.653764 1.000000 -0.310678 0.335987 2.653102 1.000000 -0.311105 0.129351 2.889485 1.000000 -0.316446 -0.414826 2.898896 1.000000 -0.305017 -0.813745 2.985197 1.000000 -0.335388 -0.867027 2.928094 1.000000 -0.173180 0.131243 2.903733 1.000000 -0.087636 -0.407748 2.887477 1.000000 -0.024543 -0.782547 2.972427 1.000000 -0.013078 -0.863704 2.954984 1.000000
1627991825 -0.245474 0.204212 2.897192 1.000000 -0.249510 0.272709 2.905174 1.000000 -0.260396 0.615374 2.880458 1.000000 -0.235931 0.783150 2.772623 1.000000 -0.424391 0.523128 2.889067 1.000000 -0.478522 0.285677 2.864441 1.000000 -0.362455 0.355152 2.681285 1.000000 -0.275022 0.381365 2.653547 1.000000 -0.102638 0.523268 2.930514 1.000000 -0.067719 0.276710 2.891601 1.000000 -0.224001 0.303030 2.654924 1.000000 -0.313012 0.337328 2.653592 1.000000 -0.312533 0.130296 2.890371 1.000000 -0.316855 -0.414595 2.899950 1.000000 -0.304323 -0.813142 2.984197 1.000000 -0.334777 -0.866905 2.927237 1.000000 -0.173390 0.132593 2.905304 1.000000 -0.088457 -0.406819 2.888720 1.000000 -0.025574 -0.780125 2.971224 1.000000 -0.014613 -0.828739 2.885835 1.000000
1628025782 -0.246724 0.205611 2.898301 1.000000 -0.250689 0.273956 2.904981 1.000000 -0.262417 0.615775 2.881744 1.000000 -0.238506 0.785529 2.776885 1.000000 -0.428710 0.525573 2.892139 1.000000 -0.477327 0.284670 2.856285 1.000000 -0.363560 0.367443 2.673547 1.000000 -0.274219 0.390630 2.649084 1.000000 -0.104001 0.526059 2.932273 1.000000 -0.067933 0.277605 2.890958 1.000000 -0.171875 0.361328 2.690394 1.000000 -0.261400 0.394507 2.688869 1.000000 -0.313988 0.130925 2.890558 1.000000 -0.317949 -0.414368 2.902120 1.000000 -0.303684 -0.811878 2.983995 1.000000 -0.333740 -0.865561 2.926455 1.000000 -0.173866 0.133813 2.907363 1.000000 -0.089578 -0.407407 2.891521 1.000000 -0.028080 -0.781482 2.972209 1.000000 -0.017550 -0.830200 2.886551 1.000000
1628058861 -0.247062 0.206250 2.898526 1.000000 -0.251138 0.274566 2.903968 1.000000 -0.264305 0.616247 2.881863 1.000000 -0.239146 0.785641 2.778445 1.000000 -0.430461 0.526412 2.892522 1.000000 -0.475781 0.283865 2.852132 1.000000 -0.364616 0.367732 2.672579 1.000000 -0.275036 0.391323 2.649050 1.000000 -0.105925 0.529054 2.934862 1.000000 -0.068587 0.279030 2.889867 1.000000 -0.172115 0.360175 2.688846 1.000000 -0.184088 0.400972 2.632431 1.000000 -0.314305 0.131248 2.890440 1.000000 -0.318437 -0.414293 2.902875 1.000000 -0.303517 -0.811692 2.983036 1.000000 -0.333654 -0.866103 2.925937 1.000000 -0.173799 0.134469 2.908093 1.000000 -0.090584 -0.408558 2.894891 1.000000 -0.028318 -0.781101 2.971622 1.000000 -0.017157 -0.829920 2.885835 1.000000
1628091612 -0.247564 0.206884 2.898844 1.000000 -0.251744 0.275231 2.903181 1.000000 -0.266666 0.617001 2.881971 1.000000 -0.241594 0.785950 2.780427 1.000000 -0.432399 0.526695 2.892827 1.000000 -0.474463 0.283605 2.848220 1.000000 -0.342041 0.400879 2.629827 1.000000 -0.246623 0.407806 2.629745 1.000000 -0.106999 0.530027 2.935233 1.000000 -0.068822 0.279474 2.889799 1.000000 -0.172337 0.360151 2.688657 1.000000 -0.184909 0.411853 2.642084 1.000000 -0.314768 0.131569 2.890321 1.000000 -0.319053 -0.414060 2.903965 1.000000 -0.303446 -0.811320 2.982848 1.000000 -0.333042 -0.866369 2.925714 1.000000 -0.173865 0.135040 2.909048 1.000000 -0.091184 -0.408041 2.896071 1.000000 -0.028588 -0.780181 2.972150 1.000000 -0.017407 -0.829140 2.886111 1.000000
1628125672 -0.247889 0.206846 2.898858 1.000000 -0.252079 0.275248 2.902186 1.000000 -0.267980 0.617530 2.881713 1.000000 -0.246783 0.785194 2.782422 1.000000 -0.435015 0.525028 2.893153 1.000000 -0.474373 0.283489 2.847897 1.000000 -0.359421 0.380526 2.664585 1.000000 -0.266433 0.394565 2.645810 1.000000 -0.108922 0.530076 2.934829 1.000000 -0.069042 0.281571 2.892126 1.000000 -0.243420 0.379829 2.689736 1.000000 -0.249425 0.445218 2.663046 1.000000 -0.315172 0.131461 2.890234 1.000000 -0.319687 -0.414430 2.904840 1.000000 -0.303455 -0.811258 2.982854 1.000000 -0.331293 -0.866110 2.924344 1.000000 -0.173969 0.134999 2.909125 1.000000 -0.091883 -0.408290 2.896967 1.000000 -0.033421 -0.781935 2.972520 1.000000 -0.022433 -0.831031 2.886241 1.000000
1628158017 -0.248092 0.206887 2.898995 1.000000 -0.252273 0.275314 2.901401 1.000000 -0.268514 0.617702 2.881587 1.000000 -0.247821 0.785327 2.783944 1.000000 -0.435276 0.524945 2.893235 1.000000 -0.473696 0.283307 2.847715 1.000000 -0.381919 0.324739 2.657277 1.000000 -0.290713 0.353708 2.649465 1.000000 -0.111672 0.529768 2.935866 1.000000 -0.069311 0.283001 2.894816 1.000000 -0.243143 0.375647 2.688730 1.000000 -0.222290 0.380371 2.659125 1.000000 -0.315209 0.131551 2.890298 1.000000 -0.320255 -0.414575 2.905501 1.000000 -0.304909 -0.811731 2.982896 1.000000 -0.332923 -0.866773 2.924347 1.000000 -0.174393 0.135208 2.909486 1.000000 -0.095162 -0.415620 2.901652 1.000000 -0.035830 -0.786636 2.977227 1.000000 -0.024466 -0.835861 2.890788 1.000000
1628191824 -0.248647 0.206567 2.899204 1.000000 -0.252827 0.274954 2.900891 1.000000 -0.269535 0.617211 2.882391 1.000000 -0.248535 0.784530 2.784337 1.000000 -0.435411 0.524789 2.893473 1.000000 -0.473279 0.282885 2.848303 1.000000 -0.295410 0.326050 2.680614 1.000000 -0.246428 0.348638 2.634962 1.000000 -0.114270 0.528461 2.935233 1.000000 -0.067796 0.285944 2.900697 1.000000 -0.255982 0.334853 2.691755 1.000000 -0.232791 0.357077 2.642328 1.000000 -0.315336 0.131544 2.890422 1.000000 -0.320486 -0.414517 2.905694 1.000000 -0.305170 -0.810867 2.980890 1.000000 -0.332598 -0.867642 2.923482 1.000000 -0.175223 0.135091 2.909501 1.000000 -0.096814 -0.417613 2.903764 1.000000 -0.036541 -0.786513 2.977475 1.000000 -0.025305 -0.835796 2.890819 1.000000
1628225867 -0.249086 0.206804 2.899764 1.000000 -0.253304 0.275220 2.900696 1.000000 -0.270563 0.617575 2.882696 1.000000 -0.251442 0.785311 2.783134 1.000000 -0.435924 0.524171 2.894140 1.000000 -0.474671 0.283551 2.852319 1.000000 -0.307833 0.290898 2.683441 1.000000 -0.255981 0.293181 2.635122 1.000000 -0.115819 0.529233 2.936426 1.000000 -0.067354 0.288655 2.907619 1.000000 -0.253620 0.339779 2.697189 1.000000 -0.315709 0.356821 2.631515 1.000000 -0.315450 0.131711 2.890656 1.000000 -0.320554 -0.414611 2.906438 1.000000 -0.305057 -0.810716 2.980778 1.000000 -0.332465 -0.867847 2.923440 1.000000 -0.175918 0.135750 2.910675 1.000000 -0.097962 -0.418435 2.906079 1.000000 -0.036538 -0.786314 2.980114 1.000000 -0.025094 -0.835712 2.893301 1.000000
1628258810 -0.249333 0.206509 2.899938 1.000000 -0.253503 0.274999 2.900185 1.000000 -0.270944 0.617626 2.882714 1.000000 -0.250902 0.785487 2.783905 1.000000 -0.435881 0.524232 2.894278 1.000000 -0.490464 0.315401 2.887375 1.000000 -0.378261 0.235695 2.722642 1.000000 -0.355238 0.244417 2.656207 1.000000 -0.116031 0.528970 2.936978 1.000000 -0.065832 0.291514 2.918433 1.000000 -0.161708 0.189877 2.756774 1.000000 -0.201416 0.234009 2.737272 1.000000 -0.315462 0.131581 2.891005 1.000000 -0.320488 -0.415591 2.910050 1.000000 -0.305166 -0.810321 2.980100 1.000000 -0.332024 -0.868062 2.923097 1.000000 -0.176317 0.135535 2.910637 1.000000 -0.098616 -0.418149 2.908865 1.000000 -0.040073 -0.774351 2.983127 1.000000 -0.028504 -0.823762 2.896322 1.000000
1628292709 -0.249149 0.205999 2.899985 1.000000 -0.253369 0.274747 2.899667 1.000000 -0.271145 0.617937 2.882916 1.000000 -0.250579 0.785753 2.783857 1.000000 -0.435365 0.524646 2.894317 1.000000 -0.489499 0.315637 2.888885 1.000000 -0.424421 0.162144 2.758758 1.000000 -0.389404 0.179565 2.713853 1.000000 -0.115882 0.528705 2.937442 1.000000 -0.066212 0.290986 2.924832 1.000000 -0.143269 0.161467 2.774653 1.000000 -0.166992 0.160522 2.745103 1.000000 -0.314921 0.131173 2.891229 1.000000 -0.320808 -0.414485 2.912950 1.000000 -0.304946 -0.810259 2.980375 1.000000 -0.331486 -0.866942 2.922151 1.000000 -0.176243 0.135208 2.910450 1.000000 -0.098355 -0.416494 2.913479 1.000000 -0.041277 -0.784143 2.988725 1.000000 -0.029573 -0.833546 2.901914 1.000000
1628324601 -0.249118 0.205827 2.900200 1.000000 -0.253296 0.274735 2.899195 1.000000 -0.270989 0.619452 2.882422 1.000000 -0.248587 0.787400 2.785660 1.000000 -0.434275 0.525058 2.894228 1.000000 -0.486669 0.305463 2.890882 1.000000 -0.428901 0.146063 2.765007 1.000000 -0.390955 0.087763 2.699000 1.000000 -0.114919 0.528722 2.938283 1.000000 -0.064048 0.287777 2.932975 1.000000 -0.101124 0.128331 2.798751 1.000000 -0.147460 0.066515 2.741940 1.000000 -0.315555 0.131078 2.891816 1.000000 -0.320755 -0.414447 2.915120 1.000000 -0.304650 -0.810345 2.980845 1.000000 -0.331100 -0.866699 2.922173 1.000000 -0.175459 0.134951 2.910913 1.000000 -0.098621 -0.416565 2.917318 1.000000 -0.041152 -0.788821 2.999061 1.000000 -0.029820 -0.869806 2.973942 1.000000
1628357577 -0.249092 0.206160 2.900491 1.000000 -0.253142 0.275192 2.899022 1.000000 -0.269528 0.621161 2.882760 1.000000 -0.247279 0.789295 2.785055 1.000000 -0.433245 0.525911 2.894132 1.000000 -0.481838 0.278343 2.885281 1.000000 -0.450500 0.096177 2.786122 1.000000 -0.416364 0.018870 2.740840 1.000000 -0.111278 0.529570 2.942400 1.000000 -0.064905 0.279084 2.935998 1.000000 -0.092651 0.088379 2.807536 1.000000 -0.114621 0.008246 2.759701 1.000000 -0.316442 0.131476 2.892051 1.000000 -0.320487 -0.413844 2.919125 1.000000 -0.303527 -0.808666 2.982149 1.000000 -0.330465 -0.865111 2.923716 1.000000 -0.174727 0.135277 2.911604 1.000000 -0.098928 -0.415821 2.920220 1.000000 -0.040495 -0.786646 3.000805 1.000000 -0.029459 -0.867230 2.974148 1.000000
1628400755 -0.249564 0.205026 2.901279 1.000000 -0.253276 0.274570 2.899033 1.000000 -0.269236 0.621380 2.882516 1.000000 -0.245086 0.788112 2.785976 1.000000 -0.430367 0.526871 2.894577 1.000000 -0.473655 0.262149 2.878000 1.000000 -0.456299 0.039093 2.827056 1.000000 -0.439319 -0.053672 2.809477 1.000000 -0.109766 0.527030 2.940432 1.000000 -0.063643 0.259116 2.939826 1.000000 -0.060120 0.061594 2.851470 1.000000 -0.059486 -0.028094 2.817436 1.000000 -0.317399 0.130956 2.893099 1.000000 -0.320366 -0.414750 2.923131 1.000000 -0.303735 -0.808519 2.982196 1.000000 -0.330314 -0.865199 2.923656 1.000000 -0.175129 0.133798 2.912429 1.000000 -0.099187 -0.413836 2.924993 1.000000 -0.039348 -0.787933 3.003841 1.000000 -0.019163 -0.868456 2.982521 1.000000
1628432023 -0.248628 0.204104 2.902088 1.000000 -0.252229 0.273899 2.899199 1.000000 -0.266193 0.621930 2.881461 1.000000 -0.239242 0.795697 2.785225 1.000000 -0.417264 0.529983 2.890130 1.000000 -0.463436 0.256031 2.870792 1.000000 -0.472168 -0.008278 2.875880 1.000000 -0.481934 -0.102112 2.871973 1.000000 -0.105671 0.526553 2.939429 1.000000 -0.058311 0.254153 2.941176 1.000000 -0.023815 -0.012207 2.856434 1.000000 -0.019180 -0.093384 2.848536 1.000000 -0.316601 0.130724 2.894111 1.000000 -0.319847 -0.413395 2.927217 1.000000 -0.303725 -0.808521 2.982205 1.000000 -0.329275 -0.867029 2.924782 1.000000 -0.174627 0.133179 2.913106 1.000000 -0.100217 -0.412181 2.929279 1.000000 -0.041485 -0.791233 3.012748 1.000000 -0.018140 -0.864257 2.974070 1.000000
1628463264 -0.245234 0.204767 2.903232 1.000000 -0.248387 0.274942 2.899569 1.000000 -0.258981 0.626091 2.878544 1.000000 -0.228072 0.808125 2.786945 1.000000 -0.414475 0.531784 2.888543 1.000000 -0.462635 0.256879 2.874164 1.000000 -0.478196 -0.006017 2.877298 1.000000 -0.516601 -0.087120 2.912955 1.000000 -0.099589 0.529612 2.941464 1.000000 -0.052194 0.255718 2.942931 1.000000 -0.005073 -0.014015 2.878742 1.000000 0.003363 -0.091462 2.876785 1.000000 -0.313619 0.131209 2.895302 1.000000 -0.319426 -0.412787 2.930071 1.000000 -0.303407 -0.807617 2.982603 1.000000 -0.329079 -0.866590 2.925318 1.000000 -0.171298 0.134040 2.915079 1.000000 -0.101167 -0.411848 2.934215 1.000000 -0.041301 -0.792575 3.012999 1.000000 -0.019633 -0.865016 2.971752 1.000000
1628506668 -0.242782 0.205185 2.903647 1.000000 -0.245459 0.275868 2.899614 1.000000 -0.254069 0.630712 2.878500 1.000000 -0.226060 0.811842 2.792009 1.000000 -0.411040 0.532042 2.886818 1.000000 -0.471277 0.259561 2.890051 1.000000 -0.524902 -0.006763 2.938380 1.000000 -0.533241 -0.102786 2.936313 1.000000 -0.094560 0.528241 2.940654 1.000000 -0.036193 0.256589 2.953669 1.000000 0.031128 0.031097 2.916895 1.000000 0.042526 -0.065210 2.908662 1.000000 -0.311812 0.131571 2.895357 1.000000 -0.319193 -0.412639 2.932442 1.000000 -0.303410 -0.807519 2.982525 1.000000 -0.329198 -0.866792 2.925250 1.000000 -0.168860 0.134313 2.915982 1.000000 -0.100478 -0.409058 2.939106 1.000000 -0.042569 -0.789621 3.009866 1.000000 -0.017262 -0.865767 2.977928 1.000000
1628539838 -0.239847 0.206187 2.902985 1.000000 -0.242009 0.277184 2.898708 1.000000 -0.249155 0.633191 2.878478 1.000000 -0.225220 0.818060 2.791354 1.000000 -0.409421 0.532440 2.886350 1.000000 -0.486366 0.271657 2.934358 1.000000 -0.528312 0.000182 2.948124 1.000000 -0.538790 -0.093070 2.950459 1.000000 -0.089852 0.528867 2.940741 1.000000 -0.019785 0.263448 2.964337 1.000000 0.043139 0.032312 2.920834 1.000000 0.058759 -0.064462 2.924325 1.000000 -0.309881 0.132425 2.895026 1.000000 -0.318272 -0.412631 2.934094 1.000000 -0.302878 -0.807678 2.983464 1.000000 -0.329110 -0.866338 2.925431 1.000000 -0.165818 0.134808 2.914810 1.000000 -0.096235 -0.413068 2.948085 1.000000 -0.042305 -0.790301 3.010867 1.000000 -0.018507 -0.867649 2.980080 1.000000
1628572990 -0.231321 0.209337 2.900819 1.000000 -0.233174 0.280869 2.896310 1.000000 -0.239996 0.638964 2.876646 1.000000 -0.218101 0.815385 2.794896 1.000000 -0.407596 0.532974 2.886736 1.000000 -0.490319 0.276738 2.947639 1.000000 -0.540907 0.012762 2.962726 1.000000 -0.547443 -0.066486 2.969439 1.000000 -0.084147 0.530184 2.940828 1.000000 -0.002858 0.272372 2.978603 1.000000 0.072083 0.028885 2.961828 1.000000 0.078355 -0.066782 2.938929 1.000000 -0.302310 0.134767 2.892127 1.000000 -0.316355 -0.411904 2.935666 1.000000 -0.302780 -0.807128 2.983211 1.000000 -0.329089 -0.866424 2.925527 1.000000 -0.157218 0.136967 2.913377 1.000000 -0.093001 -0.409993 2.950849 1.000000 -0.040775 -0.792142 3.013295 1.000000 -0.020375 -0.870028 2.980843 1.000000
1628606585 -0.226345 0.211041 2.899686 1.000000 -0.228134 0.282707 2.895139 1.000000 -0.235013 0.641296 2.876617 1.000000 -0.212164 0.823960 2.801860 1.000000 -0.405890 0.533579 2.887040 1.000000 -0.493596 0.283722 2.963553 1.000000 -0.555664 0.027634 3.014570 1.000000 -0.551810 -0.054331 2.990001 1.000000 -0.078524 0.530713 2.939561 1.000000 0.004646 0.280482 2.983687 1.000000 0.091003 0.067444 2.993086 1.000000 0.114968 -0.028949 2.994572 1.000000 -0.298478 0.135725 2.891194 1.000000 -0.312782 -0.407299 2.936158 1.000000 -0.302206 -0.805211 2.984985 1.000000 -0.332018 -0.865667 2.930005 1.000000 -0.151170 0.138315 2.911613 1.000000 -0.087684 -0.398434 2.952783 1.000000 -0.040333 -0.790120 3.013110 1.000000 -0.020403 -0.868729 2.981646 1.000000
1628650813 -0.217278 0.214446 2.898338 1.000000 -0.219039 0.286340 2.894244 1.000000 -0.225540 0.646256 2.879352 1.000000 -0.204289 0.825928 2.805658 1.000000 -0.403119 0.534189 2.887355 1.000000 -0.493773 0.288368 2.973387 1.000000 -0.555707 0.027634 3.014582 1.000000 -0.556361 -0.061047 3.007831 1.000000 -0.068842 0.532468 2.939349 1.000000 0.013395 0.284617 2.988894 1.000000 0.097986 0.077997 2.998199 1.000000 0.129591 0.013060 3.010133 1.000000 -0.290853 0.137719 2.889107 1.000000 -0.309771 -0.407461 2.936410 1.000000 -0.301717 -0.805453 2.986326 1.000000 -0.331683 -0.865143 2.930377 1.000000 -0.140830 0.140689 2.909717 1.000000 -0.086269 -0.397741 2.952796 1.000000 -0.039593 -0.789554 3.012740 1.000000 -0.020174 -0.868534 2.981497 1.000000
1628682104 -0.211924 0.215691 2.898398 1.000000 -0.213530 0.287428 2.894079 1.000000 -0.219805 0.646333 2.879085 1.000000 -0.200964 0.824744 2.807709 1.000000 -0.397007 0.535927 2.887701 1.000000 -0.492271 0.290998 2.974531 1.000000 -0.558658 0.030497 3.019476 1.000000 -0.569414 -0.058064 3.029318 1.000000 -0.060738 0.532966 2.937656 1.000000 0.025239 0.284761 2.989871 1.000000 0.107099 0.081633 3.003139 1.000000 0.143388 -0.010835 3.009724 1.000000 -0.286049 0.138738 2.889029 1.000000 -0.305762 -0.406889 2.934909 1.000000 -0.301827 -0.805949 2.986618 1.000000 -0.331458 -0.865314 2.929948 1.000000 -0.135174 0.141223 2.909990 1.000000 -0.085022 -0.397984 2.952142 1.000000 -0.039112 -0.788914 3.012447 1.000000 -0.019333 -0.868451 2.982505 1.000000
1628723702 -0.206451 0.215452 2.898102 1.000000 -0.208293 0.287068 2.893863 1.000000 -0.215744 0.645377 2.880090 1.000000 -0.191730 0.829958 2.813068 1.000000 -0.386555 0.535797 2.886201 1.000000 -0.489502 0.293278 2.974000 1.000000 -0.557659 0.049554 3.029057 1.000000 -0.573778 -0.049164 3.033911 1.000000 -0.055595 0.533372 2.935543 1.000000 0.028853 0.285699 2.988520 1.000000 0.113200 0.083781 3.005210 1.000000 0.144708 -0.011146 3.010200 1.000000 -0.279028 0.139043 2.888620 1.000000 -0.301702 -0.406843 2.932625 1.000000 -0.300519 -0.806145 2.987017 1.000000 -0.330292 -0.864234 2.928913 1.000000 -0.130384 0.141195 2.909249 1.000000 -0.083012 -0.399353 2.951422 1.000000 -0.038612 -0.788421 3.011567 1.000000 -0.026588 -0.869593 2.981509 1.000000
1628757678 -0.202193 0.215061 2.897676 1.000000 -0.203937 0.286467 2.893475 1.000000 -0.211057 0.643550 2.880864 1.000000 -0.181120 0.825681 2.814380 1.000000 -0.378786 0.534963 2.885511 1.000000 -0.482289 0.292153 2.974352 1.000000 -0.550344 0.060529 3.027655 1.000000 -0.564438 -0.021272 3.027872 1.000000 -0.045167 0.530278 2.932613 1.000000 0.029550 0.286098 2.987708 1.000000 0.116813 0.083250 3.006189 1.000000 0.148147 -0.012193 3.008500 1.000000 -0.275204 0.138998 2.888153 1.000000 -0.298863 -0.408137 2.930033 1.000000 -0.299776 -0.806146 2.986131 1.000000 -0.330496 -0.864694 2.928802 1.000000 -0.125706 0.140232 2.908428 1.000000 -0.080003 -0.398679 2.950283 1.000000 -0.037604 -0.787120 3.010109 1.000000 -0.026319 -0.869928 2.984156 1.000000
1628790884 -0.195788 0.215151 2.896937 1.000000 -0.197355 0.286606 2.892703 1.000000 -0.204072 0.643917 2.880754 1.000000 -0.178218 0.826135 2.816329 1.000000 -0.374337 0.534727 2.886379 1.000000 -0.475441 0.288032 2.971110 1.000000 -0.535655 0.071253 3.016601 1.000000 -0.557221 -0.026794 3.021352 1.000000 -0.039474 0.530621 2.930098 1.000000 0.037178 0.285548 2.980143 1.000000 0.118550 0.081179 3.002973 1.000000 0.146933 -0.015115 3.007747 1.000000 -0.269412 0.139000 2.887777 1.000000 -0.295652 -0.408410 2.928847 1.000000 -0.299695 -0.806213 2.985936 1.000000 -0.330052 -0.864493 2.927967 1.000000 -0.119069 0.140106 2.907078 1.000000 -0.077339 -0.400365 2.949443 1.000000 -0.036877 -0.794977 3.014400 1.000000 -0.025087 -0.874066 2.978559 1.000000
1628823757 -0.190989 0.214794 2.896403 1.000000 -0.191834 0.286621 2.892211 1.000000 -0.193954 0.646662 2.881581 1.000000 -0.173958 0.829736 2.816526 1.000000 -0.364808 0.536229 2.889038 1.000000 -0.458815 0.280304 2.960354 1.000000 -0.532227 0.011963 2.997050 1.000000 -0.553166 -0.059241 3.005642 1.000000 -0.033005 0.530496 2.929157 1.000000 0.042617 0.280753 2.973728 1.000000 0.114675 0.075941 2.977369 1.000000 0.139019 -0.022142 2.979667 1.000000 -0.264868 0.139271 2.887604 1.000000 -0.291175 -0.409009 2.929034 1.000000 -0.299219 -0.806583 2.984908 1.000000 -0.330473 -0.865182 2.927537 1.000000 -0.115347 0.139544 2.905928 1.000000 -0.074895 -0.402275 2.948845 1.000000 -0.036500 -0.795748 3.013476 1.000000 -0.026790 -0.876169 2.979710 1.000000
1628867629 -0.184185 0.214582 2.896999 1.000000 -0.184978 0.286361 2.893317 1.000000 -0.187361 0.645839 2.884986 1.000000 -0.166900 0.825272 2.821418 1.000000 -0.359078 0.536527 2.888841 1.000000 -0.448526 0.274622 2.950674 1.000000 -0.513159 0.013335 2.970048 1.000000 -0.514648 -0.083557 2.963857 1.000000 -0.027181 0.530252 2.928596 1.000000 0.049372 0.271937 2.959409 1.000000 0.110761 -0.011225 2.925394 1.000000 0.121399 -0.093811 2.918935 1.000000 -0.257860 0.139166 2.887091 1.000000 -0.287937 -0.410483 2.927529 1.000000 -0.299095 -0.806849 2.984936 1.000000 -0.351271 -0.870256 2.953626 1.000000 -0.108918 0.139182 2.906585 1.000000 -0.070988 -0.402504 2.947780 1.000000 -0.034406 -0.794241 3.011152 1.000000 -0.005660 -0.868398 2.973769 1.000000
1628898843 -0.178972 0.213109 2.897722 1.000000 -0.179867 0.284930 2.894539 1.000000 -0.182837 0.644460 2.887389 1.000000 -0.166804 0.824726 2.821824 1.000000 -0.349599 0.535287 2.888669 1.000000 -0.431204 0.267180 2.940094 1.000000 -0.467319 0.055477 2.940823 1.000000 -0.480406 -0.043551 2.921653 1.000000 -0.024104 0.531158 2.927288 1.000000 0.048798 0.266472 2.947608 1.000000 0.098879 -0.016705 2.904103 1.000000 0.109414 -0.103196 2.897792 1.000000 -0.251791 0.138700 2.887460 1.000000 -0.285622 -0.411037 2.926157 1.000000 -0.298618 -0.806888 2.985783 1.000000 -0.339410 -0.868186 2.937532 1.000000 -0.104737 0.138334 2.906996 1.000000 -0.067430 -0.401863 2.947056 1.000000 -0.034202 -0.795361 3.014716 1.000000 -0.008653 -0.869180 2.974127 1.000000
1628940228 -0.174215 0.212318 2.898368 1.000000 -0.175287 0.284201 2.895432 1.000000 -0.179251 0.643947 2.888225 1.000000 -0.160830 0.826957 2.823989 1.000000 -0.342668 0.536151 2.888600 1.000000 -0.411746 0.262701 2.923224 1.000000 -0.429199 0.021957 2.864264 1.000000 -0.423096 -0.073853 2.850592 1.000000 -0.016525 0.531384 2.927387 1.000000 0.045728 0.255467 2.935426 1.000000 0.064880 -0.000279 2.860357 1.000000 0.062347 -0.094299 2.840826 1.000000 -0.246818 0.138299 2.888350 1.000000 -0.282328 -0.410027 2.925496 1.000000 -0.297384 -0.806842 2.984579 1.000000 -0.336166 -0.866512 2.932456 1.000000 -0.099854 0.137525 2.907287 1.000000 -0.065833 -0.401297 2.946318 1.000000 -0.033871 -0.795583 3.014701 1.000000 -0.009914 -0.871150 2.976009 1.000000
1628983910 -0.172238 0.211973 2.898379 1.000000 -0.172798 0.284013 2.895929 1.000000 -0.172919 0.645227 2.889747 1.000000 -0.157171 0.829063 2.822487 1.000000 -0.336277 0.537573 2.889991 1.000000 -0.398194 0.268963 2.909063 1.000000 -0.409022 0.038751 2.843494 1.000000 -0.392746 -0.057015 2.810449 1.000000 -0.012213 0.531034 2.924984 1.000000 0.043013 0.252565 2.928900 1.000000 0.051352 0.015349 2.846600 1.000000 0.042747 -0.077636 2.804083 1.000000 -0.245074 0.138533 2.888719 1.000000 -0.276744 -0.409825 2.925535 1.000000 -0.296783 -0.806816 2.985163 1.000000 -0.336714 -0.866685 2.933973 1.000000 -0.098462 0.137243 2.906725 1.000000 -0.064181 -0.401086 2.946110 1.000000 -0.033871 -0.795594 3.014769 1.000000 -0.010220 -0.871263 2.975858 1.000000
1629015762 -0.170494 0.211477 2.898115 1.000000 -0.170813 0.283586 2.896321 1.000000 -0.169581 0.645172 2.890986 1.000000 -0.148128 0.830340 2.828621 1.000000 -0.331852 0.537141 2.890724 1.000000 -0.388595 0.268737 2.897119 1.000000 -0.374993 0.058173 2.830432 1.000000 -0.370321 -0.034469 2.786579 1.000000 -0.007158 0.529438 2.922533 1.000000 0.039398 0.255681 2.924550 1.000000 0.038920 0.056838 2.825392 1.000000 0.029406 -0.039601 2.791679 1.000000 -0.243747 0.138690 2.888960 1.000000 -0.273873 -0.409432 2.925090 1.000000 -0.296971 -0.807042 2.985012 1.000000 -0.335308 -0.866672 2.932181 1.000000 -0.096574 0.136295 2.905231 1.000000 -0.062323 -0.401046 2.946312 1.000000 -0.033890 -0.795590 3.014773 1.000000 -0.010077 -0.871347 2.975907 1.000000
1629048803 -0.167404 0.210491 2.897314 1.000000 -0.167970 0.282950 2.896691 1.000000 -0.167010 0.646008 2.892856 1.000000 -0.145912 0.824151 2.830100 1.000000 -0.327905 0.536856 2.891203 1.000000 -0.382145 0.269674 2.891509 1.000000 -0.362810 0.064521 2.810691 1.000000 -0.342496 -0.014001 2.747870 1.000000 -0.005235 0.529510 2.921553 1.000000 0.042492 0.262406 2.921443 1.000000 0.035569 0.063705 2.821564 1.000000 0.001641 -0.019735 2.772457 1.000000 -0.240895 0.138614 2.888261 1.000000 -0.270005 -0.409021 2.925239 1.000000 -0.296786 -0.806231 2.984487 1.000000 -0.333360 -0.866274 2.930742 1.000000 -0.093245 0.135244 2.903324 1.000000 -0.060029 -0.403009 2.946997 1.000000 -0.033727 -0.795668 3.014758 1.000000 -0.006099 -0.864166 2.966013 1.000000
1629079485 -0.159715 0.209927 2.896331 1.000000 -0.160673 0.281935 2.897162 1.000000 -0.161670 0.643031 2.894784 1.000000 -0.143499 0.809801 2.835295 1.000000 -0.323501 0.536932 2.892142 1.000000 -0.376072 0.273842 2.889158 1.000000 -0.334507 0.088917 2.770116 1.000000 -0.305257 0.011100 2.709313 1.000000 0.000023 0.528314 2.920951 1.000000 0.046009 0.268076 2.918136 1.000000 0.021573 0.074767 2.809244 1.000000 -0.023874 0.010041 2.743265 1.000000 -0.233679 0.138360 2.886495 1.000000 -0.268224 -0.408137 2.926124 1.000000 -0.296386 -0.806069 2.984143 1.000000 -0.333056 -0.865695 2.929898 1.000000 -0.084253 0.134535 2.901989 1.000000 -0.057284 -0.402622 2.947012 1.000000 -0.033325 -0.795422 3.015154 1.000000 -0.009515 -0.866287 2.967680 1.000000
1629123840 -0.149694 0.209427 2.895065 1.000000 -0.150880 0.281482 2.897679 1.000000 -0.153424 0.643046 2.897031 1.000000 -0.139748 0.815026 2.833978 1.000000 -0.316791 0.536817 2.893690 1.000000 -0.369045 0.281764 2.890193 1.000000 -0.316347 0.102545 2.766293 1.000000 -0.249295 0.049919 2.708515 1.000000 0.002698 0.529263 2.920188 1.000000 0.052125 0.278906 2.915488 1.000000 0.004184 0.091770 2.803157 1.000000 -0.061342 0.042627 2.740746 1.000000 -0.221483 0.137915 2.884311 1.000000 -0.266197 -0.407691 2.926837 1.000000 -0.296347 -0.805944 2.984096 1.000000 -0.333089 -0.865724 2.929947 1.000000 -0.076065 0.135562 2.900470 1.000000 -0.054312 -0.402854 2.947515 1.000000 -0.033209 -0.795175 3.014933 1.000000 -0.011697 -0.866859 2.967454 1.000000
1629156907 -0.145662 0.209169 2.894253 1.000000 -0.147621 0.280943 2.898128 1.000000 -0.152522 0.641871 2.896912 1.000000 -0.140778 0.806187 2.830855 1.000000 -0.314632 0.535573 2.893844 1.000000 -0.366257 0.285093 2.891749 1.000000 -0.253806 0.142104 2.740212 1.000000 -0.214063 0.091570 2.691408 1.000000 0.006447 0.529542 2.919531 1.000000 0.059397 0.286052 2.914311 1.000000 -0.056060 0.140562 2.767967 1.000000 -0.095124 0.091336 2.723001 1.000000 -0.217305 0.136949 2.883688 1.000000 -0.264258 -0.404885 2.926520 1.000000 -0.295916 -0.804404 2.984289 1.000000 -0.334147 -0.864724 2.931670 1.000000 -0.070547 0.135858 2.899056 1.000000 -0.053218 -0.401474 2.948196 1.000000 -0.032840 -0.794857 3.014024 1.000000 -0.010929 -0.867168 2.967549 1.000000
1629190895 -0.141310 0.209637 2.894316 1.000000 -0.142859 0.281519 2.899442 1.000000 -0.146322 0.643177 2.898107 1.000000 -0.132999 0.818615 2.829714 1.000000 -0.308948 0.536101 2.895371 1.000000 -0.360209 0.297842 2.896917 1.000000 -0.245850 0.138062 2.723662 1.000000 -0.183343 0.111091 2.689727 1.000000 0.009065 0.530165 2.919590 1.000000 0.064480 0.291216 2.915265 1.000000 0.006412 0.106810 2.803558 1.000000 -0.073679 0.099050 2.739399 1.000000 -0.212472 0.137707 2.883887 1.000000 -0.263679 -0.404902 2.926876 1.000000 -0.296217 -0.804549 2.984365 1.000000 -0.334099 -0.864853 2.931399 1.000000 -0.067575 0.136761 2.898869 1.000000 -0.052323 -0.402348 2.948339 1.000000 -0.032688 -0.794775 3.014054 1.000000 -0.012494 -0.867631 2.967566 1.000000
1629223762 -0.138895 0.209535 2.894470 1.000000 -0.140489 0.281412 2.900565 1.000000 -0.144704 0.643157 2.898157 1.000000 -0.133026 0.817972 2.829636 1.000000 -0.306451 0.535547 2.894711 1.000000 -0.355332 0.297845 2.894461 1.000000 -0.240711 0.141915 2.720734 1.000000 -0.174982 0.124432 2.686759 1.000000 0.012986 0.529516 2.914855 1.000000 0.066352 0.293690 2.913610 1.000000 -0.037197 0.148395 2.777132 1.000000 -0.187623 0.121975 2.653481 1.000000 -0.209728 0.137480 2.884220 1.000000 -0.263158 -0.403924 2.927649 1.000000 -0.295197 -0.801521 2.982461 1.000000 -0.334043 -0.864273 2.933102 1.000000 -0.065547 0.136978 2.898928 1.000000 -0.051287 -0.402568 2.948761 1.000000 -0.032931 -0.794654 3.013744 1.000000 -0.012603 -0.867723 2.967586 1.000000
1629257831 -0.136485 0.209670 2.894000 1.000000 -0.137745 0.281690 2.900947 1.000000 -0.139803 0.644535 2.897593 1.000000 -0.130255 0.822121 2.828124 1.000000 -0.301868 0.536325 2.894031 1.000000 -0.352531 0.301513 2.895336 1.000000 -0.223680 0.178144 2.739236 1.000000 -0.176731 0.133193 2.687261 1.000000 0.016430 0.529328 2.914105 1.000000 0.067937 0.295747 2.911996 1.000000 -0.094727 0.154785 2.727584 1.000000 -0.171961 0.133264 2.663126 1.000000 -0.207475 0.137862 2.884066 1.000000 -0.262021 -0.405045 2.928387 1.000000 -0.295159 -0.802231 2.983118 1.000000 -0.334314 -0.864334 2.933033 1.000000 -0.063756 0.137128 2.898249 1.000000 -0.050229 -0.402607 2.949117 1.000000 -0.032744 -0.794813 3.015969 1.000000 -0.013296 -0.866727 2.967506 1.000000
1629300758 -0.133635 0.210041 2.894022 1.000000 -0.134792 0.282235 2.901672 1.000000 -0.136210 0.646036 2.897269 1.000000 -0.125819 0.822531 2.827482 1.000000 -0.297774 0.537409 2.893590 1.000000 -0.348438 0.302807 2.895923 1.000000 -0.243347 0.144147 2.751610 1.000000 -0.176100 0.133269 2.684998 1.000000 0.020368 0.529182 2.914078 1.000000 0.068655 0.297845 2.910909 1.000000 -0.034938 0.156706 2.770343 1.000000 -0.186104 0.128679 2.649565 1.000000 -0.204616 0.138367 2.884193 1.000000 -0.259995 -0.404991 2.929053 1.000000 -0.294289 -0.802297 2.983145 1.000000 -0.334188 -0.863648 2.932703 1.000000 -0.061338 0.137453 2.898285 1.000000 -0.049248 -0.402639 2.948855 1.000000 -0.032359 -0.794736 3.016022 1.000000 -0.013491 -0.866817 2.967559 1.000000
1629331997 -0.132083 0.210155 2.894330 1.000000 -0.133225 0.282419 2.902543 1.000000 -0.134668 0.646558 2.897124 1.000000 -0.122099 0.821920 2.827881 1.000000 -0.295628 0.537964 2.893783 1.000000 -0.346316 0.303548 2.894939 1.000000 -0.238206 0.130182 2.739068 1.000000 -0.174549 0.120330 2.687837 1.000000 0.023810 0.528552 2.913004 1.000000 0.069228 0.297267 2.910383 1.000000 -0.075745 0.131958 2.729552 1.000000 -0.160076 0.109637 2.674946 1.000000 -0.203405 0.138341 2.884572 1.000000 -0.259497 -0.405558 2.929387 1.000000 -0.292407 -0.801418 2.980703 1.000000 -0.332739 -0.862927 2.930656 1.000000 -0.059521 0.137591 2.898662 1.000000 -0.048492 -0.403025 2.949168 1.000000 -0.032209 -0.794969 3.016063 1.000000 -0.012967 -0.868979 2.970599 1.000000
1629373508 -0.131398 0.210083 2.894365 1.000000 -0.132692 0.282382 2.903075 1.000000 -0.134501 0.646663 2.896936 1.000000 -0.119523 0.820202 2.828900 1.000000 -0.294855 0.537793 2.893632 1.000000 -0.345452 0.303472 2.894742 1.000000 -0.240588 0.123967 2.743012 1.000000 -0.184158 0.097328 2.696886 1.000000 0.025644 0.527825 2.912822 1.000000 0.069584 0.295389 2.909286 1.000000 -0.074962 0.129399 2.728112 1.000000 -0.158489 0.093620 2.679746 1.000000 -0.202901 0.138153 2.884776 1.000000 -0.258824 -0.405495 2.929661 1.000000 -0.292643 -0.801060 2.981234 1.000000 -0.332438 -0.862544 2.930597 1.000000 -0.058307 0.137476 2.898604 1.000000 -0.047618 -0.403639 2.949176 1.000000 -0.032249 -0.795037 3.015812 1.000000 -0.010246 -0.871517 2.975878 1.000000
1629407878 -0.130742 0.210176 2.894523 1.000000 -0.131891 0.282567 2.903684 1.000000 -0.132922 0.647560 2.896842 1.000000 -0.120075 0.825882 2.830589 1.000000 -0.293618 0.538074 2.893770 1.000000 -0.345014 0.303541 2.894805 1.000000 -0.243810 0.112560 2.744073 1.000000 -0.190159 0.064847 2.699636 1.000000 0.027038 0.527915 2.911979 1.000000 0.069701 0.295257 2.908909 1.000000 -0.007201 0.129235 2.781005 1.000000 -0.074659 0.075469 2.724958 1.000000 -0.202497 0.138120 2.885169 1.000000 -0.257988 -0.406289 2.930292 1.000000 -0.291249 -0.803062 2.980819 1.000000 -0.332797 -0.863005 2.929730 1.000000 -0.057552 0.137716 2.898564 1.000000 -0.047271 -0.403590 2.949006 1.000000 -0.032204 -0.795058 3.015960 1.000000 -0.010332 -0.871514 2.975891 1.000000
1629440642 -0.129998 0.210486 2.894565 1.000000 -0.131046 0.282958 2.904202 1.000000 -0.131692 0.648493 2.897105 1.000000 -0.115402 0.828645 2.831310 1.000000 -0.292576 0.538439 2.893866 1.000000 -0.343772 0.300338 2.892076 1.000000 -0.298096 0.112915 2.768620 1.000000 -0.242213 0.040690 2.721383 1.000000 0.027987 0.527360 2.911362 1.000000 0.070197 0.295076 2.908116 1.000000 -0.001905 0.121853 2.788327 1.000000 -0.058435 0.054845 2.734615 1.000000 -0.202155 0.138397 2.885345 1.000000 -0.257169 -0.404469 2.930541 1.000000 -0.289994 -0.799928 2.979359 1.000000 -0.333360 -0.862715 2.933432 1.000000 -0.056465 0.138068 2.898353 1.000000 -0.047076 -0.403386 2.949010 1.000000 -0.032228 -0.795155 3.015706 1.000000 -0.009984 -0.869549 2.972085 1.000000
1629473753 -0.129887 0.210428 2.894460 1.000000 -0.130877 0.282923 2.904446 1.000000 -0.130882 0.648751 2.896745 1.000000 -0.114883 0.829191 2.830858 1.000000 -0.291878 0.538694 2.893937 1.000000 -0.343818 0.298406 2.891139 1.000000 -0.297923 0.088509 2.773442 1.000000 -0.276611 0.003773 2.725651 1.000000 0.028406 0.527055 2.911229 1.000000 0.070667 0.292209 2.907867 1.000000 0.006126 0.114935 2.790160 1.000000 -0.037311 0.033973 2.744124 1.000000 -0.202161 0.138400 2.885317 1.000000 -0.256313 -0.405122 2.931350 1.000000 -0.289996 -0.800026 2.979254 1.000000 -0.333505 -0.862870 2.933492 1.000000 -0.056333 0.137952 2.898218 1.000000 -0.046988 -0.404558 2.949336 1.000000 -0.032109 -0.796380 3.016144 1.000000 -0.013638 -0.872137 2.973060 1.000000
1629518038 -0.130146 0.210550 2.894338 1.000000 -0.131042 0.283064 2.904653 1.000000 -0.130438 0.649321 2.896460 1.000000 -0.113544 0.832286 2.833072 1.000000 -0.291180 0.538858 2.893763 1.000000 -0.340961 0.284136 2.887019 1.000000 -0.318883 0.083495 2.786682 1.000000 -0.299272 0.002507 2.753925 1.000000 0.029452 0.527026 2.911346 1.000000 0.070692 0.286818 2.906296 1.000000 0.016880 0.103570 2.792947 1.000000 -0.009485 0.007983 2.766017 1.000000 -0.203111 0.139189 2.885156 1.000000 -0.256208 -0.405312 2.931509 1.000000 -0.293144 -0.801522 2.983046 1.000000 -0.333180 -0.863173 2.932622 1.000000 -0.056700 0.137688 2.898056 1.000000 -0.046758 -0.404462 2.948940 1.000000 -0.032674 -0.797322 3.016191 1.000000 -0.015634 -0.873077 2.972405 1.000000
1629549428 -0.130620 0.210645 2.894259 1.000000 -0.131344 0.283135 2.904935 1.000000 -0.130338 0.649381 2.896576 1.000000 -0.113074 0.835120 2.834779 1.000000 -0.290838 0.538793 2.893831 1.000000 -0.341280 0.279888 2.886027 1.000000 -0.329561 0.075429 2.805254 1.000000 -0.319953 -0.023051 2.777596 1.000000 0.029738 0.527167 2.911856 1.000000 0.069997 0.280707 2.905200 1.000000 0.031852 0.063757 2.799510 1.000000 0.004498 -0.031557 2.772630 1.000000 -0.203906 0.139793 2.885340 1.000000 -0.255920 -0.405365 2.931523 1.000000 -0.294362 -0.802311 2.983088 1.000000 -0.333423 -0.863870 2.931682 1.000000 -0.057699 0.137402 2.897519 1.000000 -0.046766 -0.404471 2.948952 1.000000 -0.032640 -0.797366 3.016125 1.000000 -0.015173 -0.874910 2.975634 1.000000
1629580858 -0.131823 0.210295 2.894442 1.000000 -0.132296 0.282990 2.905379 1.000000 -0.130501 0.649748 2.896768 1.000000 -0.111711 0.833935 2.836564 1.000000 -0.290445 0.538173 2.893932 1.000000 -0.341376 0.273958 2.884527 1.000000 -0.341853 0.063986 2.821742 1.000000 -0.333600 -0.033426 2.790112 1.000000 0.030196 0.527280 2.913235 1.000000 0.065295 0.271866 2.906062 1.000000 0.036259 0.060296 2.800298 1.000000 0.015440 -0.036443 2.772624 1.000000 -0.205037 0.140065 2.885551 1.000000 -0.255677 -0.405516 2.931709 1.000000 -0.294734 -0.802583 2.983570 1.000000 -0.333381 -0.863941 2.931472 1.000000 -0.059850 0.135914 2.897780 1.000000 -0.046756 -0.404913 2.949189 1.000000 -0.032858 -0.798376 3.017209 1.000000 -0.017058 -0.876026 2.976058 1.000000
1629623733 -0.132540 0.209788 2.894535 1.000000 -0.132871 0.282572 2.905863 1.000000 -0.130542 0.649599 2.897425 1.000000 -0.112708 0.833121 2.836636 1.000000 -0.290215 0.537633 2.894018 1.000000 -0.342347 0.270454 2.884838 1.000000 -0.353433 0.046840 2.839861 1.000000 -0.351762 -0.054044 2.820370 1.000000 0.030153 0.527342 2.913426 1.000000 0.064189 0.268083 2.906929 1.000000 0.044509 0.052764 2.807085 1.000000 0.032585 -0.043811 2.774049 1.000000 -0.205568 0.139893 2.885689 1.000000 -0.255621 -0.405724 2.931867 1.000000 -0.294750 -0.802387 2.983895 1.000000 -0.335536 -0.865555 2.935584 1.000000 -0.060941 0.135158 2.897601 1.000000 -0.046194 -0.405062 2.948997 1.000000 -0.032766 -0.797968 3.017157 1.000000 -0.016660 -0.875834 2.976352 1.000000
1629656567 -0.133465 0.209803 2.894529 1.000000 -0.133578 0.282669 2.906114 1.000000 -0.130441 0.650060 2.897359 1.000000 -0.114073 0.835290 2.839392 1.000000 -0.290159 0.537632 2.894064 1.000000 -0.342569 0.268642 2.885008 1.000000 -0.354305 0.045065 2.843570 1.000000 -0.358435 -0.057671 2.833534 1.000000 0.030584 0.527202 2.914388 1.000000 0.062711 0.261323 2.910065 1.000000 0.051731 0.032661 2.811374 1.000000 0.040914 -0.064986 2.779427 1.000000 -0.206635 0.140121 2.885740 1.000000 -0.255553 -0.406672 2.931862 1.000000 -0.294563 -0.804519 2.985595 1.000000 -0.334051 -0.864038 2.931732 1.000000 -0.062308 0.134822 2.897626 1.000000 -0.046309 -0.405314 2.949040 1.000000 -0.033245 -0.797573 3.017100 1.000000 -0.015533 -0.875529 2.976949 1.000000
1629690777 -0.133915 0.209831 2.895015 1.000000 -0.134091 0.282764 2.906857 1.000000 -0.130313 0.650715 2.898082 1.000000 -0.111084 0.837853 2.842298 1.000000 -0.289906 0.537629 2.894128 1.000000 -0.342699 0.268584 2.885061 1.000000 -0.366943 -0.007160 2.866323 1.000000 -0.369875 -0.085442 2.848957 1.000000 0.031352 0.528213 2.917266 1.000000 0.064985 0.258219 2.914402 1.000000 0.056583 0.030771 2.821923 1.000000 0.047519 -0.065368 2.784731 1.000000 -0.206974 0.140256 2.886086 1.000000 -0.255595 -0.406740 2.931777 1.000000 -0.294614 -0.804492 2.985249 1.000000 -0.334375 -0.864379 2.931780 1.000000 -0.063028 0.134695 2.898352 1.000000 -0.046327 -0.405862 2.948880 1.000000 -0.033371 -0.801199 3.019892 1.000000 -0.016734 -0.875194 2.972203 1.000000
1629734970 -0.135029 0.209518 2.895449 1.000000 -0.135047 0.282620 2.907341 1.000000 -0.130571 0.650994 2.897973 1.000000 -0.110885 0.838021 2.842453 1.000000 -0.289867 0.537643 2.894171 1.000000 -0.346396 0.267068 2.891335 1.000000 -0.368580 -0.007566 2.867526 1.000000 -0.372661 -0.086420 2.855575 1.000000 0.031195 0.528255 2.917487 1.000000 0.066482 0.253434 2.921009 1.000000 0.061949 0.019091 2.833008 1.000000 0.059105 -0.075178 2.798956 1.000000 -0.207951 0.140297 2.886653 1.000000 -0.255824 -0.406873 2.931952 1.000000 -0.294521 -0.804507 2.984953 1.000000 -0.333116 -0.863807 2.929857 1.000000 -0.064498 0.134149 2.898957 1.000000 -0.046368 -0.406003 2.948931 1.000000 -0.033558 -0.800372 3.019725 1.000000 -0.015601 -0.874613 2.972742 1.000000
1629767481 -0.135094 0.209953 2.895673 1.000000 -0.135194 0.283033 2.907745 1.000000 -0.130642 0.651343 2.898222 1.000000 -0.111998 0.838810 2.844189 1.000000 -0.290160 0.537511 2.894401 1.000000 -0.351180 0.263450 2.898072 1.000000 -0.375295 -0.009035 2.872712 1.000000 -0.376075 -0.094992 2.860504 1.000000 0.031355 0.529424 2.918677 1.000000 0.066462 0.251634 2.924112 1.000000 0.075494 0.016235 2.851771 1.000000 0.065253 -0.075954 2.813999 1.000000 -0.208042 0.140541 2.886856 1.000000 -0.256202 -0.407234 2.931948 1.000000 -0.294904 -0.804139 2.983749 1.000000 -0.332518 -0.864763 2.929234 1.000000 -0.064436 0.134441 2.899113 1.000000 -0.046531 -0.406203 2.948630 1.000000 -0.034072 -0.799857 3.019327 1.000000 -0.014579 -0.874473 2.973345 1.000000
1629799004 -0.135735 0.210293 2.896190 1.000000 -0.135825 0.283334 2.908404 1.000000 -0.130777 0.651482 2.898644 1.000000 -0.113184 0.839625 2.844672 1.000000 -0.290422 0.537479 2.894599 1.000000 -0.355171 0.262613 2.906089 1.000000 -0.377914 -0.009224 2.873518 1.000000 -0.377020 -0.092611 2.861420 1.000000 0.031126 0.529477 2.919764 1.000000 0.066402 0.251038 2.927245 1.000000 0.079062 0.019642 2.862767 1.000000 0.071179 -0.076881 2.825935 1.000000 -0.208865 0.140971 2.887636 1.000000 -0.256471 -0.407325 2.931958 1.000000 -0.294774 -0.804479 2.982915 1.000000 -0.332973 -0.865322 2.928867 1.000000 -0.064951 0.134616 2.899406 1.000000 -0.046522 -0.406095 2.948592 1.000000 -0.034195 -0.799332 3.018333 1.000000 -0.012956 -0.874719 2.974199 1.000000
1629840560 -0.136002 0.210564 2.896654 1.000000 -0.136123 0.283600 2.909008 1.000000 -0.131119 0.651736 2.899088 1.000000 -0.114458 0.838064 2.845349 1.000000 -0.291992 0.536804 2.895836 1.000000 -0.358648 0.262325 2.915231 1.000000 -0.382087 -0.005144 2.876602 1.000000 -0.384061 -0.108180 2.863569 1.000000 0.030799 0.529518 2.920604 1.000000 0.065781 0.250113 2.930885 1.000000 0.081175 0.017699 2.870637 1.000000 0.076300 -0.077516 2.829400 1.000000 -0.209125 0.141064 2.887943 1.000000 -0.256917 -0.407544 2.931760 1.000000 -0.295058 -0.804580 2.983137 1.000000 -0.332969 -0.865418 2.928712 1.000000 -0.065072 0.134766 2.899973 1.000000 -0.046694 -0.405979 2.948061 1.000000 -0.034052 -0.799385 3.018361 1.000000 -0.011256 -0.874077 2.973616 1.000000
1629874618 -0.136401 0.210755 2.897418 1.000000 -0.136601 0.283776 2.910289 1.000000 -0.131059 0.652445 2.901724 1.000000 -0.116070 0.838407 2.844551 1.000000 -0.292196 0.536683 2.896356 1.000000 -0.360098 0.264351 2.919465 1.000000 -0.383768 -0.003114 2.876505 1.000000 -0.387722 -0.093297 2.859286 1.000000 0.030483 0.529946 2.922411 1.000000 0.065703 0.250214 2.934519 1.000000 0.081124 0.018443 2.879599 1.000000 0.083808 -0.076059 2.836140 1.000000 -0.209488 0.141295 2.888411 1.000000 -0.257139 -0.408028 2.931329 1.000000 -0.294797 -0.804590 2.982817 1.000000 -0.333130 -0.865456 2.928559 1.000000 -0.065502 0.134802 2.900723 1.000000 -0.046723 -0.406132 2.947911 1.000000 -0.033898 -0.798994 3.017638 1.000000 -0.011171 -0.873907 2.973033 1.000000
1629907733 -0.137458 0.211127 2.898201 1.000000 -0.137507 0.284101 2.911376 1.000000 -0.130963 0.652702 2.902672 1.000000 -0.118320 0.839205 2.844239 1.000000 -0.292718 0.536918 2.896905 1.000000 -0.362163 0.265178 2.923451 1.000000 -0.383058 -0.002366 2.874922 1.000000 -0.387083 -0.090672 2.858665 1.000000 0.029118 0.531221 2.924103 1.000000 0.064856 0.250072 2.937428 1.000000 0.081214 0.019134 2.882646 1.000000 0.089749 -0.076799 2.842983 1.000000 -0.210613 0.141727 2.888684 1.000000 -0.257357 -0.408266 2.931231 1.000000 -0.295226 -0.804649 2.983086 1.000000 -0.335070 -0.866357 2.930745 1.000000 -0.067078 0.135212 2.902156 1.000000 -0.046720 -0.406224 2.947795 1.000000 -0.034022 -0.799038 3.016695 1.000000 -0.010429 -0.875772 2.975579 1.000000
1629951830 -0.138452 0.211242 2.898721 1.000000 -0.138413 0.284191 2.912066 1.000000 -0.131141 0.652679 2.902819 1.000000 -0.118077 0.839966 2.844948 1.000000 -0.293451 0.537020 2.897777 1.000000 -0.363110 0.265207 2.923953 1.000000 -0.383024 -0.003113 2.874280 1.000000 -0.386873 -0.090433 2.858269 1.000000 0.028196 0.531407 2.925562 1.000000 0.063176 0.250473 2.938923 1.000000 0.082420 0.019957 2.886317 1.000000 0.093656 -0.076280 2.847765 1.000000 -0.211755 0.141875 2.889407 1.000000 -0.257450 -0.408357 2.931425 1.000000 -0.295582 -0.804521 2.983945 1.000000 -0.334190 -0.865902 2.930150 1.000000 -0.068129 0.135334 2.902552 1.000000 -0.046803 -0.406298 2.947687 1.000000 -0.034665 -0.798507 3.016703 1.000000 -0.009996 -0.875227 2.975992 1.000000
1629984226 -0.140085 0.211289 2.899248 1.000000 -0.140045 0.284145 2.912682 1.000000 -0.132908 0.652046 2.902803 1.000000 -0.120369 0.837252 2.848378 1.000000 -0.295615 0.537496 2.899383 1.000000 -0.363540 0.264643 2.924080 1.000000 -0.381959 -0.004565 2.873053 1.000000 -0.384714 -0.090383 2.857046 1.000000 0.026633 0.531640 2.925674 1.000000 0.062540 0.250406 2.939715 1.000000 0.081614 0.020590 2.891079 1.000000 0.100036 -0.078363 2.863457 1.000000 -0.213093 0.142023 2.889899 1.000000 -0.257670 -0.408574 2.931129 1.000000 -0.295633 -0.804511 2.983948 1.000000 -0.333818 -0.865927 2.929742 1.000000 -0.069889 0.135213 2.903205 1.000000 -0.047900 -0.409457 2.948177 1.000000 -0.034464 -0.801546 3.019512 1.000000 -0.006892 -0.872708 2.971096 1.000000
1630015542 -0.141138 0.211165 2.899755 1.000000 -0.141136 0.283992 2.913282 1.000000 -0.133923 0.651729 2.903091 1.000000 -0.121340 0.836683 2.848658 1.000000 -0.296251 0.537389 2.899807 1.000000 -0.363504 0.264748 2.923103 1.000000 -0.381775 -0.004701 2.872155 1.000000 -0.384171 -0.089262 2.856677 1.000000 0.025589 0.531654 2.926046 1.000000 0.061514 0.249730 2.940534 1.000000 0.081428 0.020083 2.891674 1.000000 0.099380 -0.079177 2.864580 1.000000 -0.213942 0.141979 2.890209 1.000000 -0.257772 -0.408592 2.931099 1.000000 -0.295642 -0.804568 2.983948 1.000000 -0.333728 -0.865909 2.929441 1.000000 -0.071062 0.135069 2.903964 1.000000 -0.047852 -0.408753 2.947880 1.000000 -0.034912 -0.801104 3.019188 1.000000 -0.005433 -0.872455 2.972025 1.000000
1630057830 -0.141705 0.211397 2.900042 1.000000 -0.141838 0.284132 2.913781 1.000000 -0.135850 0.651254 2.903827 1.000000 -0.123848 0.834577 2.847773 1.000000 -0.298568 0.537883 2.900926 1.000000 -0.363832 0.263269 2.917920 1.000000 -0.380717 -0.003414 2.868187 1.000000 -0.380166 -0.079075 2.851904 1.000000 0.025047 0.531883 2.926296 1.000000 0.061368 0.249602 2.940549 1.000000 0.080629 0.008618 2.889868 1.000000 0.096846 -0.080576 2.864820 1.000000 -0.214535 0.142072 2.890569 1.000000 -0.257847 -0.408578 2.931582 1.000000 -0.295601 -0.804788 2.984261 1.000000 -0.333556 -0.865802 2.929181 1.000000 -0.071254 0.135129 2.904050 1.000000 -0.047833 -0.408669 2.947782 1.000000 -0.035371 -0.800172 3.017551 1.000000 -0.005863 -0.872726 2.972139 1.000000
1630091988 -0.142157 0.211793 2.900287 1.000000 -0.142311 0.284398 2.914209 1.000000 -0.136979 0.650883 2.904284 1.000000 -0.124744 0.835309 2.848002 1.000000 -0.301112 0.538306 2.902874 1.000000 -0.363693 0.263680 2.914753 1.000000 -0.376519 -0.025479 2.853282 1.000000 -0.375849 -0.102228 2.847573 1.000000 0.024074 0.532400 2.926903 1.000000 0.060821 0.250261 2.940559 1.000000 0.080557 0.008703 2.889876 1.000000 0.092071 -0.081922 2.865338 1.000000 -0.214983 0.142204 2.890743 1.000000 -0.258057 -0.408723 2.931789 1.000000 -0.295680 -0.804632 2.983808 1.000000 -0.333744 -0.865973 2.929067 1.000000 -0.071428 0.135417 2.904220 1.000000 -0.047669 -0.408332 2.947787 1.000000 -0.035402 -0.800000 3.017632 1.000000 -0.005965 -0.872274 2.971609 1.000000
1630124756 -0.142302 0.211773 2.900738 1.000000 -0.142619 0.284271 2.914890 1.000000 -0.138299 0.650061 2.905106 1.000000 -0.126126 0.835060 2.846958 1.000000 -0.302087 0.538346 2.903457 1.000000 -0.363192 0.263528 2.910100 1.000000 -0.376630 0.048629 2.852235 1.000000 -0.373789 -0.055123 2.843359 1.000000 0.022978 0.532534 2.927776 1.000000 0.060487 0.250185 2.940402 1.000000 0.079279 -0.031346 2.877361 1.000000 0.079813 -0.106907 2.862579 1.000000 -0.215039 0.142062 2.891021 1.000000 -0.258357 -0.408820 2.932234 1.000000 -0.295657 -0.804622 2.983816 1.000000 -0.334934 -0.866660 2.930609 1.000000 -0.071441 0.135458 2.904838 1.000000 -0.047749 -0.408237 2.947685 1.000000 -0.036052 -0.801561 3.020386 1.000000 -0.011638 -0.871216 2.967712 1.000000
1630168776 -0.142691 0.211573 2.901298 1.000000 -0.143217 0.283833 2.915928 1.000000 -0.140138 0.648456 2.906943 1.000000 -0.136343 0.821190 2.844810 1.000000 -0.303482 0.538197 2.904885 1.000000 -0.363321 0.264163 2.909069 1.000000 -0.375219 0.048903 2.851210 1.000000 -0.369121 -0.053978 2.834964 1.000000 0.021359 0.532568 2.928599 1.000000 0.059962 0.249737 2.940197 1.000000 0.073393 -0.014387 2.877853 1.000000 0.076901 -0.093891 2.863739 1.000000 -0.215356 0.141681 2.891361 1.000000 -0.258595 -0.409220 2.932426 1.000000 -0.295491 -0.804711 2.984134 1.000000 -0.334927 -0.866462 2.930612 1.000000 -0.071622 0.135443 2.905355 1.000000 -0.047577 -0.407343 2.947697 1.000000 -0.036184 -0.800076 3.018822 1.000000 -0.011329 -0.871948 2.969328 1.000000
1630201149 -0.143207 0.211412 2.902494 1.000000 -0.144110 0.283462 2.917913 1.000000 -0.142562 0.647748 2.910246 1.000000 -0.136551 0.821779 2.842223 1.000000 -0.304190 0.538006 2.904879 1.000000 -0.363706 0.265439 2.907558 1.000000 -0.371061 0.049858 2.849035 1.000000 -0.360504 -0.050614 2.822247 1.000000 0.020317 0.532348 2.929517 1.000000 0.057847 0.249741 2.940284 1.000000 0.072462 -0.013609 2.876884 1.000000 0.070652 -0.089921 2.853244 1.000000 -0.215691 0.141401 2.892082 1.000000 -0.258835 -0.408670 2.932619 1.000000 -0.294086 -0.805402 2.984386 1.000000 -0.335375 -0.866167 2.931040 1.000000 -0.071815 0.135379 2.906430 1.000000 -0.047649 -0.407516 2.947845 1.000000 -0.036179 -0.801999 3.020056 1.000000 -0.017600 -0.878732 2.975225 1.000000
1630232364 -0.143296 0.211602 2.902833 1.000000 -0.144224 0.283605 2.918473 1.000000 -0.142723 0.647893 2.909947 1.000000 -0.133434 0.829223 2.845561 1.000000 -0.304555 0.538348 2.905663 1.000000 -0.363654 0.266172 2.907545 1.000000 -0.366160 0.051137 2.844888 1.000000 -0.354771 -0.047330 2.811160 1.000000 0.020128 0.532596 2.930010 1.000000 0.057040 0.249872 2.940589 1.000000 0.067796 -0.008966 2.870831 1.000000 0.066680 -0.088513 2.853688 1.000000 -0.215815 0.141467 2.892588 1.000000 -0.258850 -0.408823 2.932892 1.000000 -0.294248 -0.805512 2.984342 1.000000 -0.335388 -0.866204 2.930712 1.000000 -0.071781 0.135648 2.906873 1.000000 -0.047857 -0.406157 2.948158 1.000000 -0.035682 -0.801338 3.020142 1.000000 -0.016201 -0.876373 2.972788 1.000000
1630274636 -0.143461 0.211683 2.903193 1.000000 -0.144418 0.283607 2.918861 1.000000 -0.143714 0.646412 2.908893 1.000000 -0.133761 0.829517 2.846794 1.000000 -0.304705 0.538589 2.906219 1.000000 -0.363552 0.267499 2.907201 1.000000 -0.363111 0.053342 2.839888 1.000000 -0.351414 -0.046118 2.808578 1.000000 0.019715 0.532805 2.930228 1.000000 0.054964 0.250817 2.941458 1.000000 0.066174 -0.006884 2.869273 1.000000 0.061973 -0.085010 2.849675 1.000000 -0.215904 0.141471 2.893175 1.000000 -0.258913 -0.408748 2.933112 1.000000 -0.294294 -0.805719 2.984427 1.000000 -0.335528 -0.866305 2.930670 1.000000 -0.071897 0.135911 2.907409 1.000000 -0.047819 -0.406004 2.948770 1.000000 -0.035677 -0.800633 3.020211 1.000000 -0.014005 -0.873657 2.970628 1.000000
1630308898 -0.143802 0.212010 2.904297 1.000000 -0.144722 0.283914 2.919909 1.000000 -0.143667 0.646636 2.909226 1.000000 -0.132915 0.832433 2.846442 1.000000 -0.304996 0.538671 2.906434 1.000000 -0.363684 0.267865 2.907044 1.000000 -0.360521 0.054031 2.837721 1.000000 -0.347311 -0.045202 2.805265 1.000000 0.019517 0.532830 2.930229 1.000000 0.053444 0.250378 2.940949 1.000000 0.056827 0.004577 2.870948 1.000000 0.060480 -0.083945 2.848727 1.000000 -0.216341 0.141571 2.894143 1.000000 -0.259060 -0.408779 2.933325 1.000000 -0.294375 -0.805695 2.984480 1.000000 -0.336732 -0.866945 2.932302 1.000000 -0.072134 0.136368 2.908800 1.000000 -0.047910 -0.405360 2.948879 1.000000 -0.036157 -0.799279 3.019608 1.000000 -0.013911 -0.873601 2.972177 1.000000
1630341710 -0.144123 0.212162 2.904833 1.000000 -0.145148 0.284082 2.920112 1.000000 -0.145063 0.646702 2.907989 1.000000 -0.132822 0.832477 2.846556 1.000000 -0.305229 0.538733 2.906463 1.000000 -0.363666 0.268484 2.907318 1.000000 -0.359820 0.054660 2.837172 1.000000 -0.345278 -0.043756 2.802354 1.000000 0.018225 0.533935 2.930971 1.000000 0.051992 0.251201 2.940891 1.000000 0.053691 0.000242 2.865350 1.000000 0.058642 -0.082947 2.847942 1.000000 -0.216586 0.141618 2.895677 1.000000 -0.259385 -0.409204 2.934317 1.000000 -0.294612 -0.805800 2.984420 1.000000 -0.336247 -0.867279 2.931856 1.000000 -0.072364 0.136787 2.909248 1.000000 -0.047944 -0.404462 2.948994 1.000000 -0.036202 -0.798734 3.019294 1.000000 -0.013662 -0.873572 2.972740 1.000000
1630385573 -0.144304 0.212153 2.905159 1.000000 -0.145347 0.284118 2.920175 1.000000 -0.145676 0.646916 2.907604 1.000000 -0.130847 0.830367 2.849627 1.000000 -0.305897 0.539009 2.907416 1.000000 -0.363002 0.270090 2.907343 1.000000 -0.359518 0.056156 2.836846 1.000000 -0.345155 -0.042110 2.800846 1.000000 0.017836 0.534111 2.931304 1.000000 0.050813 0.251813 2.940528 1.000000 0.053893 0.000445 2.865117 1.000000 0.057453 -0.084516 2.845128 1.000000 -0.216748 0.141428 2.896512 1.000000 -0.259526 -0.409374 2.934653 1.000000 -0.295548 -0.806489 2.986302 1.000000 -0.335246 -0.866587 2.930649 1.000000 -0.072427 0.136849 2.909410 1.000000 -0.048091 -0.404801 2.949525 1.000000 -0.035611 -0.799959 3.019210 1.000000 -0.019193 -0.875529 2.971207 1.000000
1630418335 -0.144490 0.212229 2.905357 1.000000 -0.145532 0.284179 2.920117 1.000000 -0.145873 0.646844 2.907391 1.000000 -0.130454 0.832642 2.847918 1.000000 -0.305915 0.539117 2.907653 1.000000 -0.362607 0.271201 2.908001 1.000000 -0.358541 0.057078 2.837527 1.000000 -0.346070 -0.041259 2.800318 1.000000 0.017783 0.534438 2.931379 1.000000 0.050741 0.251859 2.940640 1.000000 0.056136 0.004762 2.866816 1.000000 0.058198 -0.081931 2.847121 1.000000 -0.216930 0.141413 2.896816 1.000000 -0.259821 -0.409912 2.935063 1.000000 -0.294994 -0.808015 2.986169 1.000000 -0.335804 -0.867010 2.930075 1.000000 -0.072562 0.137022 2.909594 1.000000 -0.048154 -0.404861 2.949542 1.000000 -0.035564 -0.799954 3.019201 1.000000 -0.012885 -0.876571 2.975522 1.000000
1630450997 -0.144427 0.212372 2.905700 1.000000 -0.145499 0.284298 2.919835 1.000000 -0.145114 0.646087 2.905698 1.000000 -0.130399 0.832413 2.846503 1.000000 -0.305473 0.539442 2.907334 1.000000 -0.362468 0.271449 2.908308 1.000000 -0.356887 0.055710 2.843670 1.000000 -0.346983 -0.041993 2.803616 1.000000 0.017868 0.534553 2.931569 1.000000 0.050285 0.252299 2.941495 1.000000 0.055671 0.002497 2.867172 1.000000 0.059348 -0.082131 2.848124 1.000000 -0.216803 0.141686 2.897391 1.000000 -0.260357 -0.406055 2.935891 1.000000 -0.293115 -0.802819 2.983933 1.000000 -0.336154 -0.865967 2.934342 1.000000 -0.072526 0.137250 2.910354 1.000000 -0.048095 -0.404833 2.949653 1.000000 -0.035415 -0.799585 3.019562 1.000000 -0.012725 -0.875956 2.975381 1.000000
1630482456 -0.144403 0.212535 2.906140 1.000000 -0.145455 0.284465 2.919741 1.000000 -0.144902 0.646314 2.905634 1.000000 -0.130289 0.832781 2.842691 1.000000 -0.305325 0.539666 2.907299 1.000000 -0.362026 0.271544 2.908927 1.000000 -0.357866 0.055250 2.845749 1.000000 -0.353056 -0.046381 2.814795 1.000000 0.017984 0.534752 2.931773 1.000000 0.050395 0.252240 2.941714 1.000000 0.062479 0.018295 2.881002 1.000000 0.061951 -0.084332 2.853117 1.000000 -0.216772 0.141792 2.897683 1.000000 -0.260371 -0.406571 2.935915 1.000000 -0.293908 -0.803272 2.984817 1.000000 -0.335840 -0.866065 2.933774 1.000000 -0.072525 0.137475 2.911174 1.000000 -0.048056 -0.404695 2.949785 1.000000 -0.035455 -0.799046 3.019482 1.000000 -0.012626 -0.875722 2.975820 1.000000
1630524821 -0.144617 0.212485 2.906574 1.000000 -0.145597 0.284480 2.919520 1.000000 -0.144854 0.646377 2.905188 1.000000 -0.130706 0.832035 2.842278 1.000000 -0.305113 0.540784 2.906923 1.000000 -0.362183 0.272088 2.909482 1.000000 -0.360010 0.051556 2.848758 1.000000 -0.359713 -0.052534 2.826166 1.000000 0.017757 0.534952 2.931983 1.000000 0.051177 0.251688 2.942129 1.000000 0.066656 0.004974 2.883690 1.000000 0.064951 -0.089412 2.854954 1.000000 -0.216945 0.141930 2.898497 1.000000 -0.260437 -0.404997 2.935950 1.000000 -0.292254 -0.800672 2.984025 1.000000 -0.335892 -0.864664 2.935905 1.000000 -0.072894 0.137419 2.911693 1.000000 -0.048059 -0.404473 2.949934 1.000000 -0.035566 -0.798966 3.019310 1.000000 -0.011442 -0.874935 2.975021 1.000000
1630558712 -0.144693 0.212395 2.906991 1.000000 -0.145576 0.284450 2.919168 1.000000 -0.144060 0.645721 2.904119 1.000000 -0.130575 0.832983 2.842191 1.000000 -0.304980 0.540738 2.906801 1.000000 -0.362694 0.271367 2.910038 1.000000 -0.362041 0.050751 2.854147 1.000000 -0.365956 -0.054738 2.838962 1.000000 0.017842 0.534960 2.932000 1.000000 0.052574 0.251104 2.942944 1.000000 0.069547 0.006830 2.889625 1.000000 0.072177 -0.086115 2.869466 1.000000 -0.217171 0.141814 2.899606 1.000000 -0.260537 -0.405738 2.936218 1.000000 -0.291967 -0.801026 2.983526 1.000000 -0.332573 -0.864679 2.932325 1.000000 -0.073005 0.137321 2.912043 1.000000 -0.048088 -0.404475 2.950010 1.000000 -0.035785 -0.798162 3.018981 1.000000 -0.010744 -0.874251 2.975328 1.000000
1630601784 -0.144771 0.212387 2.907254 1.000000 -0.145555 0.284478 2.918768 1.000000 -0.143823 0.645831 2.903849 1.000000 -0.130564 0.832975 2.842215 1.000000 -0.304958 0.540729 2.906730 1.000000 -0.363306 0.269290 2.913930 1.000000 -0.365442 0.047178 2.858675 1.000000 -0.369361 -0.058594 2.844274 1.000000 0.017997 0.535062 2.931687 1.000000 0.053337 0.251040 2.944246 1.000000 0.073698 0.006538 2.895774 1.000000 0.075676 -0.090594 2.875396 1.000000 -0.217282 0.141807 2.899861 1.000000 -0.260497 -0.405802 2.936121 1.000000 -0.292185 -0.801188 2.983539 1.000000 -0.331758 -0.864708 2.931301 1.000000 -0.073134 0.137228 2.912498 1.000000 -0.048092 -0.404505 2.950084 1.000000 -0.035829 -0.797965 3.019310 1.000000 -0.010991 -0.873699 2.974845 1.000000
1630633083 -0.144780 0.212332 2.907392 1.000000 -0.145537 0.284411 2.918336 1.000000 -0.143834 0.645306 2.903535 1.000000 -0.130773 0.833144 2.842333 1.000000 -0.305260 0.540538 2.906572 1.000000 -0.363466 0.268872 2.913878 1.000000 -0.371826 -0.002840 2.862614 1.000000 -0.373118 -0.079763 2.845203 1.000000 0.018016 0.535081 2.931649 1.000000 0.054306 0.251538 2.944928 1.000000 0.076739 0.007201 2.898626 1.000000 0.078329 -0.092535 2.878635 1.000000 -0.217337 0.141605 2.900121 1.000000 -0.260517 -0.405781 2.936211 1.000000 -0.292625 -0.801818 2.983309 1.000000 -0.332129 -0.865206 2.930787 1.000000 -0.073086 0.137149 2.912632 1.000000 -0.048108 -0.404141 2.950239 1.000000 -0.035804 -0.797687 3.018457 1.000000 -0.010891 -0.874219 2.975337 1.000000
1630674558 -0.145087 0.211479 2.907928 1.000000 -0.145892 0.283340 2.918073 1.000000 -0.144767 0.642110 2.902333 1.000000 -0.139703 0.806651 2.838858 1.000000 -0.306405 0.538526 2.906208 1.000000 -0.363999 0.267296 2.915430 1.000000 -0.376144 -0.008809 2.867554 1.000000 -0.376651 -0.086106 2.852145 1.000000 0.017795 0.534857 2.931341 1.000000 0.057532 0.251515 2.948440 1.000000 0.079513 0.006550 2.902656 1.000000 0.082203 -0.096415 2.883789 1.000000 -0.217788 0.140292 2.900985 1.000000 -0.260458 -0.406048 2.936366 1.000000 -0.293231 -0.805403 2.985716 1.000000 -0.332629 -0.865158 2.928956 1.000000 -0.073192 0.136309 2.913216 1.000000 -0.048070 -0.404138 2.950304 1.000000 -0.035450 -0.797240 3.018037 1.000000 -0.011256 -0.874379 2.975507 1.000000
1630707843 -0.145304 0.211049 2.908520 1.000000 -0.145953 0.283032 2.917745 1.000000 -0.144494 0.641971 2.902027 1.000000 -0.138485 0.806803 2.838842 1.000000 -0.306690 0.538150 2.906273 1.000000 -0.364715 0.266208 2.917592 1.000000 -0.381653 0.009046 2.878440 1.000000 -0.378601 -0.077580 2.861714 1.000000 0.017826 0.534704 2.931285 1.000000 0.059529 0.250897 2.950301 1.000000 0.080881 0.007130 2.906162 1.000000 0.084832 -0.094554 2.889602 1.000000 -0.218421 0.139652 2.902412 1.000000 -0.260460 -0.406164 2.936361 1.000000 -0.293204 -0.805732 2.985305 1.000000 -0.332989 -0.865768 2.929010 1.000000 -0.073308 0.135736 2.913635 1.000000 -0.048014 -0.404339 2.950277 1.000000 -0.035140 -0.797619 3.019019 1.000000 -0.010383 -0.875082 2.977272 1.000000
1630741925 -0.145270 0.210925 2.908640 1.000000 -0.145823 0.282931 2.917206 1.000000 -0.143113 0.642072 2.901854 1.000000 -0.131998 0.813766 2.838360 1.000000 -0.306373 0.538000 2.905950 1.000000 -0.365984 0.264402 2.921635 1.000000 -0.383112 0.004185 2.878382 1.000000 -0.379835 -0.078125 2.862578 1.000000 0.018597 0.534077 2.931422 1.000000 0.061585 0.250851 2.953614 1.000000 0.082881 0.006792 2.908433 1.000000 0.087527 -0.093071 2.892565 1.000000 -0.218454 0.139606 2.902478 1.000000 -0.260481 -0.406404 2.936494 1.000000 -0.294057 -0.806463 2.985056 1.000000 -0.333345 -0.866493 2.928308 1.000000 -0.073289 0.135400 2.913818 1.000000 -0.047966 -0.404346 2.950341 1.000000 -0.035124 -0.797415 3.019010 1.000000 -0.013283 -0.870739 2.968869 1.000000
1630774849 -0.145408 0.210760 2.908845 1.000000 -0.145823 0.282771 2.916752 1.000000 -0.142566 0.641741 2.901758 1.000000 -0.131358 0.813818 2.838183 1.000000 -0.306291 0.538206 2.905882 1.000000 -0.366349 0.264625 2.926239 1.000000 -0.383576 0.000614 2.879993 1.000000 -0.383617 -0.082382 2.866183 1.000000 0.019197 0.532895 2.931237 1.000000 0.062322 0.250753 2.954678 1.000000 0.084360 0.006721 2.909833 1.000000 0.092546 -0.090009 2.897719 1.000000 -0.218825 0.139444 2.902818 1.000000 -0.260374 -0.406959 2.936239 1.000000 -0.293727 -0.806535 2.985543 1.000000 -0.333322 -0.866113 2.928458 1.000000 -0.073448 0.135074 2.913982 1.000000 -0.047962 -0.404353 2.950339 1.000000 -0.034419 -0.796737 3.018386 1.000000 -0.013543 -0.871479 2.969869 1.000000
1630819012 -0.145412 0.210787 2.909034 1.000000 -0.145798 0.282762 2.916410 1.000000 -0.142385 0.641608 2.902020 1.000000 -0.130867 0.813552 2.837263 1.000000 -0.306450 0.538547 2.904879 1.000000 -0.366299 0.264563 2.927124 1.000000 -0.385356 -0.000873 2.879176 1.000000 -0.384402 -0.082273 2.866485 1.000000 0.019289 0.532774 2.931186 1.000000 0.062419 0.250770 2.954954 1.000000 0.087918 0.003166 2.912344 1.000000 0.093673 -0.089982 2.898361 1.000000 -0.218847 0.139438 2.902853 1.000000 -0.260244 -0.407116 2.936098 1.000000 -0.293110 -0.806262 2.984689 1.000000 -0.333679 -0.866244 2.928673 1.000000 -0.073421 0.135057 2.914242 1.000000 -0.047947 -0.404375 2.950216 1.000000 -0.034205 -0.796620 3.018080 1.000000 -0.013581 -0.871801 2.970082 1.000000
1630851554 -0.145300 0.210816 2.909029 1.000000 -0.145581 0.282832 2.915899 1.000000 -0.141285 0.642322 2.901855 1.000000 -0.127350 0.814592 2.836872 1.000000 -0.306228 0.538742 2.904500 1.000000 -0.366568 0.264792 2.927860 1.000000 -0.386825 -0.006025 2.881536 1.000000 -0.391746 -0.090647 2.884214 1.000000 0.020494 0.531709 2.931378 1.000000 0.062637 0.250674 2.954916 1.000000 0.088875 0.003410 2.913137 1.000000 0.094539 -0.090358 2.899203 1.000000 -0.218821 0.139477 2.902828 1.000000 -0.260195 -0.406778 2.935707 1.000000 -0.293720 -0.806049 2.985347 1.000000 -0.333397 -0.865741 2.928335 1.000000 -0.073230 0.134917 2.914211 1.000000 -0.047932 -0.405045 2.950174 1.000000 -0.034360 -0.800938 3.021582 1.000000 -0.017331 -0.873050 2.967751 1.000000
1630882943 -0.145168 0.210841 2.909235 1.000000 -0.145403 0.282863 2.915529 1.000000 -0.140767 0.642404 2.901549 1.000000 -0.126337 0.814164 2.835613 1.000000 -0.306000 0.539020 2.904153 1.000000 -0.366421 0.264588 2.928417 1.000000 -0.387288 -0.008133 2.885103 1.000000 -0.390947 -0.090264 2.884204 1.000000 0.020726 0.531711 2.931444 1.000000 0.062864 0.250696 2.955019 1.000000 0.089622 -0.002037 2.911236 1.000000 0.094639 -0.090452 2.899369 1.000000 -0.218754 0.139526 2.902946 1.000000 -0.260162 -0.406886 2.935450 1.000000 -0.293925 -0.806013 2.985744 1.000000 -0.333271 -0.865771 2.928522 1.000000 -0.073071 0.134805 2.914643 1.000000 -0.047950 -0.405144 2.950164 1.000000 -0.034417 -0.801604 3.021719 1.000000 -0.021573 -0.873970 2.967021 1.000000
1630924777 -0.144757 0.210921 2.909495 1.000000 -0.144847 0.282948 2.915200 1.000000 -0.139191 0.642524 2.901096 1.000000 -0.125380 0.815306 2.834749 1.000000 -0.305598 0.539415 2.903476 1.000000 -0.366246 0.264365 2.928885 1.000000 -0.387539 -0.008460 2.886698 1.000000 -0.389669 -0.092938 2.885693 1.000000 0.020922 0.531681 2.931499 1.000000 0.063566 0.250732 2.955436 1.000000 0.090414 -0.000921 2.912389 1.000000 0.096865 -0.092791 2.901677 1.000000 -0.218502 0.139665 2.903101 1.000000 -0.260171 -0.407221 2.935148 1.000000 -0.294124 -0.805915 2.985594 1.000000 -0.332678 -0.865393 2.927501 1.000000 -0.072687 0.134752 2.915063 1.000000 -0.047936 -0.405163 2.950161 1.000000 -0.033898 -0.801132 3.021356 1.000000 -0.017035 -0.874907 2.969669 1.000000
1630958795 -0.144199 0.210955 2.909779 1.000000 -0.144321 0.282983 2.914922 1.000000 -0.138943 0.642599 2.901091 1.000000 -0.124993 0.815386 2.834582 1.000000 -0.305230 0.539354 2.902038 1.000000 -0.361196 0.267149 2.927574 1.000000 -0.387129 -0.008159 2.886836 1.000000 -0.387220 -0.087063 2.890533 1.000000 0.021342 0.531179 2.931361 1.000000 0.063874 0.250732 2.955508 1.000000 0.090897 0.000328 2.914300 1.000000 0.097678 -0.095002 2.903613 1.000000 -0.218100 0.139669 2.902980 1.000000 -0.259920 -0.407541 2.934572 1.000000 -0.294187 -0.805879 2.985693 1.000000 -0.332755 -0.865494 2.927711 1.000000 -0.071665 0.134581 2.916163 1.000000 -0.047850 -0.405244 2.950025 1.000000 -0.033284 -0.800597 3.020307 1.000000 -0.015465 -0.876274 2.971740 1.000000
1630991847 -0.142394 0.211337 2.910395 1.000000 -0.142698 0.283267 2.914887 1.000000 -0.138130 0.642596 2.901080 1.000000 -0.120224 0.814866 2.833753 1.000000 -0.302561 0.540204 2.899631 1.000000 -0.358794 0.268778 2.926464 1.000000 -0.384507 -0.007776 2.884573 1.000000 -0.379035 -0.086047 2.880066 1.000000 0.022553 0.531190 2.931500 1.000000 0.064360 0.251049 2.955597 1.000000 0.091895 0.001408 2.916271 1.000000 0.099051 -0.096623 2.906130 1.000000 -0.216034 0.140114 2.902748 1.000000 -0.259839 -0.407501 2.933790 1.000000 -0.294208 -0.805870 2.985609 1.000000 -0.332431 -0.865322 2.927195 1.000000 -0.069641 0.134971 2.917818 1.000000 -0.047440 -0.405281 2.949204 1.000000 -0.033628 -0.799966 3.019062 1.000000 -0.014318 -0.876582 2.972533 1.000000
1631035844 -0.140853 0.211049 2.910550 1.000000 -0.141289 0.282921 2.914534 1.000000 -0.137483 0.642168 2.901072 1.000000 -0.117034 0.811951 2.830204 1.000000 -0.301091 0.539468 2.898307 1.000000 -0.356899 0.272335 2.924268 1.000000 -0.373305 0.049669 2.884498 1.000000 -0.377801 -0.056561 2.877644 1.000000 0.023399 0.530856 2.931881 1.000000 0.064976 0.250983 2.955914 1.000000 0.093565 -0.022658 2.915648 1.000000 0.099352 -0.100586 2.905869 1.000000 -0.214126 0.139748 2.901965 1.000000 -0.259513 -0.407813 2.933086 1.000000 -0.294218 -0.805929 2.985703 1.000000 -0.332727 -0.865114 2.927161 1.000000 -0.067917 0.134657 2.918740 1.000000 -0.046948 -0.405143 2.948837 1.000000 -0.032977 -0.799405 3.016907 1.000000 -0.013722 -0.876498 2.971094 1.000000
1631068306 -0.139117 0.211773 2.910496 1.000000 -0.139857 0.283425 2.913991 1.000000 -0.137084 0.642067 2.900878 1.000000 -0.114449 0.813499 2.826930 1.000000 -0.299037 0.540353 2.896024 1.000000 -0.355571 0.273748 2.923205 1.000000 -0.373779 -0.000971 2.868500 1.000000 -0.375850 -0.085849 2.873205 1.000000 0.025363 0.532243 2.932395 1.000000 0.066600 0.251407 2.956749 1.000000 0.094564 -0.003205 2.924405 1.000000 0.099633 -0.096795 2.906280 1.000000 -0.211988 0.140588 2.901350 1.000000 -0.257727 -0.402838 2.930066 1.000000 -0.290634 -0.801476 2.982883 1.000000 -0.333616 -0.864173 2.931494 1.000000 -0.066188 0.135311 2.919095 1.000000 -0.046362 -0.404995 2.948730 1.000000 -0.032222 -0.798591 3.016902 1.000000 -0.014483 -0.876602 2.971970 1.000000
1631099612 -0.136614 0.211726 2.910602 1.000000 -0.137215 0.283335 2.913184 1.000000 -0.134089 0.641408 2.898783 1.000000 -0.106661 0.817704 2.824033 1.000000 -0.296294 0.541353 2.895330 1.000000 -0.353020 0.274305 2.919723 1.000000 -0.373666 -0.000739 2.868652 1.000000 -0.374342 -0.081289 2.871715 1.000000 0.026933 0.532595 2.932015 1.000000 0.068654 0.253710 2.957633 1.000000 0.094362 0.002306 2.927439 1.000000 0.103248 -0.090774 2.914007 1.000000 -0.209144 0.140735 2.901488 1.000000 -0.256754 -0.402837 2.929519 1.000000 -0.289766 -0.801270 2.981662 1.000000 -0.333321 -0.863135 2.929705 1.000000 -0.064226 0.135392 2.919565 1.000000 -0.045940 -0.404783 2.948649 1.000000 -0.032370 -0.798620 3.016194 1.000000 -0.012614 -0.877038 2.972788 1.000000
1631141851 -0.134372 0.211874 2.910547 1.000000 -0.135047 0.283317 2.912391 1.000000 -0.132650 0.640615 2.898094 1.000000 -0.103831 0.814555 2.821619 1.000000 -0.294501 0.541799 2.894045 1.000000 -0.351634 0.272521 2.917666 1.000000 -0.369311 0.013612 2.869639 1.000000 -0.369238 -0.076829 2.865252 1.000000 0.028246 0.532615 2.931732 1.000000 0.070113 0.255619 2.959779 1.000000 0.093302 -0.000076 2.925325 1.000000 0.102959 -0.093045 2.914735 1.000000 -0.206765 0.140978 2.901130 1.000000 -0.255504 -0.402965 2.928625 1.000000 -0.289461 -0.800472 2.980253 1.000000 -0.333406 -0.863643 2.930138 1.000000 -0.061932 0.135546 2.919960 1.000000 -0.044210 -0.404601 2.948503 1.000000 -0.032442 -0.798668 3.015970 1.000000 -0.009186 -0.878003 2.975991 1.000000
1631175876 -0.131986 0.212003 2.910068 1.000000 -0.132779 0.283315 2.910935 1.000000 -0.131040 0.639601 2.895289 1.000000 -0.099593 0.813946 2.820620 1.000000 -0.291502 0.543146 2.892778 1.000000 -0.349521 0.271524 2.914940 1.000000 -0.362254 0.005827 2.865376 1.000000 -0.365609 -0.075792 2.861107 1.000000 0.030497 0.532636 2.931840 1.000000 0.072356 0.257082 2.960822 1.000000 0.094046 0.001612 2.927036 1.000000 0.104106 -0.091238 2.916795 1.000000 -0.204064 0.141130 2.900843 1.000000 -0.254576 -0.403260 2.928303 1.000000 -0.289344 -0.800255 2.979411 1.000000 -0.333189 -0.863928 2.929817 1.000000 -0.059495 0.135855 2.919841 1.000000 -0.041968 -0.404693 2.947946 1.000000 -0.032597 -0.798166 3.014903 1.000000 -0.008325 -0.878331 2.977209 1.000000
1631208598 -0.130177 0.211894 2.910007 1.000000 -0.130753 0.283145 2.910124 1.000000 -0.128650 0.639053 2.894356 1.000000 -0.098004 0.813011 2.820723 1.000000 -0.290010 0.543019 2.891733 1.000000 -0.346199 0.269596 2.911228 1.000000 -0.360469 0.005054 2.863334 1.000000 -0.362845 -0.074313 2.856350 1.000000 0.032607 0.532248 2.931920 1.000000 0.073192 0.258647 2.961464 1.000000 0.094340 0.002504 2.927043 1.000000 0.104128 -0.091807 2.916851 1.000000 -0.202708 0.141049 2.900671 1.000000 -0.253982 -0.403458 2.928303 1.000000 -0.289264 -0.800527 2.979283 1.000000 -0.333552 -0.864086 2.929910 1.000000 -0.057558 0.135605 2.920151 1.000000 -0.039627 -0.403950 2.947488 1.000000 -0.032568 -0.798011 3.014902 1.000000 -0.008397 -0.878155 2.977064 1.000000
1631252562 -0.127972 0.210482 2.910533 1.000000 -0.128585 0.281421 2.910114 1.000000 -0.127226 0.635323 2.895130 1.000000 -0.095436 0.778001 2.821917 1.000000 -0.288574 0.541121 2.890726 1.000000 -0.341209 0.268467 2.910014 1.000000 -0.357924 0.002697 2.863664 1.000000 -0.359017 -0.075096 2.852553 1.000000 0.034752 0.531141 2.931107 1.000000 0.076041 0.259651 2.963197 1.000000 0.098145 0.006414 2.932410 1.000000 0.103716 -0.089746 2.916126 1.000000 -0.200709 0.139442 2.900906 1.000000 -0.252792 -0.404178 2.928635 1.000000 -0.289343 -0.799765 2.978478 1.000000 -0.333345 -0.864089 2.929821 1.000000 -0.054574 0.133956 2.921020 1.000000 -0.037632 -0.404418 2.947164 1.000000 -0.032911 -0.799217 3.015559 1.000000 -0.008833 -0.878491 2.975844 1.000000
1631285052 -0.123202 0.210602 2.911223 1.000000 -0.123553 0.281308 2.909885 1.000000 -0.121008 0.633864 2.892970 1.000000 -0.089308 0.794351 2.821465 1.000000 -0.284972 0.540825 2.889786 1.000000 -0.336153 0.266037 2.907775 1.000000 -0.354335 0.002085 2.861678 1.000000 -0.354666 -0.075490 2.849539 1.000000 0.042189 0.530806 2.930782 1.000000 0.078875 0.259561 2.963890 1.000000 0.102382 0.000955 2.936543 1.000000 0.104988 -0.090139 2.918086 1.000000 -0.196989 0.139247 2.901680 1.000000 -0.251748 -0.403711 2.928880 1.000000 -0.288141 -0.801331 2.979576 1.000000 -0.334287 -0.864260 2.931065 1.000000 -0.049424 0.133708 2.922430 1.000000 -0.034554 -0.406306 2.947875 1.000000 -0.032616 -0.799065 3.015501 1.000000 -0.004870 -0.863741 2.956425 1.000000
1631316563 -0.119148 0.209418 2.912183 1.000000 -0.119263 0.279940 2.910343 1.000000 -0.116366 0.631808 2.893651 1.000000 -0.089624 0.794561 2.821823 1.000000 -0.280409 0.540287 2.889022 1.000000 -0.333399 0.263756 2.907166 1.000000 -0.351685 0.001954 2.860985 1.000000 -0.352223 -0.075620 2.849455 1.000000 0.044659 0.530686 2.930220 1.000000 0.081990 0.259095 2.965508 1.000000 0.105599 -0.006973 2.940032 1.000000 0.107305 -0.092807 2.921523 1.000000 -0.192711 0.137882 2.903209 1.000000 -0.250205 -0.404407 2.929130 1.000000 -0.288209 -0.801629 2.978367 1.000000 -0.334822 -0.864433 2.930128 1.000000 -0.046151 0.133220 2.922923 1.000000 -0.032937 -0.405294 2.947863 1.000000 -0.033022 -0.799670 3.015927 1.000000 -0.014532 -0.874368 2.965704 1.000000
1631358794 -0.114734 0.208760 2.912525 1.000000 -0.114731 0.279465 2.910185 1.000000 -0.111610 0.632421 2.893489 1.000000 -0.074499 0.799465 2.819767 1.000000 -0.271026 0.540604 2.888265 1.000000 -0.330507 0.264707 2.907725 1.000000 -0.346825 0.005598 2.862249 1.000000 -0.350296 -0.071772 2.850045 1.000000 0.053222 0.528030 2.930231 1.000000 0.086325 0.258162 2.967507 1.000000 0.106670 0.006808 2.943545 1.000000 0.109419 -0.093999 2.929272 1.000000 -0.188681 0.137418 2.903607 1.000000 -0.248672 -0.405216 2.930131 1.000000 -0.288105 -0.802121 2.977816 1.000000 -0.335049 -0.864407 2.929204 1.000000 -0.041711 0.132571 2.923347 1.000000 -0.030609 -0.403862 2.947850 1.000000 -0.032893 -0.799595 3.015974 1.000000 -0.008592 -0.878258 2.975132 1.000000
1631391929 -0.110865 0.208718 2.913529 1.000000 -0.111240 0.279488 2.910408 1.000000 -0.109709 0.632702 2.892610 1.000000 -0.070700 0.803334 2.816408 1.000000 -0.266034 0.541513 2.887947 1.000000 -0.325502 0.265964 2.906363 1.000000 -0.329301 0.041422 2.867141 1.000000 -0.345129 -0.062420 2.851557 1.000000 0.057602 0.527365 2.928421 1.000000 0.087983 0.259182 2.966813 1.000000 0.114584 0.034869 2.961366 1.000000 0.111175 -0.048864 2.946308 1.000000 -0.183995 0.137388 2.905172 1.000000 -0.246817 -0.404677 2.930951 1.000000 -0.287437 -0.802499 2.977808 1.000000 -0.336015 -0.864867 2.930923 1.000000 -0.037654 0.132759 2.924754 1.000000 -0.028945 -0.403580 2.948203 1.000000 -0.031749 -0.798836 3.015066 1.000000 -0.009684 -0.878886 2.975658 1.000000
1631426027 -0.107063 0.209437 2.914147 1.000000 -0.107140 0.280010 2.910377 1.000000 -0.104268 0.632076 2.890791 1.000000 -0.069009 0.802455 2.812674 1.000000 -0.264036 0.541806 2.887805 1.000000 -0.320318 0.267489 2.904762 1.000000 -0.335891 0.011739 2.859428 1.000000 -0.345551 -0.065933 2.852738 1.000000 0.063499 0.527526 2.927696 1.000000 0.091448 0.258352 2.966079 1.000000 0.117126 -0.000773 2.962231 1.000000 0.129861 -0.102707 2.989489 1.000000 -0.180998 0.137746 2.906573 1.000000 -0.244699 -0.404390 2.931622 1.000000 -0.286499 -0.803772 2.977447 1.000000 -0.337064 -0.865333 2.931478 1.000000 -0.033595 0.133132 2.925164 1.000000 -0.026414 -0.401517 2.948099 1.000000 -0.031738 -0.798076 3.014123 1.000000 -0.009447 -0.878767 2.976022 1.000000
1631468979 -0.102764 0.209807 2.915375 1.000000 -0.102263 0.280336 2.910973 1.000000 -0.096736 0.632173 2.889409 1.000000 -0.061922 0.805983 2.807398 1.000000 -0.253430 0.543708 2.888459 1.000000 -0.315098 0.269231 2.905661 1.000000 -0.335286 0.008765 2.861974 1.000000 -0.341368 -0.069516 2.857630 1.000000 0.071209 0.528466 2.923874 1.000000 0.095486 0.256015 2.966668 1.000000 0.117488 -0.002060 2.964453 1.000000 0.131022 -0.104561 2.989542 1.000000 -0.176229 0.138318 2.909210 1.000000 -0.243152 -0.406284 2.932181 1.000000 -0.286416 -0.804497 2.978021 1.000000 -0.337101 -0.865384 2.931172 1.000000 -0.030522 0.133793 2.925881 1.000000 -0.024558 -0.400954 2.948425 1.000000 -0.031291 -0.797478 3.013381 1.000000 -0.008018 -0.878830 2.977170 1.000000
1631501820 -0.099001 0.208608 2.916270 1.000000 -0.097675 0.279162 2.910878 1.000000 -0.086507 0.631060 2.883616 1.000000 -0.055687 0.802877 2.801038 1.000000 -0.247814 0.543787 2.888052 1.000000 -0.308955 0.268381 2.906994 1.000000 -0.335603 0.004304 2.866344 1.000000 -0.340832 -0.073820 2.858365 1.000000 0.077572 0.522042 2.916579 1.000000 0.100183 0.255892 2.967076 1.000000 0.118321 -0.001438 2.968179 1.000000 0.132565 -0.104428 2.991171 1.000000 -0.172837 0.137575 2.911987 1.000000 -0.241435 -0.407235 2.933981 1.000000 -0.286628 -0.804410 2.978000 1.000000 -0.336009 -0.864435 2.928598 1.000000 -0.027695 0.132948 2.926375 1.000000 -0.022773 -0.401151 2.949992 1.000000 -0.031239 -0.797437 3.013360 1.000000 -0.007364 -0.881730 2.984958 1.000000
1631533237 -0.093752 0.206727 2.918909 1.000000 -0.091768 0.276659 2.912872 1.000000 -0.078509 0.624799 2.884371 1.000000 -0.048249 0.768987 2.802267 1.000000 -0.243045 0.541963 2.888415 1.000000 -0.303465 0.267381 2.912616 1.000000 -0.334522 0.001658 2.869158 1.000000 -0.339271 -0.076296 2.859552 1.000000 0.081832 0.522481 2.914108 1.000000 0.107319 0.260156 2.963294 1.000000 0.124275 0.036251 2.979014 1.000000 0.132886 -0.068645 2.995021 1.000000 -0.168171 0.135411 2.916154 1.000000 -0.239299 -0.408744 2.936027 1.000000 -0.285706 -0.806063 2.981089 1.000000 -0.335437 -0.862963 2.928414 1.000000 -0.023107 0.131657 2.928486 1.000000 -0.020355 -0.400799 2.951310 1.000000 -0.031255 -0.797451 3.013405 1.000000 -0.006060 -0.881443 2.985193 1.000000
1631575771 -0.090929 0.205913 2.920275 1.000000 -0.088822 0.275745 2.913396 1.000000 -0.075092 0.623294 2.882355 1.000000 -0.047732 0.768162 2.797426 1.000000 -0.239191 0.539453 2.888644 1.000000 -0.298436 0.266604 2.918195 1.000000 -0.334141 -0.001146 2.875416 1.000000 -0.335525 -0.078708 2.862305 1.000000 0.086623 0.522293 2.909221 1.000000 0.110447 0.260807 2.962490 1.000000 0.123827 0.000380 2.981579 1.000000 0.131415 -0.105059 2.994025 1.000000 -0.165292 0.134604 2.919929 1.000000 -0.237920 -0.407942 2.937713 1.000000 -0.286790 -0.804287 2.981201 1.000000 -0.334483 -0.862265 2.927789 1.000000 -0.020427 0.130862 2.929311 1.000000 -0.018242 -0.399784 2.953347 1.000000 -0.031011 -0.796139 3.012196 1.000000 -0.007345 -0.881513 2.986896 1.000000
1631608794 -0.087237 0.205308 2.922317 1.000000 -0.083977 0.275149 2.914168 1.000000 -0.059453 0.622853 2.873572 1.000000 -0.023084 0.784965 2.779666 1.000000 -0.229030 0.539276 2.888000 1.000000 -0.296092 0.267283 2.919319 1.000000 -0.331785 -0.007598 2.888706 1.000000 -0.336324 -0.083249 2.867811 1.000000 0.093810 0.519344 2.905787 1.000000 0.111993 0.260708 2.962070 1.000000 0.129435 0.036627 2.977482 1.000000 0.137904 -0.037823 3.001268 1.000000 -0.162306 0.135064 2.924339 1.000000 -0.237451 -0.407420 2.938649 1.000000 -0.286810 -0.805690 2.984430 1.000000 -0.333103 -0.861417 2.927509 1.000000 -0.017868 0.130153 2.931261 1.000000 -0.017042 -0.399610 2.954974 1.000000 -0.030498 -0.796248 3.013170 1.000000 -0.006264 -0.881845 2.989199 1.000000
1631641885 -0.084896 0.204813 2.924386 1.000000 -0.081346 0.274536 2.915165 1.000000 -0.056674 0.621630 2.872030 1.000000 -0.025337 0.780813 2.775204 1.000000 -0.223503 0.539041 2.887077 1.000000 -0.286983 0.276960 2.923345 1.000000 -0.330142 -0.018053 2.900358 1.000000 -0.340062 -0.091729 2.875031 1.000000 0.097518 0.518423 2.904383 1.000000 0.115038 0.260220 2.961084 1.000000 0.122094 0.013455 2.965834 1.000000 0.130263 -0.061089 2.989167 1.000000 -0.160251 0.135274 2.928133 1.000000 -0.236771 -0.408407 2.940007 1.000000 -0.286368 -0.806240 2.985137 1.000000 -0.320518 -0.859195 2.917922 1.000000 -0.016090 0.129664 2.933593 1.000000 -0.016074 -0.399080 2.956658 1.000000 -0.030442 -0.795612 3.014439 1.000000 -0.005831 -0.880562 2.988626 1.000000
1631686001 -0.081260 0.201986 2.928223 1.000000 -0.077496 0.271875 2.917421 1.000000 -0.052961 0.619179 2.870060 1.000000 -0.020786 0.772936 2.768121 1.000000 -0.217040 0.538145 2.884953 1.000000 -0.285734 0.276751 2.929447 1.000000 -0.328974 -0.019348 2.909205 1.000000 -0.341927 -0.092982 2.885462 1.000000 0.100918 0.515033 2.899462 1.000000 0.117839 0.259390 2.960376 1.000000 0.125919 0.004708 2.972578 1.000000 0.134120 -0.069710 2.995992 1.000000 -0.156249 0.133649 2.934970 1.000000 -0.235815 -0.408416 2.942078 1.000000 -0.278987 -0.806194 2.996558 1.000000 -0.322103 -0.865965 2.941260 1.000000 -0.013746 0.127445 2.936958 1.000000 -0.015788 -0.398897 2.957191 1.000000 -0.030406 -0.795939 3.014644 1.000000 -0.006604 -0.880752 2.987631 1.000000
1631718651 -0.080381 0.201721 2.930671 1.000000 -0.076609 0.271458 2.918195 1.000000 -0.049973 0.615428 2.862401 1.000000 -0.009922 0.773903 2.749670 1.000000 -0.213674 0.538662 2.883428 1.000000 -0.286099 0.274254 2.931890 1.000000 -0.330265 -0.019143 2.915698 1.000000 -0.345045 -0.092088 2.891175 1.000000 0.106477 0.509561 2.894130 1.000000 0.119837 0.256704 2.959278 1.000000 0.124845 0.005262 2.973489 1.000000 0.135274 -0.086341 2.999047 1.000000 -0.155736 0.134292 2.941501 1.000000 -0.234737 -0.409936 2.945175 1.000000 -0.260143 -0.801580 2.999447 1.000000 -0.279777 -0.849638 2.923325 1.000000 -0.012954 0.126655 2.940655 1.000000 -0.015459 -0.398820 2.958550 1.000000 -0.030259 -0.795747 3.015035 1.000000 -0.007023 -0.880350 2.986897 1.000000
1631749900 -0.078394 0.199539 2.934858 1.000000 -0.074278 0.268669 2.920800 1.000000 -0.046704 0.607920 2.858840 1.000000 -0.014382 0.764400 2.745491 1.000000 -0.210264 0.535689 2.880102 1.000000 -0.285802 0.272034 2.934068 1.000000 -0.317261 0.038506 2.928019 1.000000 -0.334725 -0.032504 2.900076 1.000000 0.108287 0.506822 2.892795 1.000000 0.122546 0.255159 2.957401 1.000000 0.128322 0.003635 2.982195 1.000000 0.135554 -0.088340 2.998064 1.000000 -0.154349 0.132848 2.946848 1.000000 -0.233378 -0.409199 2.948518 1.000000 -0.255377 -0.799073 3.005696 1.000000 -0.278371 -0.846379 2.930052 1.000000 -0.011082 0.124036 2.946546 1.000000 -0.015438 -0.398924 2.960067 1.000000 -0.030951 -0.795770 3.014111 1.000000 -0.009025 -0.881249 2.987629 1.000000
1631791863 -0.077344 0.196553 2.940706 1.000000 -0.072640 0.264312 2.925076 1.000000 -0.043318 0.592895 2.856108 1.000000 -0.017486 0.737062 2.737550 1.000000 -0.209962 0.532261 2.877596 1.000000 -0.286790 0.265837 2.934999 1.000000 -0.327148 -0.014023 2.921175 1.000000 -0.335806 -0.091818 2.918561 1.000000 0.109150 0.503763 2.888346 1.000000 0.127864 0.250743 2.957685 1.000000 0.128743 0.003464 2.982882 1.000000 0.137469 -0.101098 2.997656 1.000000 -0.154326 0.130225 2.954000 1.000000 -0.231146 -0.410711 2.952505 1.000000 -0.253025 -0.796163 3.008478 1.000000 -0.274673 -0.844891 2.933287 1.000000 -0.010323 0.120409 2.955405 1.000000 -0.015251 -0.399481 2.962582 1.000000 -0.031055 -0.795722 3.014974 1.000000 -0.009588 -0.880910 2.987064 1.000000
1631824659 -0.077819 0.194406 2.943666 1.000000 -0.072566 0.262126 2.926296 1.000000 -0.041319 0.589010 2.848747 1.000000 -0.014186 0.734094 2.729212 1.000000 -0.208335 0.527677 2.873290 1.000000 -0.288281 0.257930 2.930712 1.000000 -0.327084 -0.014186 2.920825 1.000000 -0.335744 -0.092002 2.918211 1.000000 0.109391 0.496755 2.883869 1.000000 0.129321 0.246428 2.957826 1.000000 0.132370 0.001973 2.987132 1.000000 0.138425 -0.103093 2.999705 1.000000 -0.155365 0.128943 2.958904 1.000000 -0.228379 -0.406970 2.957125 1.000000 -0.247183 -0.790201 3.010284 1.000000 -0.271056 -0.844955 2.940027 1.000000 -0.011723 0.118238 2.959587 1.000000 -0.015391 -0.399709 2.965692 1.000000 -0.030488 -0.795151 3.016959 1.000000 -0.010883 -0.879746 2.985920 1.000000
1631858509 -0.078309 0.191618 2.947399 1.000000 -0.072591 0.258490 2.928700 1.000000 -0.040399 0.582342 2.845452 1.000000 -0.015750 0.731508 2.724120 1.000000 -0.209160 0.523901 2.871629 1.000000 -0.291165 0.252477 2.927048 1.000000 -0.324972 -0.012909 2.920458 1.000000 -0.336995 -0.089914 2.912197 1.000000 0.107419 0.494751 2.879102 1.000000 0.129579 0.244786 2.957878 1.000000 0.133104 0.002035 2.987724 1.000000 0.137530 -0.103510 2.996902 1.000000 -0.156209 0.126704 2.963903 1.000000 -0.226962 -0.407832 2.960370 1.000000 -0.230167 -0.784478 3.014204 1.000000 -0.268171 -0.838242 2.949587 1.000000 -0.012856 0.116167 2.964189 1.000000 -0.015776 -0.400022 2.969224 1.000000 -0.030712 -0.795068 3.016934 1.000000 -0.010225 -0.879829 2.986836 1.000000
1631902029 -0.078688 0.189488 2.952150 1.000000 -0.072978 0.255859 2.931316 1.000000 -0.042865 0.576150 2.840054 1.000000 -0.016619 0.729703 2.717006 1.000000 -0.210408 0.518249 2.866100 1.000000 -0.293285 0.244447 2.919596 1.000000 -0.320281 0.001729 2.916444 1.000000 -0.335210 -0.074521 2.905543 1.000000 0.106740 0.491812 2.877627 1.000000 0.128532 0.241685 2.957942 1.000000 0.132534 0.001786 2.987474 1.000000 0.135664 -0.104099 2.994301 1.000000 -0.156259 0.124985 2.971347 1.000000 -0.226225 -0.406266 2.964946 1.000000 -0.228336 -0.780915 3.016795 1.000000 -0.268312 -0.837298 2.955666 1.000000 -0.013472 0.114263 2.971338 1.000000 -0.016210 -0.400393 2.972959 1.000000 -0.030349 -0.795144 3.016730 1.000000 -0.010229 -0.880080 2.986817 1.000000
1631933350 -0.079978 0.186190 2.955611 1.000000 -0.074678 0.251322 2.934018 1.000000 -0.048023 0.567805 2.837484 1.000000 -0.031221 0.712309 2.701262 1.000000 -0.216804 0.506691 2.861717 1.000000 -0.295752 0.233774 2.912316 1.000000 -0.316063 0.005264 2.910464 1.000000 -0.327363 -0.093758 2.874044 1.000000 0.103235 0.485913 2.875275 1.000000 0.124850 0.235580 2.959505 1.000000 0.129735 -0.000132 2.981830 1.000000 0.128251 -0.106056 2.975729 1.000000 -0.157292 0.121498 2.974064 1.000000 -0.225765 -0.405636 2.968907 1.000000 -0.235073 -0.778410 3.021646 1.000000 -0.266582 -0.835839 2.956674 1.000000 -0.014497 0.111476 2.977452 1.000000 -0.016103 -0.400798 2.976757 1.000000 -0.029427 -0.794732 3.018203 1.000000 -0.012010 -0.880194 2.988114 1.000000
1631975481 -0.082514 0.179926 2.960486 1.000000 -0.078444 0.244280 2.937377 1.000000 -0.061713 0.557973 2.832124 1.000000 -0.034010 0.709232 2.697004 1.000000 -0.220959 0.496936 2.853625 1.000000 -0.296253 0.226306 2.905733 1.000000 -0.312803 -0.000324 2.902695 1.000000 -0.316291 -0.104033 2.880790 1.000000 0.100665 0.484635 2.874319 1.000000 0.120185 0.227347 2.958898 1.000000 0.124819 0.001281 2.970207 1.000000 0.121785 -0.104256 2.960183 1.000000 -0.159028 0.115011 2.979259 1.000000 -0.224709 -0.404879 2.974065 1.000000 -0.238343 -0.777287 3.023547 1.000000 -0.266714 -0.838040 2.960205 1.000000 -0.015190 0.107053 2.983623 1.000000 -0.016203 -0.402533 2.982001 1.000000 -0.029244 -0.794575 3.018223 1.000000 -0.012364 -0.880041 2.987913 1.000000
1632008364 -0.085492 0.176312 2.963337 1.000000 -0.081922 0.239966 2.939775 1.000000 -0.065527 0.553703 2.832857 1.000000 -0.037007 0.707703 2.692710 1.000000 -0.224166 0.493458 2.848631 1.000000 -0.297059 0.224158 2.900201 1.000000 -0.308180 -0.002798 2.898976 1.000000 -0.301388 -0.106239 2.876841 1.000000 0.093472 0.473976 2.873835 1.000000 0.118253 0.226410 2.958311 1.000000 0.117899 -0.002680 2.960626 1.000000 0.116656 -0.108253 2.951183 1.000000 -0.161373 0.111569 2.981193 1.000000 -0.225057 -0.407427 2.984375 1.000000 -0.240183 -0.778185 3.025086 1.000000 -0.266937 -0.837907 2.960113 1.000000 -0.017883 0.104014 2.988053 1.000000 -0.016221 -0.404410 2.988961 1.000000 -0.028963 -0.793950 3.019184 1.000000 -0.014705 -0.876342 2.980296 1.000000
1632041557 -0.087815 0.174701 2.964695 1.000000 -0.085259 0.237770 2.940583 1.000000 -0.076562 0.548563 2.829647 1.000000 -0.045452 0.701132 2.685254 1.000000 -0.234484 0.487744 2.841028 1.000000 -0.299770 0.218718 2.890532 1.000000 -0.294219 -0.009947 2.883337 1.000000 -0.292341 -0.115257 2.871935 1.000000 0.089525 0.472892 2.873116 1.000000 0.113292 0.223975 2.957578 1.000000 0.110856 -0.003240 2.957791 1.000000 0.110741 -0.108738 2.948097 1.000000 -0.163731 0.109211 2.983036 1.000000 -0.225505 -0.406730 2.989510 1.000000 -0.241700 -0.777593 3.027933 1.000000 -0.260875 -0.837175 2.960249 1.000000 -0.018895 0.102802 2.990168 1.000000 -0.016094 -0.404151 2.993615 1.000000 -0.029141 -0.793162 3.021031 1.000000 -0.017654 -0.874489 2.979166 1.000000
1632075515 -0.090728 0.173631 2.965119 1.000000 -0.089024 0.236158 2.940497 1.000000 -0.082930 0.545277 2.827649 1.000000 -0.065226 0.695483 2.677245 1.000000 -0.241567 0.484049 2.838234 1.000000 -0.299783 0.214498 2.885182 1.000000 -0.285403 -0.015404 2.876906 1.000000 -0.279410 -0.118803 2.873098 1.000000 0.081497 0.474086 2.871602 1.000000 0.106936 0.221579 2.956305 1.000000 0.101294 -0.005952 2.950432 1.000000 0.103350 -0.111503 2.942272 1.000000 -0.165924 0.107501 2.983361 1.000000 -0.225638 -0.406005 2.993872 1.000000 -0.242042 -0.777784 3.028410 1.000000 -0.262406 -0.835667 2.959644 1.000000 -0.020981 0.102574 2.991463 1.000000 -0.016484 -0.404199 2.999024 1.000000 -0.029335 -0.793369 3.020983 1.000000 -0.017895 -0.874332 2.978463 1.000000
1632118775 -0.095156 0.171601 2.965561 1.000000 -0.094233 0.233729 2.940349 1.000000 -0.090814 0.542059 2.825480 1.000000 -0.074018 0.690518 2.674914 1.000000 -0.251783 0.480587 2.834440 1.000000 -0.298955 0.214490 2.877975 1.000000 -0.276259 -0.012147 2.867892 1.000000 -0.254691 -0.115636 2.859765 1.000000 0.073544 0.471477 2.869863 1.000000 0.101443 0.219559 2.955554 1.000000 0.084498 -0.040452 2.929353 1.000000 0.084682 -0.139587 2.921890 1.000000 -0.170822 0.104200 2.984466 1.000000 -0.226089 -0.405189 2.996137 1.000000 -0.242765 -0.777792 3.029273 1.000000 -0.262932 -0.835421 2.960220 1.000000 -0.023287 0.101494 2.992345 1.000000 -0.018155 -0.405779 3.006423 1.000000 -0.030510 -0.794009 3.021961 1.000000 -0.017799 -0.874610 2.979089 1.000000
1632149912 -0.102360 0.166580 2.966527 1.000000 -0.101817 0.228242 2.940274 1.000000 -0.099868 0.534712 2.821052 1.000000 -0.096896 0.668701 2.675812 1.000000 -0.263452 0.475599 2.833328 1.000000 -0.299724 0.209028 2.867529 1.000000 -0.266363 -0.016308 2.857991 1.000000 -0.231150 -0.115376 2.844752 1.000000 0.059931 0.461175 2.870707 1.000000 0.089734 0.214066 2.950701 1.000000 0.074988 -0.013768 2.938021 1.000000 0.081174 -0.118535 2.923353 1.000000 -0.177599 0.098304 2.986401 1.000000 -0.227356 -0.406159 3.000245 1.000000 -0.244091 -0.779208 3.031388 1.000000 -0.263262 -0.835108 2.960681 1.000000 -0.029618 0.097409 2.994712 1.000000 -0.019935 -0.404670 3.010425 1.000000 -0.029187 -0.793717 3.023173 1.000000 -0.019542 -0.873427 2.977951 1.000000
1632191707 -0.107835 0.165442 2.965365 1.000000 -0.108076 0.226873 2.938538 1.000000 -0.109728 0.532650 2.817150 1.000000 -0.101522 0.672720 2.671733 1.000000 -0.273879 0.472809 2.830001 1.000000 -0.299373 0.206822 2.865206 1.000000 -0.252700 -0.020549 2.849108 1.000000 -0.218283 -0.120613 2.844509 1.000000 0.048075 0.465966 2.866957 1.000000 0.082641 0.212011 2.949747 1.000000 0.070244 -0.015514 2.938890 1.000000 0.076884 -0.119821 2.921727 1.000000 -0.183456 0.095428 2.982665 1.000000 -0.229196 -0.405573 3.002637 1.000000 -0.244780 -0.779819 3.031486 1.000000 -0.263564 -0.835140 2.960251 1.000000 -0.033838 0.097458 2.996598 1.000000 -0.021512 -0.403933 3.013346 1.000000 -0.029396 -0.794032 3.023474 1.000000 -0.019204 -0.873156 2.977396 1.000000
1632225755 -0.115438 0.162821 2.963512 1.000000 -0.117516 0.223448 2.936144 1.000000 -0.130169 0.524521 2.812819 1.000000 -0.118796 0.662655 2.664922 1.000000 -0.283654 0.469636 2.829197 1.000000 -0.299140 0.201002 2.858091 1.000000 -0.248071 -0.021116 2.847112 1.000000 -0.209610 -0.119548 2.841111 1.000000 0.033962 0.462585 2.865033 1.000000 0.075058 0.208462 2.946620 1.000000 0.063213 -0.019130 2.936634 1.000000 0.071200 -0.123450 2.920581 1.000000 -0.188518 0.092932 2.981281 1.000000 -0.233922 -0.406273 3.004991 1.000000 -0.245231 -0.779765 3.031743 1.000000 -0.264156 -0.835018 2.960544 1.000000 -0.038988 0.096765 2.995692 1.000000 -0.022891 -0.404486 3.015106 1.000000 -0.029929 -0.793761 3.024096 1.000000 -0.018606 -0.872809 2.978231 1.000000
1632258643 -0.123693 0.160227 2.962351 1.000000 -0.124935 0.220683 2.935212 1.000000 -0.133011 0.522074 2.813270 1.000000 -0.124952 0.662198 2.663208 1.000000 -0.293609 0.465110 2.828727 1.000000 -0.300033 0.195855 2.855506 1.000000 -0.239532 -0.023918 2.845361 1.000000 -0.195420 -0.119752 2.837612 1.000000 0.027407 0.462342 2.864413 1.000000 0.067187 0.207654 2.940297 1.000000 0.054949 -0.019638 2.939452 1.000000 0.060654 -0.124014 2.923225 1.000000 -0.197504 0.089333 2.980680 1.000000 -0.238487 -0.409402 3.007340 1.000000 -0.245901 -0.781147 3.031459 1.000000 -0.266542 -0.834612 2.959424 1.000000 -0.047696 0.094930 2.994055 1.000000 -0.025624 -0.406077 3.016823 1.000000 -0.033431 -0.793540 3.025799 1.000000 -0.016659 -0.870618 2.978353 1.000000
1632292866 -0.133303 0.160681 2.959736 1.000000 -0.134443 0.221339 2.932875 1.000000 -0.140578 0.523765 2.812970 1.000000 -0.139012 0.669357 2.657465 1.000000 -0.305484 0.467996 2.828444 1.000000 -0.301247 0.194658 2.854499 1.000000 -0.237114 -0.024135 2.844113 1.000000 -0.190240 -0.118437 2.834792 1.000000 0.017196 0.461706 2.863910 1.000000 0.055942 0.209694 2.939387 1.000000 0.054743 -0.017993 2.938150 1.000000 0.056759 -0.122045 2.919550 1.000000 -0.207011 0.088538 2.977286 1.000000 -0.244809 -0.418570 3.011389 1.000000 -0.247478 -0.783215 3.030698 1.000000 -0.268025 -0.835937 2.958135 1.000000 -0.057185 0.095846 2.991882 1.000000 -0.029547 -0.408485 3.018267 1.000000 -0.034108 -0.793756 3.026778 1.000000 -0.018202 -0.871342 2.979931 1.000000
1632335678 -0.146251 0.159791 2.953457 1.000000 -0.148286 0.219136 2.927961 1.000000 -0.162695 0.512837 2.816778 1.000000 -0.172106 0.648924 2.653736 1.000000 -0.325686 0.461634 2.830781 1.000000 -0.310947 0.195792 2.850877 1.000000 -0.233781 -0.019824 2.840457 1.000000 -0.186481 -0.114039 2.833294 1.000000 0.001027 0.461269 2.864653 1.000000 0.046765 0.206967 2.940650 1.000000 0.050593 -0.020926 2.934715 1.000000 0.048751 -0.124467 2.913717 1.000000 -0.220095 0.085683 2.967803 1.000000 -0.251832 -0.416567 3.011491 1.000000 -0.248137 -0.783331 3.030373 1.000000 -0.267699 -0.836108 2.957613 1.000000 -0.067793 0.094942 2.987169 1.000000 -0.035090 -0.411331 3.017303 1.000000 -0.034856 -0.793499 3.028625 1.000000 -0.018030 -0.869521 2.979639 1.000000
1632366782 -0.155369 0.159621 2.949838 1.000000 -0.156725 0.219554 2.924958 1.000000 -0.166757 0.516323 2.815971 1.000000 -0.173995 0.651567 2.657546 1.000000 -0.330675 0.461412 2.831761 1.000000 -0.318777 0.198693 2.851493 1.000000 -0.234203 -0.019747 2.840677 1.000000 -0.185311 -0.112979 2.832340 1.000000 -0.007410 0.462141 2.865660 1.000000 0.037638 0.210225 2.941347 1.000000 0.046859 -0.017619 2.931921 1.000000 0.041704 -0.119066 2.903041 1.000000 -0.228752 0.085608 2.963355 1.000000 -0.256130 -0.414224 3.010281 1.000000 -0.256673 -0.788313 3.039336 1.000000 -0.265428 -0.835531 2.960914 1.000000 -0.079241 0.094449 2.982526 1.000000 -0.039745 -0.409892 3.014768 1.000000 -0.035342 -0.793267 3.029004 1.000000 -0.018294 -0.868255 2.978584 1.000000
1632408342 -0.162832 0.160838 2.946800 1.000000 -0.164728 0.222127 2.922046 1.000000 -0.177736 0.531039 2.813799 1.000000 -0.177129 0.688137 2.664159 1.000000 -0.334357 0.463995 2.829972 1.000000 -0.350147 0.228330 2.852334 1.000000 -0.238362 -0.023696 2.842789 1.000000 -0.190108 -0.112739 2.831226 1.000000 -0.016101 0.468493 2.865405 1.000000 0.030868 0.213435 2.939379 1.000000 0.041603 -0.014288 2.930261 1.000000 0.036952 -0.116313 2.902893 1.000000 -0.235500 0.087100 2.959713 1.000000 -0.259983 -0.416748 3.008857 1.000000 -0.256634 -0.788634 3.038685 1.000000 -0.264507 -0.837296 2.961055 1.000000 -0.087243 0.096222 2.978366 1.000000 -0.042904 -0.409751 3.011434 1.000000 -0.034449 -0.793372 3.029759 1.000000 -0.019280 -0.868269 2.978606 1.000000
1632441619 -0.174356 0.168545 2.940799 1.000000 -0.176872 0.230536 2.916805 1.000000 -0.189819 0.540661 2.812993 1.000000 -0.184224 0.695865 2.670007 1.000000 -0.355985 0.482601 2.839023 1.000000 -0.355160 0.231119 2.853672 1.000000 -0.245302 -0.026818 2.843555 1.000000 -0.199209 -0.114204 2.831164 1.000000 -0.027078 0.475280 2.868250 1.000000 0.025639 0.218868 2.939707 1.000000 0.035065 -0.008941 2.924438 1.000000 0.034155 -0.112147 2.901042 1.000000 -0.245957 0.093698 2.953587 1.000000 -0.262917 -0.417699 3.005553 1.000000 -0.257769 -0.789097 3.038224 1.000000 -0.264404 -0.838792 2.961118 1.000000 -0.097200 0.102740 2.971568 1.000000 -0.054842 -0.404215 2.998472 1.000000 -0.034762 -0.793539 3.030195 1.000000 -0.019365 -0.867996 2.978444 1.000000
1632475664 -0.178331 0.171297 2.938872 1.000000 -0.180862 0.233394 2.915720 1.000000 -0.195104 0.545029 2.816554 1.000000 -0.189629 0.700349 2.674599 1.000000 -0.359714 0.485682 2.842624 1.000000 -0.364648 0.233374 2.860670 1.000000 -0.262927 -0.036919 2.843071 1.000000 -0.214120 -0.119523 2.831113 1.000000 -0.034022 0.480530 2.871046 1.000000 0.018998 0.222565 2.936753 1.000000 0.030252 -0.005165 2.922697 1.000000 0.033046 -0.108937 2.901793 1.000000 -0.249917 0.096206 2.950676 1.000000 -0.269868 -0.419120 2.998654 1.000000 -0.256263 -0.790606 3.033848 1.000000 -0.267596 -0.841024 2.957741 1.000000 -0.101332 0.105614 2.968437 1.000000 -0.060299 -0.402534 2.989007 1.000000 -0.034448 -0.792944 3.029282 1.000000 -0.020288 -0.868197 2.978300 1.000000
1632508482 -0.184690 0.176076 2.934557 1.000000 -0.187312 0.238680 2.912145 1.000000 -0.201575 0.552612 2.816375 1.000000 -0.204250 0.723538 2.688174 1.000000 -0.370306 0.492458 2.851857 1.000000 -0.371231 0.236760 2.866332 1.000000 -0.338129 0.012029 2.872824 1.000000 -0.291121 -0.081571 2.857630 1.000000 -0.043474 0.492634 2.875355 1.000000 0.013810 0.227628 2.937312 1.000000 0.025237 -0.000112 2.922761 1.000000 0.031167 -0.102282 2.895784 1.000000 -0.256679 0.100557 2.945687 1.000000 -0.272823 -0.418397 2.993706 1.000000 -0.259657 -0.791677 3.030109 1.000000 -0.267821 -0.844007 2.954925 1.000000 -0.107007 0.109614 2.963158 1.000000 -0.067972 -0.404130 2.977001 1.000000 -0.036599 -0.794143 3.029434 1.000000 -0.036479 -0.880290 2.997242 1.000000
1632552772 -0.192203 0.180121 2.929109 1.000000 -0.194849 0.243167 2.908463 1.000000 -0.211641 0.560952 2.821415 1.000000 -0.210558 0.721768 2.696670 1.000000 -0.378808 0.497882 2.860664 1.000000 -0.386790 0.239117 2.871747 1.000000 -0.368474 0.011804 2.857006 1.000000 -0.342541 -0.090710 2.854109 1.000000 -0.050581 0.500802 2.878773 1.000000 0.007001 0.236387 2.937734 1.000000 0.023668 0.009090 2.916112 1.000000 0.025110 -0.093796 2.891570 1.000000 -0.264188 0.104557 2.939156 1.000000 -0.275816 -0.419372 2.988196 1.000000 -0.258112 -0.793149 3.028209 1.000000 -0.270500 -0.845148 2.953405 1.000000 -0.114816 0.112839 2.953966 1.000000 -0.074518 -0.406250 2.967052 1.000000 -0.036700 -0.796633 3.025399 1.000000 -0.035979 -0.866687 2.965860 1.000000
1632583847 -0.199366 0.188198 2.923720 1.000000 -0.201753 0.252913 2.904944 1.000000 -0.216214 0.583689 2.830055 1.000000 -0.216309 0.765381 2.721140 1.000000 -0.384477 0.512655 2.867784 1.000000 -0.411482 0.257343 2.886282 1.000000 -0.374432 0.032847 2.856989 1.000000 -0.374512 -0.013092 2.856430 1.000000 -0.056385 0.507748 2.882125 1.000000 0.004352 0.239856 2.938443 1.000000 0.019489 0.012438 2.916358 1.000000 0.023419 -0.090200 2.890858 1.000000 -0.272007 0.112720 2.931079 1.000000 -0.278578 -0.416839 2.982260 1.000000 -0.259485 -0.793023 3.027057 1.000000 -0.269411 -0.843958 2.951194 1.000000 -0.123251 0.121306 2.945526 1.000000 -0.076924 -0.404327 2.959897 1.000000 -0.039631 -0.793838 3.018728 1.000000 -0.027534 -0.872394 2.972568 1.000000
1632625759 -0.204855 0.194810 2.920691 1.000000 -0.207195 0.259905 2.903736 1.000000 -0.221078 0.590483 2.837250 1.000000 -0.215868 0.771260 2.726581 1.000000 -0.388048 0.516786 2.872658 1.000000 -0.415801 0.256625 2.889170 1.000000 -0.400172 0.029213 2.866614 1.000000 -0.400374 -0.048655 2.859824 1.000000 -0.059486 0.511715 2.883491 1.000000 -0.000074 0.243093 2.939659 1.000000 0.017011 0.015904 2.914527 1.000000 0.022412 -0.084414 2.881507 1.000000 -0.276975 0.119374 2.927088 1.000000 -0.281483 -0.410172 2.969463 1.000000 -0.254627 -0.793971 3.024794 1.000000 -0.270652 -0.844875 2.949999 1.000000 -0.128419 0.126145 2.940235 1.000000 -0.078765 -0.404884 2.952582 1.000000 -0.039824 -0.794799 3.019227 1.000000 -0.029459 -0.872985 2.972092 1.000000
1632659704 -0.211086 0.198739 2.916578 1.000000 -0.212915 0.264924 2.900941 1.000000 -0.224502 0.600869 2.840174 1.000000 -0.223972 0.783484 2.738112 1.000000 -0.393029 0.523701 2.877919 1.000000 -0.430288 0.255872 2.899824 1.000000 -0.422110 0.027830 2.882975 1.000000 -0.415582 -0.017144 2.887378 1.000000 -0.064887 0.517315 2.888026 1.000000 -0.002840 0.244596 2.940782 1.000000 0.015022 0.017659 2.911158 1.000000 0.021603 -0.082893 2.878964 1.000000 -0.283613 0.123984 2.922118 1.000000 -0.283189 -0.409571 2.963636 1.000000 -0.254479 -0.795777 3.020343 1.000000 -0.272540 -0.847441 2.946566 1.000000 -0.136103 0.129157 2.933126 1.000000 -0.079766 -0.406344 2.946307 1.000000 -0.043918 -0.792366 3.017676 1.000000 -0.030307 -0.869454 2.969608 1.000000
1632692835 -0.214613 0.202007 2.914327 1.000000 -0.216250 0.269461 2.899800 1.000000 -0.225879 0.615121 2.847548 1.000000 -0.222123 0.796942 2.748724 1.000000 -0.395192 0.528799 2.881731 1.000000 -0.437210 0.257368 2.906372 1.000000 -0.436117 0.029136 2.887035 1.000000 -0.428961 -0.076328 2.884137 1.000000 -0.065867 0.519625 2.890088 1.000000 -0.005730 0.247130 2.942272 1.000000 0.014679 0.019975 2.906721 1.000000 0.021132 -0.077869 2.876662 1.000000 -0.287544 0.127700 2.919858 1.000000 -0.283389 -0.410219 2.962500 1.000000 -0.254469 -0.796324 3.019846 1.000000 -0.271640 -0.850757 2.947881 1.000000 -0.140134 0.131245 2.927921 1.000000 -0.080672 -0.405713 2.941671 1.000000 -0.045257 -0.788475 3.017837 1.000000 -0.030113 -0.866664 2.972077 1.000000
1632725832 -0.216091 0.204059 2.912144 1.000000 -0.217869 0.271852 2.898785 1.000000 -0.229397 0.618887 2.852659 1.000000 -0.224003 0.798188 2.757908 1.000000 -0.397140 0.530930 2.884048 1.000000 -0.449321 0.263661 2.914366 1.000000 -0.458634 0.029442 2.890693 1.000000 -0.441835 -0.075002 2.885396 1.000000 -0.069131 0.525305 2.895877 1.000000 -0.007555 0.248472 2.944107 1.000000 0.014355 0.020918 2.905837 1.000000 0.022132 -0.075950 2.875144 1.000000 -0.288668 0.129451 2.916814 1.000000 -0.283196 -0.412576 2.959150 1.000000 -0.255012 -0.797618 3.019218 1.000000 -0.275102 -0.852438 2.945072 1.000000 -0.141262 0.133439 2.923659 1.000000 -0.081858 -0.404443 2.938249 1.000000 -0.045496 -0.787108 3.017899 1.000000 -0.026188 -0.861747 2.968594 1.000000
1632769863 -0.217776 0.207182 2.909412 1.000000 -0.219563 0.275212 2.897419 1.000000 -0.231153 0.622673 2.856854 1.000000 -0.227109 0.806634 2.766860 1.000000 -0.401063 0.532735 2.888228 1.000000 -0.464013 0.264445 2.928261 1.000000 -0.482075 0.037231 2.898329 1.000000 -0.491021 -0.040474 2.895436 1.000000 -0.071411 0.528974 2.903235 1.000000 -0.009588 0.249828 2.946029 1.000000 0.015308 0.023463 2.904739 1.000000 0.025249 -0.071971 2.871231 1.000000 -0.290597 0.132323 2.912368 1.000000 -0.283656 -0.410601 2.954708 1.000000 -0.257632 -0.795950 3.018471 1.000000 -0.275291 -0.848918 2.945972 1.000000 -0.142188 0.135629 2.920069 1.000000 -0.082241 -0.404190 2.936587 1.000000 -0.044480 -0.786454 3.018605 1.000000 -0.023353 -0.862218 2.971839 1.000000
1632802257 -0.218308 0.209303 2.906948 1.000000 -0.220175 0.277603 2.896207 1.000000 -0.232141 0.627431 2.862090 1.000000 -0.225501 0.811318 2.773099 1.000000 -0.401613 0.535264 2.890907 1.000000 -0.475323 0.271786 2.937223 1.000000 -0.498919 0.044514 2.915823 1.000000 -0.505537 -0.060664 2.904217 1.000000 -0.071250 0.530561 2.910081 1.000000 -0.011734 0.253226 2.949115 1.000000 0.019780 0.027249 2.902108 1.000000 0.025284 -0.071875 2.870703 1.000000 -0.291098 0.134742 2.907013 1.000000 -0.283245 -0.411390 2.951824 1.000000 -0.258396 -0.796752 3.018724 1.000000 -0.274235 -0.849071 2.945346 1.000000 -0.142317 0.137240 2.917027 1.000000 -0.082406 -0.404392 2.934857 1.000000 -0.044280 -0.787535 3.020612 1.000000 -0.022183 -0.861506 2.971494 1.000000
1632833774 -0.218441 0.211402 2.905045 1.000000 -0.220491 0.280043 2.895125 1.000000 -0.232906 0.630453 2.864504 1.000000 -0.221601 0.820488 2.787235 1.000000 -0.402016 0.535811 2.892077 1.000000 -0.480067 0.274836 2.940359 1.000000 -0.520821 0.033734 2.931762 1.000000 -0.515403 -0.068623 2.909778 1.000000 -0.072360 0.535251 2.920039 1.000000 -0.012421 0.254885 2.951778 1.000000 0.025538 0.020633 2.900110 1.000000 0.026454 -0.073651 2.869715 1.000000 -0.290936 0.137068 2.902953 1.000000 -0.283346 -0.410612 2.949367 1.000000 -0.259928 -0.796870 3.019751 1.000000 -0.274342 -0.849481 2.946267 1.000000 -0.142141 0.138788 2.915430 1.000000 -0.082488 -0.404378 2.933719 1.000000 -0.043326 -0.786569 3.022086 1.000000 -0.021924 -0.860496 2.972564 1.000000
1632875744 -0.218370 0.212780 2.904213 1.000000 -0.220643 0.281784 2.894984 1.000000 -0.234716 0.634419 2.870724 1.000000 -0.221811 0.816923 2.791512 1.000000 -0.403284 0.536946 2.895248 1.000000 -0.482968 0.276404 2.944827 1.000000 -0.526307 0.025866 2.933843 1.000000 -0.529106 -0.050716 2.917258 1.000000 -0.072652 0.536151 2.927335 1.000000 -0.012848 0.256806 2.953593 1.000000 0.029331 0.014261 2.899060 1.000000 0.030988 -0.081402 2.872398 1.000000 -0.290570 0.138340 2.901216 1.000000 -0.283574 -0.410323 2.947923 1.000000 -0.260690 -0.796802 3.020353 1.000000 -0.274226 -0.849333 2.946630 1.000000 -0.141739 0.139823 2.914167 1.000000 -0.082929 -0.404406 2.932264 1.000000 -0.043336 -0.786224 3.021687 1.000000 0.002176 -0.864688 3.009446 1.000000
1632908636 -0.218123 0.213910 2.903358 1.000000 -0.220548 0.283252 2.894758 1.000000 -0.235103 0.637556 2.874351 1.000000 -0.219272 0.820748 2.795515 1.000000 -0.403574 0.537734 2.896923 1.000000 -0.483703 0.279580 2.945116 1.000000 -0.529716 0.049383 2.932955 1.000000 -0.538599 -0.055775 2.920904 1.000000 -0.072752 0.536489 2.933528 1.000000 -0.013014 0.256929 2.954885 1.000000 0.030439 0.008863 2.896432 1.000000 0.033769 -0.085370 2.874844 1.000000 -0.289849 0.139768 2.899032 1.000000 -0.283713 -0.412694 2.946784 1.000000 -0.261929 -0.799272 3.018837 1.000000 -0.276824 -0.852563 2.945896 1.000000 -0.141393 0.140575 2.913110 1.000000 -0.082795 -0.404493 2.931304 1.000000 -0.043430 -0.786047 3.021070 1.000000 0.003869 -0.863761 3.010805 1.000000
1632941553 -0.217586 0.214941 2.902616 1.000000 -0.220088 0.284584 2.894644 1.000000 -0.234289 0.640266 2.877986 1.000000 -0.216134 0.824823 2.804811 1.000000 -0.404043 0.539043 2.900466 1.000000 -0.484158 0.280819 2.946959 1.000000 -0.530199 0.056490 2.934325 1.000000 -0.539309 -0.048983 2.924352 1.000000 -0.072458 0.536262 2.937109 1.000000 -0.013082 0.256566 2.955847 1.000000 0.033333 -0.002929 2.893997 1.000000 0.035213 -0.087566 2.876584 1.000000 -0.288958 0.140925 2.896602 1.000000 -0.283676 -0.413491 2.946257 1.000000 -0.260597 -0.799698 3.018398 1.000000 -0.276810 -0.852750 2.945527 1.000000 -0.140839 0.141099 2.912483 1.000000 -0.082372 -0.404755 2.930843 1.000000 -0.042375 -0.786063 3.022322 1.000000 0.005781 -0.862762 3.008691 1.000000
1632985934 -0.216329 0.216646 2.901880 1.000000 -0.218987 0.286253 2.894769 1.000000 -0.232752 0.640971 2.882315 1.000000 -0.210648 0.827257 2.811486 1.000000 -0.403662 0.539526 2.902290 1.000000 -0.484093 0.279515 2.949534 1.000000 -0.535198 0.037339 2.931952 1.000000 -0.542337 -0.068516 2.924269 1.000000 -0.069314 0.538739 2.945550 1.000000 -0.012821 0.256785 2.956573 1.000000 0.033482 -0.003423 2.894707 1.000000 0.035189 -0.088040 2.876712 1.000000 -0.287524 0.142367 2.893903 1.000000 -0.283643 -0.413433 2.945219 1.000000 -0.261475 -0.799193 3.018966 1.000000 -0.271742 -0.855501 2.947423 1.000000 -0.139441 0.142072 2.911959 1.000000 -0.082499 -0.404591 2.930544 1.000000 -0.043151 -0.784794 3.019182 1.000000 -0.012827 -0.851648 2.964360 1.000000
1633017392 -0.214896 0.216844 2.901370 1.000000 -0.217615 0.286590 2.894938 1.000000 -0.230046 0.640859 2.886763 1.000000 -0.215016 0.823858 2.814350 1.000000 -0.403385 0.538805 2.902774 1.000000 -0.482882 0.278191 2.951384 1.000000 -0.525378 0.049735 2.939224 1.000000 -0.539088 -0.054911 2.925114 1.000000 -0.069189 0.539614 2.949061 1.000000 -0.012499 0.256649 2.957160 1.000000 0.034304 -0.005926 2.892924 1.000000 0.035098 -0.087951 2.876774 1.000000 -0.285743 0.141903 2.892196 1.000000 -0.283415 -0.414244 2.944227 1.000000 -0.261718 -0.802258 3.019269 1.000000 -0.273882 -0.855655 2.945770 1.000000 -0.137793 0.142463 2.911170 1.000000 -0.082592 -0.404633 2.930713 1.000000 -0.042158 -0.785598 3.017319 1.000000 0.001503 -0.857734 2.981382 1.000000
1633048683 -0.213775 0.216538 2.901123 1.000000 -0.216526 0.286418 2.895568 1.000000 -0.228095 0.640206 2.890719 1.000000 -0.214326 0.818157 2.819480 1.000000 -0.402239 0.538153 2.903680 1.000000 -0.480502 0.271710 2.953022 1.000000 -0.523926 -0.005840 2.932559 1.000000 -0.526653 -0.082517 2.915373 1.000000 -0.068078 0.540210 2.951947 1.000000 -0.012297 0.256354 2.957207 1.000000 0.034171 -0.005224 2.892759 1.000000 0.034812 -0.088106 2.876521 1.000000 -0.284499 0.141246 2.891347 1.000000 -0.282914 -0.414880 2.941683 1.000000 -0.261426 -0.802646 3.019168 1.000000 -0.272274 -0.857346 2.946408 1.000000 -0.136618 0.142191 2.910501 1.000000 -0.082744 -0.405176 2.931278 1.000000 -0.041358 -0.790581 3.017610 1.000000 -0.007321 -0.863625 2.973911 1.000000
1633092908 -0.212045 0.215668 2.901583 1.000000 -0.214946 0.285861 2.896947 1.000000 -0.227261 0.640391 2.892616 1.000000 -0.212213 0.817947 2.819714 1.000000 -0.399845 0.537125 2.904188 1.000000 -0.476558 0.269676 2.952667 1.000000 -0.500858 0.029847 2.913730 1.000000 -0.513869 -0.075209 2.902670 1.000000 -0.066315 0.538415 2.951690 1.000000 -0.011436 0.255641 2.957582 1.000000 0.033619 -0.003434 2.893291 1.000000 0.032062 -0.089403 2.874816 1.000000 -0.282907 0.140246 2.891620 1.000000 -0.282548 -0.415660 2.940062 1.000000 -0.257364 -0.803527 3.014765 1.000000 -0.274228 -0.859693 2.944250 1.000000 -0.134713 0.141371 2.910524 1.000000 -0.082987 -0.404868 2.932048 1.000000 -0.041316 -0.790612 3.017633 1.000000 -0.007694 -0.863694 2.973590 1.000000
1633125749 -0.210454 0.215020 2.902434 1.000000 -0.213256 0.285491 2.898648 1.000000 -0.225417 0.640997 2.894293 1.000000 -0.207883 0.820311 2.819069 1.000000 -0.395642 0.537836 2.904683 1.000000 -0.470478 0.267029 2.951645 1.000000 -0.496132 0.033202 2.912822 1.000000 -0.496243 -0.071474 2.893105 1.000000 -0.065647 0.538139 2.951585 1.000000 -0.010697 0.254846 2.957599 1.000000 0.032879 0.000191 2.894438 1.000000 0.027557 -0.092476 2.869025 1.000000 -0.281354 0.139821 2.892200 1.000000 -0.281517 -0.416357 2.939215 1.000000 -0.256858 -0.803282 3.014930 1.000000 -0.273511 -0.856660 2.942193 1.000000 -0.133666 0.141067 2.911162 1.000000 -0.083259 -0.405032 2.933693 1.000000 -0.041076 -0.790641 3.017538 1.000000 -0.008790 -0.863779 2.972532 1.000000
1633158899 -0.209095 0.215009 2.903002 1.000000 -0.211788 0.285604 2.899546 1.000000 -0.223425 0.641218 2.893874 1.000000 -0.205999 0.821312 2.818139 1.000000 -0.394596 0.537433 2.904573 1.000000 -0.461860 0.265471 2.945387 1.000000 -0.482876 0.032833 2.908822 1.000000 -0.485059 -0.071181 2.885422 1.000000 -0.063728 0.538321 2.951818 1.000000 -0.009997 0.254034 2.957324 1.000000 0.027587 0.010254 2.898796 1.000000 0.025792 -0.090972 2.869251 1.000000 -0.280218 0.139625 2.893188 1.000000 -0.280001 -0.413735 2.939668 1.000000 -0.256367 -0.800079 3.012544 1.000000 -0.273513 -0.858675 2.944043 1.000000 -0.132317 0.141009 2.911581 1.000000 -0.083054 -0.404219 2.934982 1.000000 -0.040487 -0.790278 3.016807 1.000000 -0.011418 -0.865344 2.972760 1.000000
1633203096 -0.208153 0.214658 2.903383 1.000000 -0.210892 0.285285 2.900052 1.000000 -0.222541 0.640591 2.893313 1.000000 -0.204647 0.814226 2.819086 1.000000 -0.392548 0.536399 2.905293 1.000000 -0.443270 0.263583 2.939649 1.000000 -0.441650 -0.006512 2.873973 1.000000 -0.428225 -0.083920 2.867776 1.000000 -0.060507 0.539309 2.950499 1.000000 -0.008627 0.253578 2.956698 1.000000 0.026345 0.016383 2.899693 1.000000 0.024307 -0.085526 2.868407 1.000000 -0.279330 0.139034 2.893987 1.000000 -0.277586 -0.413090 2.941466 1.000000 -0.255976 -0.800099 3.012349 1.000000 -0.273767 -0.858595 2.943892 1.000000 -0.131192 0.140594 2.911930 1.000000 -0.082732 -0.406302 2.938340 1.000000 -0.039588 -0.795283 3.019259 1.000000 0.005421 -0.874555 3.008537 1.000000
1633234595 -0.206612 0.213692 2.904343 1.000000 -0.209346 0.284604 2.900837 1.000000 -0.220537 0.640698 2.892692 1.000000 -0.197864 0.817972 2.818538 1.000000 -0.376169 0.538224 2.902247 1.000000 -0.436800 0.266322 2.935037 1.000000 -0.419278 0.043185 2.869606 1.000000 -0.415334 -0.062968 2.858872 1.000000 -0.056533 0.539942 2.949466 1.000000 -0.006878 0.254775 2.956089 1.000000 0.023692 0.013034 2.895534 1.000000 0.024097 -0.084972 2.867214 1.000000 -0.277316 0.138915 2.895310 1.000000 -0.276067 -0.413426 2.943623 1.000000 -0.256737 -0.800448 3.012614 1.000000 -0.273500 -0.858259 2.943304 1.000000 -0.130511 0.140089 2.912838 1.000000 -0.081579 -0.405337 2.940907 1.000000 -0.039552 -0.795296 3.019731 1.000000 0.007795 -0.873263 3.009414 1.000000
1633266076 -0.202592 0.213238 2.905720 1.000000 -0.204748 0.284359 2.902035 1.000000 -0.213389 0.641225 2.892515 1.000000 -0.195370 0.819843 2.817311 1.000000 -0.372549 0.537243 2.901639 1.000000 -0.430317 0.265583 2.927795 1.000000 -0.417766 0.040799 2.867957 1.000000 -0.401889 -0.062895 2.847476 1.000000 -0.050624 0.540361 2.944652 1.000000 -0.003640 0.254266 2.952260 1.000000 0.024260 0.016811 2.893171 1.000000 0.024425 -0.082623 2.864944 1.000000 -0.273200 0.138929 2.897588 1.000000 -0.274668 -0.413196 2.944201 1.000000 -0.257644 -0.803180 3.016057 1.000000 -0.273520 -0.856682 2.943156 1.000000 -0.127659 0.140054 2.913740 1.000000 -0.079887 -0.404720 2.943349 1.000000 -0.039492 -0.794770 3.020270 1.000000 0.006708 -0.872984 3.006953 1.000000
1633308735 -0.198766 0.212214 2.907000 1.000000 -0.200547 0.283315 2.903157 1.000000 -0.207885 0.639698 2.893084 1.000000 -0.192300 0.818230 2.817422 1.000000 -0.369586 0.535790 2.902769 1.000000 -0.421471 0.266131 2.924675 1.000000 -0.405712 0.041452 2.864960 1.000000 -0.389384 -0.061156 2.839276 1.000000 -0.046529 0.538984 2.941575 1.000000 0.001220 0.254594 2.946898 1.000000 0.027853 0.019919 2.883256 1.000000 0.026030 -0.082050 2.856565 1.000000 -0.269552 0.138385 2.899329 1.000000 -0.273774 -0.411074 2.944369 1.000000 -0.256062 -0.800199 3.017165 1.000000 -0.274429 -0.854474 2.945410 1.000000 -0.124460 0.139051 2.914735 1.000000 -0.077561 -0.403897 2.945851 1.000000 -0.039911 -0.795060 3.021069 1.000000 0.007660 -0.872360 3.007160 1.000000
1633342855 -0.194150 0.210454 2.908785 1.000000 -0.196165 0.281698 2.904462 1.000000 -0.204783 0.638419 2.892866 1.000000 -0.184550 0.813478 2.816295 1.000000 -0.364341 0.534946 2.903158 1.000000 -0.412378 0.268826 2.918009 1.000000 -0.395759 0.045062 2.854063 1.000000 -0.377352 -0.054929 2.820703 1.000000 -0.041332 0.539348 2.938706 1.000000 0.010065 0.253122 2.937465 1.000000 0.033958 0.030849 2.869975 1.000000 0.029070 -0.073553 2.847036 1.000000 -0.264718 0.136935 2.902189 1.000000 -0.272411 -0.412484 2.945794 1.000000 -0.260850 -0.806812 3.021878 1.000000 -0.274577 -0.852029 2.943132 1.000000 -0.119710 0.137438 2.916317 1.000000 -0.073607 -0.402316 2.949476 1.000000 -0.041732 -0.795315 3.021281 1.000000 0.008365 -0.870984 3.007192 1.000000
1633375878 -0.188661 0.211124 2.910268 1.000000 -0.190401 0.282230 2.905619 1.000000 -0.197916 0.637969 2.892632 1.000000 -0.177524 0.819718 2.809442 1.000000 -0.357736 0.536104 2.902010 1.000000 -0.406343 0.268062 2.913734 1.000000 -0.384828 0.046033 2.844076 1.000000 -0.366151 -0.053600 2.809891 1.000000 -0.035374 0.538878 2.935223 1.000000 0.016534 0.257103 2.930747 1.000000 0.032491 0.034845 2.860150 1.000000 0.024417 -0.067884 2.831413 1.000000 -0.259265 0.137923 2.904381 1.000000 -0.270323 -0.407844 2.945530 1.000000 -0.259171 -0.802569 3.020767 1.000000 -0.262117 -0.870362 2.958874 1.000000 -0.114597 0.138323 2.917642 1.000000 -0.072460 -0.402095 2.949685 1.000000 -0.045046 -0.796237 3.021512 1.000000 0.010504 -0.868029 3.007535 1.000000
1633408719 -0.184758 0.210897 2.910750 1.000000 -0.186430 0.281819 2.905553 1.000000 -0.193173 0.636217 2.889835 1.000000 -0.168055 0.823001 2.806519 1.000000 -0.349928 0.537283 2.902778 1.000000 -0.402075 0.268145 2.910154 1.000000 -0.379970 0.047619 2.834952 1.000000 -0.357213 -0.050672 2.799485 1.000000 -0.029654 0.537582 2.929729 1.000000 0.031845 0.265556 2.914217 1.000000 0.027867 0.044424 2.837377 1.000000 0.007671 -0.056230 2.807411 1.000000 -0.255599 0.138403 2.905488 1.000000 -0.268500 -0.405505 2.946877 1.000000 -0.257867 -0.797600 3.017890 1.000000 -0.272265 -0.864533 2.956673 1.000000 -0.110445 0.138212 2.918446 1.000000 -0.069640 -0.401127 2.950448 1.000000 -0.045685 -0.796720 3.021068 1.000000 0.011937 -0.867287 3.009450 1.000000
1633453156 -0.181196 0.211633 2.911265 1.000000 -0.182496 0.281993 2.905821 1.000000 -0.186639 0.632420 2.889235 1.000000 -0.168042 0.810998 2.801226 1.000000 -0.345540 0.536176 2.901321 1.000000 -0.399235 0.273926 2.901337 1.000000 -0.372554 0.055971 2.819245 1.000000 -0.343528 -0.043139 2.791621 1.000000 -0.016922 0.536500 2.920772 1.000000 0.063904 0.281494 2.877617 1.000000 0.010102 0.069614 2.792474 1.000000 -0.025382 -0.029864 2.775941 1.000000 -0.253734 0.138605 2.906338 1.000000 -0.265498 -0.401754 2.952010 1.000000 -0.257518 -0.794062 3.019050 1.000000 -0.281748 -0.856716 2.956434 1.000000 -0.105706 0.138636 2.918788 1.000000 -0.066120 -0.400455 2.951612 1.000000 -0.042397 -0.797583 3.023005 1.000000 0.012598 -0.869438 3.007334 1.000000
1633485829 -0.172176 0.212300 2.913094 1.000000 -0.173459 0.282660 2.907300 1.000000 -0.179208 0.633519 2.889626 1.000000 -0.162061 0.810026 2.798295 1.000000 -0.338849 0.536160 2.900116 1.000000 -0.409560 0.287754 2.883154 1.000000 -0.361061 0.070309 2.812590 1.000000 -0.329590 0.011230 2.788034 1.000000 -0.004016 0.529214 2.907732 1.000000 0.074673 0.294241 2.840689 1.000000 -0.015466 0.091639 2.766216 1.000000 -0.051171 0.022212 2.755089 1.000000 -0.246230 0.138912 2.908866 1.000000 -0.262971 -0.397000 2.955824 1.000000 -0.256260 -0.786150 3.020293 1.000000 -0.292841 -0.843986 2.959073 1.000000 -0.095191 0.138212 2.920528 1.000000 -0.059370 -0.401774 2.955128 1.000000 -0.038871 -0.796869 3.022770 1.000000 0.001311 -0.874004 2.993335 1.000000
1633517314 -0.165279 0.214084 2.913939 1.000000 -0.166829 0.283951 2.907931 1.000000 -0.173898 0.632969 2.889826 1.000000 -0.158093 0.810946 2.794271 1.000000 -0.333598 0.535494 2.898108 1.000000 -0.418172 0.299252 2.869922 1.000000 -0.351848 0.092206 2.781843 1.000000 -0.329296 0.029269 2.786857 1.000000 0.004212 0.528141 2.901555 1.000000 0.086265 0.321898 2.814343 1.000000 -0.020240 0.134211 2.721733 1.000000 -0.085114 0.050743 2.706144 1.000000 -0.239557 0.139986 2.910245 1.000000 -0.261942 -0.395665 2.957221 1.000000 -0.259565 -0.784251 3.022590 1.000000 -0.292845 -0.841447 2.958946 1.000000 -0.088038 0.138957 2.921222 1.000000 -0.054327 -0.402510 2.956249 1.000000 -0.038293 -0.796415 3.021194 1.000000 -0.001280 -0.871353 2.983197 1.000000
1633549039 -0.157660 0.214385 2.913216 1.000000 -0.158664 0.284150 2.907260 1.000000 -0.163294 0.632672 2.890016 1.000000 -0.148938 0.807604 2.796424 1.000000 -0.325735 0.535753 2.895707 1.000000 -0.431174 0.330158 2.844768 1.000000 -0.354802 0.118679 2.784556 1.000000 -0.305494 0.067398 2.770830 1.000000 0.010034 0.527608 2.895240 1.000000 0.101305 0.340703 2.771547 1.000000 -0.050888 0.172966 2.720087 1.000000 -0.134456 0.106435 2.720415 1.000000 -0.231869 0.139981 2.909650 1.000000 -0.261611 -0.395433 2.957874 1.000000 -0.261682 -0.784780 3.023795 1.000000 -0.295522 -0.842899 2.961309 1.000000 -0.081322 0.139264 2.920214 1.000000 -0.049794 -0.403591 2.955162 1.000000 -0.035848 -0.796067 3.020045 1.000000 -0.002627 -0.873116 2.982800 1.000000
1633592714 -0.146811 0.216750 2.910156 1.000000 -0.148657 0.285992 2.904329 1.000000 -0.157084 0.632546 2.887979 1.000000 -0.141937 0.809657 2.793200 1.000000 -0.319504 0.535293 2.889251 1.000000 -0.437123 0.341837 2.825707 1.000000 -0.340437 0.135692 2.783987 1.000000 -0.290557 0.066822 2.771691 1.000000 0.016181 0.530764 2.889883 1.000000 0.110063 0.353805 2.751690 1.000000 -0.077106 0.233279 2.682726 1.000000 -0.124545 0.198909 2.630074 1.000000 -0.219186 0.141461 2.906573 1.000000 -0.259943 -0.396031 2.956340 1.000000 -0.262170 -0.787746 3.023866 1.000000 -0.296849 -0.843949 2.960172 1.000000 -0.070585 0.141744 2.916922 1.000000 -0.041890 -0.402869 2.951718 1.000000 -0.040874 -0.796373 3.014912 1.000000 0.001251 -0.871175 2.982533 1.000000
1633625830 -0.140092 0.215628 2.907554 1.000000 -0.141026 0.285120 2.902420 1.000000 -0.142681 0.633223 2.891340 1.000000 -0.122268 0.803628 2.795746 1.000000 -0.311785 0.535028 2.884714 1.000000 -0.444502 0.347531 2.807815 1.000000 -0.309969 0.164834 2.761485 1.000000 -0.274658 0.113342 2.755804 1.000000 0.017582 0.531376 2.888330 1.000000 0.122191 0.374185 2.731981 1.000000 -0.084130 0.308493 2.643228 1.000000 -0.153650 0.271686 2.641513 1.000000 -0.210891 0.140846 2.901911 1.000000 -0.253999 -0.399530 2.947117 1.000000 -0.258730 -0.792598 3.020317 1.000000 -0.305126 -0.848666 2.964507 1.000000 -0.066754 0.141543 2.914651 1.000000 -0.035804 -0.403596 2.944524 1.000000 -0.036661 -0.794398 3.013513 1.000000 -0.000544 -0.872560 2.981936 1.000000
1633670087 -0.133240 0.214016 2.903822 1.000000 -0.133597 0.283480 2.900200 1.000000 -0.131838 0.630914 2.894568 1.000000 -0.110014 0.797871 2.799064 1.000000 -0.299190 0.535598 2.880517 1.000000 -0.449333 0.382402 2.773723 1.000000 -0.285682 0.223565 2.738450 1.000000 -0.231132 0.170619 2.731160 1.000000 0.022163 0.535669 2.889010 1.000000 0.135144 0.397479 2.718880 1.000000 -0.089210 0.386167 2.660458 1.000000 -0.161182 0.354596 2.657787 1.000000 -0.203690 0.140510 2.895395 1.000000 -0.247507 -0.398078 2.928590 1.000000 -0.256989 -0.798733 3.012300 1.000000 -0.316168 -0.861327 2.980921 1.000000 -0.061610 0.140652 2.911119 1.000000 -0.028142 -0.402263 2.928413 1.000000 -0.034069 -0.792757 3.010989 1.000000 -0.002028 -0.872477 2.979006 1.000000
1633701489 -0.129399 0.210922 2.900420 1.000000 -0.130029 0.280667 2.898101 1.000000 -0.130305 0.629484 2.894078 1.000000 -0.101072 0.796404 2.804467 1.000000 -0.295332 0.535318 2.878156 1.000000 -0.450004 0.403822 2.746007 1.000000 -0.253881 0.285803 2.727762 1.000000 -0.188507 0.246463 2.726148 1.000000 0.027041 0.534893 2.889401 1.000000 0.138328 0.399810 2.715495 1.000000 -0.067883 0.471413 2.633053 1.000000 -0.139521 0.439239 2.630453 1.000000 -0.200158 0.137686 2.889596 1.000000 -0.243150 -0.408463 2.907465 1.000000 -0.266063 -0.802693 3.011463 1.000000 -0.315123 -0.859764 2.959176 1.000000 -0.056943 0.136482 2.908344 1.000000 -0.018773 -0.405795 2.913851 1.000000 -0.029213 -0.790157 3.007212 1.000000 -0.004283 -0.874324 2.980900 1.000000
1633744083 -0.124895 0.205299 2.894658 1.000000 -0.124262 0.276537 2.892959 1.000000 -0.113784 0.633885 2.886997 1.000000 -0.087218 0.800057 2.805261 1.000000 -0.290359 0.534733 2.874081 1.000000 -0.447655 0.426856 2.721433 1.000000 -0.234497 0.344727 2.745063 1.000000 -0.163444 0.317350 2.757408 1.000000 0.036566 0.526197 2.892869 1.000000 0.143825 0.396648 2.711467 1.000000 -0.054176 0.484662 2.624651 1.000000 -0.125833 0.452480 2.622051 1.000000 -0.199043 0.133634 2.883316 1.000000 -0.241946 -0.396089 2.875346 1.000000 -0.277851 -0.794279 2.987180 1.000000 -0.317628 -0.871328 2.957597 1.000000 -0.051849 0.128597 2.903377 1.000000 -0.013425 -0.404226 2.903261 1.000000 -0.024026 -0.789566 3.002572 1.000000 -0.008898 -0.878487 2.986508 1.000000
1633777085 -0.124710 0.201011 2.891623 1.000000 -0.125092 0.269172 2.892909 1.000000 -0.130615 0.588379 2.901954 1.000000 -0.088898 0.748047 2.807875 1.000000 -0.286402 0.532704 2.870238 1.000000 -0.444686 0.436016 2.710233 1.000000 -0.217097 0.426407 2.716528 1.000000 -0.141234 0.423204 2.723094 1.000000 0.040671 0.521800 2.907183 1.000000 0.139275 0.402705 2.712439 1.000000 -0.026294 0.534243 2.612079 1.000000 -0.097914 0.502078 2.609480 1.000000 -0.198411 0.128711 2.876529 1.000000 -0.241464 -0.401941 2.860646 1.000000 -0.280130 -0.794973 2.984508 1.000000 -0.294386 -0.884395 2.970836 1.000000 -0.050805 0.124070 2.899704 1.000000 -0.007586 -0.407486 2.894341 1.000000 -0.016035 -0.785548 2.997233 1.000000 -0.014950 -0.874288 2.974635 1.000000
1633810009 -0.123688 0.196096 2.888076 1.000000 -0.123849 0.265413 2.894690 1.000000 -0.111459 0.603459 2.910359 1.000000 -0.082716 0.756609 2.809207 1.000000 -0.278876 0.529293 2.863156 1.000000 -0.441944 0.442098 2.702710 1.000000 -0.219947 0.494666 2.701248 1.000000 -0.145948 0.512188 2.705227 1.000000 0.034117 0.481349 2.896981 1.000000 0.151644 0.392726 2.695974 1.000000 0.000802 0.554171 2.624517 1.000000 -0.070778 0.522024 2.621919 1.000000 -0.197476 0.125559 2.869205 1.000000 -0.245845 -0.414070 2.842631 1.000000 -0.306815 -0.810722 2.981825 1.000000 -0.345430 -0.875462 2.929930 1.000000 -0.051622 0.120531 2.896586 1.000000 -0.003965 -0.407772 2.887229 1.000000 -0.013840 -0.785091 2.995179 1.000000 -0.016383 -0.874675 2.976643 1.000000
1633843956 -0.122690 0.193092 2.882091 1.000000 -0.123390 0.263105 2.894550 1.000000 -0.110747 0.607037 2.910187 1.000000 -0.070525 0.783378 2.802063 1.000000 -0.271006 0.520983 2.860163 1.000000 -0.440914 0.444546 2.701945 1.000000 -0.235718 0.544922 2.678643 1.000000 -0.167319 0.578381 2.675341 1.000000 0.036620 0.484967 2.902511 1.000000 0.149659 0.386721 2.703923 1.000000 0.049127 0.581771 2.627579 1.000000 -0.022420 0.549639 2.624982 1.000000 -0.195678 0.124015 2.857402 1.000000 -0.248050 -0.414189 2.830254 1.000000 -0.307981 -0.810786 2.980071 1.000000 -0.358813 -0.877984 2.944493 1.000000 -0.051784 0.118084 2.891631 1.000000 -0.001028 -0.407302 2.881133 1.000000 -0.005518 -0.780390 2.988355 1.000000 0.008506 -0.831046 2.894464 1.000000
1633886620 -0.124083 0.192326 2.877626 1.000000 -0.124895 0.261508 2.895116 1.000000 -0.112379 0.606926 2.910830 1.000000 -0.078888 0.775605 2.813724 1.000000 -0.272101 0.522794 2.862937 1.000000 -0.435127 0.445830 2.692680 1.000000 -0.297285 0.608488 2.598092 1.000000 -0.251337 0.662708 2.571029 1.000000 0.036638 0.485305 2.903137 1.000000 0.162647 0.361518 2.732450 1.000000 0.105896 0.595703 2.639577 1.000000 0.108132 0.673769 2.633072 1.000000 -0.197227 0.124419 2.852401 1.000000 -0.253951 -0.410536 2.811234 1.000000 -0.314567 -0.807875 2.971235 1.000000 -0.361003 -0.882885 2.947249 1.000000 -0.053745 0.115996 2.884025 1.000000 0.002670 -0.405405 2.870563 1.000000 -0.001527 -0.782940 2.991125 1.000000 -0.020192 -0.871512 2.978291 1.000000
1633917946 -0.126564 0.188539 2.870526 1.000000 -0.127532 0.257641 2.892559 1.000000 -0.113795 0.607684 2.909862 1.000000 -0.078956 0.779532 2.815745 1.000000 -0.272468 0.522622 2.863696 1.000000 -0.408672 0.425012 2.682787 1.000000 -0.323494 0.625999 2.603565 1.000000 -0.281150 0.685445 2.575145 1.000000 0.035573 0.481257 2.903923 1.000000 0.159284 0.349508 2.738623 1.000000 0.163330 0.567871 2.653249 1.000000 0.181918 0.643386 2.643955 1.000000 -0.199229 0.121943 2.845671 1.000000 -0.260192 -0.403938 2.800201 1.000000 -0.325429 -0.812155 2.960225 1.000000 -0.351779 -0.895263 2.932845 1.000000 -0.057037 0.111724 2.876236 1.000000 0.006769 -0.403862 2.860586 1.000000 -0.000551 -0.785739 2.991061 1.000000 0.013295 -0.836014 2.897044 1.000000
1633959819 -0.130366 0.185170 2.864345 1.000000 -0.132165 0.253364 2.890162 1.000000 -0.120257 0.605790 2.909102 1.000000 -0.083581 0.773383 2.821225 1.000000 -0.274095 0.520049 2.863495 1.000000 -0.404213 0.420953 2.678552 1.000000 -0.352793 0.630504 2.591919 1.000000 -0.323505 0.702469 2.581877 1.000000 0.036956 0.472655 2.904727 1.000000 0.149207 0.305741 2.771383 1.000000 0.205713 0.500709 2.654479 1.000000 0.235627 0.600190 2.633425 1.000000 -0.203212 0.118232 2.837542 1.000000 -0.264939 -0.397404 2.794133 1.000000 -0.328628 -0.810125 2.958346 1.000000 -0.352724 -0.894249 2.932122 1.000000 -0.060728 0.106725 2.869158 1.000000 0.009678 -0.395541 2.850706 1.000000 0.017174 -0.763364 2.965170 1.000000 0.031623 -0.813492 2.871207 1.000000
1633992753 -0.131642 0.184010 2.861172 1.000000 -0.134172 0.251735 2.890090 1.000000 -0.124171 0.606115 2.908181 1.000000 -0.083729 0.776443 2.819495 1.000000 -0.277483 0.515875 2.863296 1.000000 -0.400197 0.412168 2.671854 1.000000 -0.412454 0.630105 2.593587 1.000000 -0.409849 0.708246 2.589419 1.000000 0.036783 0.472690 2.905720 1.000000 0.115794 0.271782 2.806977 1.000000 0.236071 0.437575 2.694078 1.000000 0.265796 0.508084 2.677487 1.000000 -0.204235 0.116794 2.834069 1.000000 -0.270117 -0.398907 2.792287 1.000000 -0.333369 -0.810949 2.954723 1.000000 -0.345060 -0.898120 2.930177 1.000000 -0.061523 0.105517 2.865941 1.000000 0.013115 -0.392434 2.842375 1.000000 0.019950 -0.766203 2.965260 1.000000 0.034514 -0.816261 2.871333 1.000000
1634027035 -0.133866 0.183322 2.858753 1.000000 -0.137812 0.250579 2.889787 1.000000 -0.134672 0.606271 2.904308 1.000000 -0.088938 0.780671 2.816941 1.000000 -0.280957 0.511697 2.861850 1.000000 -0.386719 0.356445 2.670562 1.000000 -0.474718 0.555072 2.589278 1.000000 -0.486114 0.630701 2.572701 1.000000 0.035899 0.472000 2.906774 1.000000 0.104261 0.265535 2.813361 1.000000 0.276343 0.367107 2.690988 1.000000 0.331255 0.411459 2.657195 1.000000 -0.205393 0.116149 2.832754 1.000000 -0.276875 -0.396308 2.791654 1.000000 -0.339793 -0.802829 2.948492 1.000000 -0.337050 -0.892840 2.933535 1.000000 -0.063190 0.105024 2.863251 1.000000 0.018149 -0.388717 2.832435 1.000000 0.032782 -0.761708 2.956502 1.000000 0.047824 -0.811758 2.862679 1.000000
1634059984 -0.136386 0.181644 2.856948 1.000000 -0.140786 0.248419 2.890234 1.000000 -0.137715 0.604890 2.903169 1.000000 -0.105905 0.777250 2.813884 1.000000 -0.289639 0.504665 2.861422 1.000000 -0.365479 0.312500 2.705723 1.000000 -0.489127 0.464904 2.577300 1.000000 -0.544361 0.510532 2.546081 1.000000 0.032178 0.471844 2.905988 1.000000 0.074591 0.252143 2.838709 1.000000 0.269108 0.291202 2.714026 1.000000 0.333947 0.304222 2.676932 1.000000 -0.207764 0.113672 2.831837 1.000000 -0.284531 -0.395611 2.791255 1.000000 -0.340223 -0.804584 2.948758 1.000000 -0.335622 -0.894268 2.932524 1.000000 -0.065386 0.104109 2.860663 1.000000 0.018250 -0.383245 2.826669 1.000000 0.034357 -0.762873 2.954461 1.000000 0.048780 -0.812894 2.860564 1.000000
1634104110 -0.139944 0.179246 2.856057 1.000000 -0.144639 0.246247 2.891187 1.000000 -0.143008 0.605421 2.900756 1.000000 -0.118593 0.768795 2.800794 1.000000 -0.296122 0.500971 2.861997 1.000000 -0.372791 0.304678 2.727494 1.000000 -0.417153 0.184632 2.526189 1.000000 -0.472313 0.230199 2.495012 1.000000 0.021982 0.473333 2.904149 1.000000 0.071619 0.254402 2.841896 1.000000 0.264899 0.190971 2.726975 1.000000 0.329325 0.169828 2.693136 1.000000 -0.210994 0.110938 2.831770 1.000000 -0.290629 -0.395662 2.793878 1.000000 -0.340687 -0.806231 2.951540 1.000000 -0.333781 -0.893945 2.927419 1.000000 -0.068097 0.102881 2.859963 1.000000 0.015414 -0.380408 2.824653 1.000000 0.029613 -0.764425 2.952305 1.000000 0.043213 -0.814461 2.858330 1.000000
1634136786 -0.145136 0.179007 2.857185 1.000000 -0.149485 0.245978 2.893587 1.000000 -0.149186 0.604892 2.897562 1.000000 -0.127877 0.769694 2.790689 1.000000 -0.305912 0.501648 2.866013 1.000000 -0.388391 0.296163 2.773980 1.000000 -0.413351 0.116643 2.623561 1.000000 -0.474530 0.103451 2.577169 1.000000 0.015545 0.475002 2.901867 1.000000 0.066604 0.254914 2.847460 1.000000 0.210261 0.099283 2.751806 1.000000 0.258146 0.047406 2.724389 1.000000 -0.217316 0.109960 2.835095 1.000000 -0.291735 -0.394214 2.795842 1.000000 -0.339892 -0.804013 2.952486 1.000000 -0.346876 -0.893888 2.938630 1.000000 -0.072506 0.102777 2.860774 1.000000 0.004829 -0.380391 2.826084 1.000000 0.020978 -0.766028 2.956393 1.000000 0.032397 -0.816135 2.862202 1.000000
1634168053 -0.152081 0.175975 2.858768 1.000000 -0.155807 0.242949 2.895406 1.000000 -0.156760 0.598249 2.891117 1.000000 -0.142698 0.763799 2.779475 1.000000 -0.313881 0.500179 2.867931 1.000000 -0.389697 0.293411 2.786327 1.000000 -0.456242 0.115560 2.648429 1.000000 -0.528028 0.066135 2.589242 1.000000 0.003035 0.475305 2.896845 1.000000 0.065552 0.247860 2.850074 1.000000 0.236206 0.026672 2.729436 1.000000 0.299868 -0.008900 2.756738 1.000000 -0.225236 0.105787 2.839857 1.000000 -0.293074 -0.398803 2.805026 1.000000 -0.336900 -0.806543 2.967219 1.000000 -0.349615 -0.886256 2.925281 1.000000 -0.078946 0.101173 2.862051 1.000000 -0.011448 -0.390318 2.836152 1.000000 0.012762 -0.744295 2.942214 1.000000 0.021970 -0.794470 2.848137 1.000000
1634209875 -0.156472 0.176249 2.860657 1.000000 -0.159878 0.243979 2.896121 1.000000 -0.164147 0.598903 2.882243 1.000000 -0.145600 0.765806 2.773793 1.000000 -0.322752 0.502626 2.869128 1.000000 -0.399218 0.272193 2.793257 1.000000 -0.473642 0.092349 2.663080 1.000000 -0.531050 0.020092 2.611897 1.000000 0.000537 0.476380 2.895716 1.000000 0.062611 0.240809 2.849382 1.000000 0.167969 -0.008377 2.731388 1.000000 0.185338 -0.077967 2.762040 1.000000 -0.230353 0.105051 2.843886 1.000000 -0.294924 -0.409118 2.823744 1.000000 -0.331357 -0.808762 2.975155 1.000000 -0.356042 -0.881243 2.926394 1.000000 -0.082667 0.101171 2.864881 1.000000 -0.025974 -0.395612 2.845139 1.000000 0.012863 -0.744107 2.942547 1.000000 0.020993 -0.794553 2.848768 1.000000
1634243932 -0.163324 0.175974 2.863677 1.000000 -0.166681 0.244316 2.897189 1.000000 -0.172295 0.598996 2.878154 1.000000 -0.150731 0.764633 2.770692 1.000000 -0.331643 0.500218 2.867275 1.000000 -0.406446 0.245515 2.792075 1.000000 -0.473145 -0.003305 2.657170 1.000000 -0.493862 -0.073882 2.682888 1.000000 -0.006852 0.479419 2.890810 1.000000 0.042527 0.226349 2.843030 1.000000 0.071350 0.008316 2.754826 1.000000 0.100215 -0.093059 2.752890 1.000000 -0.236675 0.103975 2.848988 1.000000 -0.295214 -0.412066 2.841265 1.000000 -0.328691 -0.808841 2.976628 1.000000 -0.354303 -0.885591 2.935773 1.000000 -0.088963 0.100969 2.868453 1.000000 -0.037128 -0.400791 2.852566 1.000000 -0.032982 -0.758545 2.957683 1.000000 -0.026070 -0.809221 2.864113 1.000000
1634276899 -0.178949 0.172148 2.866888 1.000000 -0.179784 0.241759 2.897171 1.000000 -0.175872 0.597930 2.874485 1.000000 -0.154800 0.763389 2.766730 1.000000 -0.335712 0.500006 2.865382 1.000000 -0.403255 0.234190 2.793784 1.000000 -0.409668 -0.030487 2.733344 1.000000 -0.423584 -0.133057 2.715765 1.000000 -0.016989 0.479453 2.888780 1.000000 0.018947 0.215238 2.832333 1.000000 0.038904 -0.007752 2.741076 1.000000 0.044366 -0.112947 2.733131 1.000000 -0.251473 0.101692 2.855040 1.000000 -0.295332 -0.419441 2.857821 1.000000 -0.324863 -0.810781 2.979301 1.000000 -0.351337 -0.885947 2.936066 1.000000 -0.110167 0.097228 2.872963 1.000000 -0.046860 -0.406168 2.862472 1.000000 -0.025314 -0.774214 2.966205 1.000000 -0.018431 -0.825300 2.872823 1.000000
1634320702 -0.183062 0.172049 2.867565 1.000000 -0.185634 0.242215 2.894470 1.000000 -0.191008 0.594382 2.862289 1.000000 -0.159942 0.764973 2.763285 1.000000 -0.342307 0.497667 2.860283 1.000000 -0.395493 0.216973 2.793682 1.000000 -0.384232 -0.006287 2.740599 1.000000 -0.369226 -0.109664 2.725063 1.000000 -0.029127 0.486212 2.886444 1.000000 -0.014320 0.219571 2.824517 1.000000 -0.028091 -0.013176 2.752873 1.000000 -0.028991 -0.114895 2.724488 1.000000 -0.254565 0.101720 2.856456 1.000000 -0.297024 -0.420034 2.876474 1.000000 -0.321712 -0.813864 2.989268 1.000000 -0.349635 -0.878561 2.932216 1.000000 -0.112780 0.098024 2.874264 1.000000 -0.057013 -0.404131 2.869528 1.000000 -0.028898 -0.783456 2.977631 1.000000 -0.021288 -0.835228 2.884681 1.000000
1634353251 -0.186299 0.173010 2.868351 1.000000 -0.189247 0.243546 2.891805 1.000000 -0.194679 0.596286 2.858573 1.000000 -0.167215 0.768365 2.755795 1.000000 -0.344476 0.496487 2.857883 1.000000 -0.392316 0.218275 2.797378 1.000000 -0.355418 -0.002319 2.731205 1.000000 -0.324951 -0.086182 2.721617 1.000000 -0.033439 0.489281 2.885756 1.000000 -0.028454 0.232159 2.821093 1.000000 -0.062158 0.018482 2.738695 1.000000 -0.088896 -0.075788 2.699403 1.000000 -0.258152 0.103074 2.858907 1.000000 -0.301504 -0.415239 2.894810 1.000000 -0.320134 -0.812104 2.991724 1.000000 -0.347227 -0.887609 2.949489 1.000000 -0.115169 0.100031 2.875356 1.000000 -0.068694 -0.405059 2.888609 1.000000 -0.028778 -0.785443 2.979930 1.000000 -0.020645 -0.837494 2.887193 1.000000
1634384610 -0.189881 0.173229 2.870601 1.000000 -0.193064 0.243656 2.890339 1.000000 -0.199177 0.594313 2.856100 1.000000 -0.177034 0.758983 2.751774 1.000000 -0.352865 0.495206 2.852180 1.000000 -0.399780 0.238566 2.816843 1.000000 -0.331966 0.005420 2.727178 1.000000 -0.283203 -0.068298 2.688406 1.000000 -0.039111 0.490639 2.883886 1.000000 -0.031366 0.230659 2.820020 1.000000 -0.091095 0.035124 2.707908 1.000000 -0.126726 -0.041809 2.645071 1.000000 -0.262851 0.102493 2.862812 1.000000 -0.304901 -0.411980 2.904429 1.000000 -0.320104 -0.810269 3.002078 1.000000 -0.340863 -0.875186 2.942318 1.000000 -0.117123 0.101198 2.878271 1.000000 -0.075460 -0.400503 2.898242 1.000000 -0.030179 -0.787576 2.983022 1.000000 -0.020990 -0.839923 2.890570 1.000000
1634426704 -0.195443 0.176718 2.873248 1.000000 -0.197503 0.246614 2.889079 1.000000 -0.200784 0.595045 2.853308 1.000000 -0.177058 0.761547 2.749232 1.000000 -0.360680 0.499042 2.851729 1.000000 -0.415812 0.255957 2.833289 1.000000 -0.320190 0.054691 2.709883 1.000000 -0.254025 0.002403 2.646624 1.000000 -0.040844 0.491169 2.883581 1.000000 -0.037063 0.254851 2.833980 1.000000 -0.078592 0.060449 2.711089 1.000000 -0.106131 0.022116 2.649091 1.000000 -0.270846 0.105063 2.867837 1.000000 -0.308061 -0.417729 2.914783 1.000000 -0.320307 -0.810962 3.004285 1.000000 -0.322271 -0.885402 2.952640 1.000000 -0.120938 0.104454 2.881577 1.000000 -0.080736 -0.401316 2.910050 1.000000 -0.032970 -0.788322 2.986567 1.000000 -0.023976 -0.841069 2.894353 1.000000
1634460788 -0.200805 0.179687 2.878334 1.000000 -0.202270 0.249922 2.890220 1.000000 -0.204722 0.598388 2.849764 1.000000 -0.175757 0.764561 2.747630 1.000000 -0.363500 0.505502 2.854530 1.000000 -0.452340 0.298465 2.854329 1.000000 -0.348274 0.137292 2.719980 1.000000 -0.225342 0.076477 2.590739 1.000000 -0.044484 0.493314 2.883222 1.000000 -0.031041 0.267437 2.837451 1.000000 -0.082460 0.078175 2.710158 1.000000 -0.206421 0.081665 2.582927 1.000000 -0.274897 0.108477 2.875968 1.000000 -0.313617 -0.420144 2.920741 1.000000 -0.321322 -0.814364 3.009091 1.000000 -0.328203 -0.873533 2.941155 1.000000 -0.128193 0.108733 2.888028 1.000000 -0.083856 -0.402249 2.918009 1.000000 -0.034567 -0.790909 2.994992 1.000000 0.010442 -0.859699 3.032483 1.000000
1634493511 -0.205579 0.186695 2.884214 1.000000 -0.206390 0.256629 2.892707 1.000000 -0.206967 0.601941 2.848423 1.000000 -0.177960 0.771987 2.745102 1.000000 -0.372849 0.519210 2.859413 1.000000 -0.459032 0.304554 2.855766 1.000000 -0.357407 0.173145 2.688210 1.000000 -0.231201 0.158936 2.592691 1.000000 -0.049502 0.499531 2.882091 1.000000 -0.025296 0.274860 2.838497 1.000000 -0.088464 0.114910 2.677497 1.000000 -0.166143 0.093536 2.609648 1.000000 -0.278353 0.115510 2.884288 1.000000 -0.316886 -0.413710 2.928162 1.000000 -0.322157 -0.813073 3.010083 1.000000 -0.316557 -0.887370 2.959002 1.000000 -0.133409 0.114477 2.893502 1.000000 -0.084964 -0.403427 2.928663 1.000000 -0.035025 -0.792027 2.999869 1.000000 -0.029179 -0.845871 2.908427 1.000000
1634537244 -0.208916 0.190863 2.887418 1.000000 -0.209472 0.260025 2.894067 1.000000 -0.208750 0.601965 2.849843 1.000000 -0.189054 0.756950 2.748241 1.000000 -0.377138 0.520518 2.861089 1.000000 -0.472238 0.315094 2.841732 1.000000 -0.329263 0.247225 2.666344 1.000000 -0.252521 0.252675 2.594463 1.000000 -0.052878 0.501465 2.881074 1.000000 -0.019633 0.278346 2.834704 1.000000 -0.138182 0.188023 2.650787 1.000000 -0.210414 0.200410 2.575190 1.000000 -0.279285 0.118165 2.886793 1.000000 -0.319042 -0.409539 2.933831 1.000000 -0.324242 -0.811606 3.010604 1.000000 -0.322981 -0.874695 2.945981 1.000000 -0.139403 0.118811 2.897025 1.000000 -0.086070 -0.400610 2.931703 1.000000 -0.036046 -0.791500 2.999692 1.000000 -0.031029 -0.845509 2.908320 1.000000
1634568484 -0.213827 0.200456 2.890302 1.000000 -0.214052 0.268827 2.895197 1.000000 -0.211333 0.605946 2.850847 1.000000 -0.193951 0.763186 2.749801 1.000000 -0.383344 0.525458 2.865122 1.000000 -0.476127 0.316696 2.838815 1.000000 -0.300293 0.332886 2.662030 1.000000 -0.230713 0.346924 2.623944 1.000000 -0.054274 0.508956 2.883962 1.000000 -0.020249 0.285615 2.833810 1.000000 -0.134835 0.245745 2.629355 1.000000 -0.183941 0.272987 2.575644 1.000000 -0.284731 0.125612 2.889165 1.000000 -0.319823 -0.410687 2.939701 1.000000 -0.324821 -0.811473 3.010083 1.000000 -0.319337 -0.884354 2.957056 1.000000 -0.142807 0.125755 2.900277 1.000000 -0.087662 -0.400618 2.936519 1.000000 -0.036216 -0.791711 3.001992 1.000000 -0.031599 -0.845907 2.910741 1.000000
1634610679 -0.215378 0.203536 2.892504 1.000000 -0.215627 0.271839 2.895949 1.000000 -0.212917 0.608497 2.852439 1.000000 -0.198806 0.772653 2.750413 1.000000 -0.386445 0.528707 2.867501 1.000000 -0.476659 0.317770 2.838453 1.000000 -0.322016 0.382879 2.673376 1.000000 -0.226654 0.396930 2.631410 1.000000 -0.054775 0.515006 2.886964 1.000000 -0.014948 0.294171 2.831502 1.000000 -0.125621 0.276138 2.621673 1.000000 -0.182547 0.275215 2.568789 1.000000 -0.287635 0.128618 2.892196 1.000000 -0.319750 -0.410966 2.944165 1.000000 -0.327667 -0.811861 3.011655 1.000000 -0.328200 -0.868524 2.941359 1.000000 -0.143469 0.128249 2.902179 1.000000 -0.088128 -0.400501 2.939554 1.000000 -0.037398 -0.791208 3.002080 1.000000 -0.032600 -0.845456 2.910879 1.000000
1634643785 -0.216343 0.205461 2.894155 1.000000 -0.216401 0.273899 2.897040 1.000000 -0.212430 0.613524 2.860308 1.000000 -0.202952 0.775424 2.754100 1.000000 -0.389624 0.532226 2.869783 1.000000 -0.476216 0.318378 2.837927 1.000000 -0.236463 0.416031 2.661683 1.000000 -0.156545 0.448582 2.607398 1.000000 -0.054782 0.516867 2.888529 1.000000 -0.009134 0.295981 2.832586 1.000000 -0.171163 0.353355 2.672375 1.000000 -0.230852 0.355743 2.622714 1.000000 -0.289554 0.129806 2.893044 1.000000 -0.319550 -0.412424 2.948518 1.000000 -0.327465 -0.811222 3.012270 1.000000 -0.311262 -0.880017 2.956086 1.000000 -0.143893 0.129663 2.903548 1.000000 -0.088609 -0.399839 2.941404 1.000000 -0.037728 -0.790860 3.004229 1.000000 -0.033135 -0.844567 2.912701 1.000000
1634677846 -0.217015 0.207888 2.895779 1.000000 -0.217061 0.276420 2.898098 1.000000 -0.213703 0.616859 2.865289 1.000000 -0.202294 0.775986 2.759643 1.000000 -0.391550 0.539286 2.874165 1.000000 -0.472283 0.315856 2.839322 1.000000 -0.279053 0.436157 2.671787 1.000000 -0.204879 0.433899 2.648905 1.000000 -0.055616 0.520160 2.892108 1.000000 -0.008469 0.295041 2.834763 1.000000 -0.169713 0.361461 2.677716 1.000000 -0.229382 0.363847 2.628073 1.000000 -0.290524 0.132390 2.894141 1.000000 -0.319259 -0.404905 2.952663 1.000000 -0.325977 -0.807353 3.014043 1.000000 -0.286343 -0.888424 3.011456 1.000000 -0.144274 0.131360 2.904617 1.000000 -0.089889 -0.394057 2.944050 1.000000 -0.037682 -0.790746 3.004240 1.000000 -0.033337 -0.844164 2.912545 1.000000
1634710898 -0.216338 0.211650 2.897561 1.000000 -0.216058 0.281307 2.899538 1.000000 -0.210799 0.630075 2.871396 1.000000 -0.191681 0.809246 2.771622 1.000000 -0.391416 0.543261 2.876678 1.000000 -0.465775 0.314494 2.841966 1.000000 -0.267700 0.433621 2.677233 1.000000 -0.192596 0.436051 2.657731 1.000000 -0.054616 0.522375 2.895496 1.000000 -0.009117 0.295142 2.838465 1.000000 -0.193351 0.309142 2.695214 1.000000 -0.253001 0.311528 2.645586 1.000000 -0.290239 0.135662 2.895607 1.000000 -0.318755 -0.407053 2.956885 1.000000 -0.327981 -0.805687 3.015021 1.000000 -0.322756 -0.851274 2.937282 1.000000 -0.143722 0.134718 2.905683 1.000000 -0.089534 -0.392907 2.946534 1.000000 -0.037020 -0.789817 3.003983 1.000000 -0.032390 -0.842873 2.912102 1.000000
1634754016 -0.215660 0.212304 2.898268 1.000000 -0.215525 0.281908 2.899422 1.000000 -0.210998 0.630260 2.872427 1.000000 -0.190888 0.804862 2.777148 1.000000 -0.390358 0.542048 2.878315 1.000000 -0.453821 0.309732 2.844187 1.000000 -0.268243 0.433678 2.677768 1.000000 -0.190927 0.428048 2.674029 1.000000 -0.053257 0.523605 2.899873 1.000000 -0.010949 0.288801 2.850931 1.000000 -0.176120 0.321082 2.687081 1.000000 -0.235754 0.323468 2.637465 1.000000 -0.289472 0.136592 2.896030 1.000000 -0.318988 -0.399983 2.960674 1.000000 -0.331112 -0.795400 3.021500 1.000000 -0.318336 -0.846257 2.948024 1.000000 -0.142875 0.135314 2.906336 1.000000 -0.089668 -0.392710 2.949423 1.000000 -0.036506 -0.789580 3.004041 1.000000 -0.031079 -0.842613 2.912193 1.000000
1634786556 -0.214702 0.212612 2.899177 1.000000 -0.214655 0.282291 2.899718 1.000000 -0.210646 0.631013 2.874548 1.000000 -0.186057 0.805597 2.784157 1.000000 -0.383106 0.542224 2.882352 1.000000 -0.443153 0.305887 2.849130 1.000000 -0.266622 0.427544 2.682837 1.000000 -0.184517 0.401534 2.680813 1.000000 -0.051597 0.524923 2.907822 1.000000 -0.010450 0.290724 2.872135 1.000000 -0.159594 0.288663 2.689405 1.000000 -0.219180 0.291046 2.639830 1.000000 -0.287658 0.137768 2.896349 1.000000 -0.318431 -0.400429 2.963422 1.000000 -0.331104 -0.794578 3.021325 1.000000 -0.325945 -0.849829 2.950135 1.000000 -0.142212 0.136061 2.907460 1.000000 -0.088072 -0.393664 2.953200 1.000000 -0.036431 -0.790429 3.006285 1.000000 -0.009551 -0.874252 2.986321 1.000000
1634818136 -0.213085 0.211308 2.900713 1.000000 -0.213222 0.280889 2.900959 1.000000 -0.210869 0.628811 2.879847 1.000000 -0.193140 0.786878 2.794077 1.000000 -0.381421 0.539791 2.885145 1.000000 -0.434490 0.299833 2.848736 1.000000 -0.271361 0.388687 2.685164 1.000000 -0.186554 0.384657 2.673548 1.000000 -0.051483 0.525380 2.910581 1.000000 -0.009552 0.294968 2.889325 1.000000 -0.147710 0.276316 2.698603 1.000000 -0.207247 0.278698 2.649068 1.000000 -0.285647 0.136549 2.896451 1.000000 -0.317768 -0.400607 2.965097 1.000000 -0.327706 -0.792328 3.023326 1.000000 -0.324772 -0.850278 2.954195 1.000000 -0.140716 0.135503 2.909329 1.000000 -0.087022 -0.393115 2.955194 1.000000 -0.035906 -0.791405 3.007855 1.000000 -0.012703 -0.875293 2.983975 1.000000
1634860698 -0.211049 0.213209 2.902512 1.000000 -0.211428 0.282641 2.902753 1.000000 -0.210397 0.630113 2.886579 1.000000 -0.193624 0.784618 2.797887 1.000000 -0.381046 0.537881 2.888879 1.000000 -0.426790 0.289956 2.852498 1.000000 -0.265299 0.332427 2.687608 1.000000 -0.279712 0.355423 2.615056 1.000000 -0.049758 0.528385 2.918236 1.000000 -0.004309 0.308185 2.908712 1.000000 -0.136915 0.258300 2.719929 1.000000 -0.196435 0.260681 2.670409 1.000000 -0.282913 0.138347 2.896737 1.000000 -0.316462 -0.397662 2.967717 1.000000 -0.328025 -0.791559 3.023692 1.000000 -0.283784 -0.868857 3.009113 1.000000 -0.138997 0.137302 2.911095 1.000000 -0.086453 -0.391304 2.956823 1.000000 -0.035990 -0.791421 3.009269 1.000000 -0.012916 -0.874543 2.982748 1.000000
1634893599 -0.208119 0.213166 2.903782 1.000000 -0.208364 0.282763 2.904092 1.000000 -0.206630 0.631580 2.891304 1.000000 -0.181655 0.794296 2.803583 1.000000 -0.376231 0.538644 2.892807 1.000000 -0.424697 0.298483 2.880848 1.000000 -0.294675 0.270799 2.678106 1.000000 -0.251174 0.261536 2.614758 1.000000 -0.046825 0.529381 2.923434 1.000000 -0.003295 0.309035 2.915492 1.000000 -0.109568 0.178472 2.752286 1.000000 -0.179324 0.193139 2.675570 1.000000 -0.279004 0.138484 2.897135 1.000000 -0.315374 -0.398658 2.968557 1.000000 -0.326746 -0.792631 3.025516 1.000000 -0.300745 -0.869126 2.985326 1.000000 -0.137144 0.137726 2.911860 1.000000 -0.086173 -0.391401 2.957525 1.000000 -0.035780 -0.792640 3.012770 1.000000 -0.012860 -0.873619 2.980215 1.000000
1634926609 -0.203312 0.211628 2.905585 1.000000 -0.204246 0.281911 2.905670 1.000000 -0.204627 0.633180 2.893577 1.000000 -0.176209 0.804387 2.808649 1.000000 -0.367230 0.535361 2.895126 1.000000 -0.419801 0.315150 2.903455 1.000000 -0.306497 0.218885 2.712924 1.000000 -0.268575 0.186667 2.653639 1.000000 -0.043327 0.530302 2.927223 1.000000 -0.003458 0.309709 2.922653 1.000000 -0.088387 0.156728 2.767459 1.000000 -0.158127 0.171626 2.690776 1.000000 -0.273447 0.137730 2.898076 1.000000 -0.313455 -0.399767 2.969837 1.000000 -0.326424 -0.792659 3.025561 1.000000 -0.324188 -0.847842 2.954216 1.000000 -0.132517 0.137075 2.913565 1.000000 -0.085763 -0.392626 2.960137 1.000000 -0.035673 -0.793342 3.017448 1.000000 -0.013694 -0.871216 2.977539 1.000000
1634970688 -0.200907 0.211329 2.907015 1.000000 -0.201839 0.281712 2.907164 1.000000 -0.202568 0.633724 2.896280 1.000000 -0.174573 0.810234 2.811575 1.000000 -0.363614 0.534596 2.897094 1.000000 -0.412715 0.303208 2.906319 1.000000 -0.355229 0.144879 2.734645 1.000000 -0.335973 0.091845 2.681629 1.000000 -0.038325 0.529305 2.933565 1.000000 -0.002995 0.307848 2.926626 1.000000 -0.062100 0.128144 2.791249 1.000000 -0.122240 0.070834 2.727447 1.000000 -0.272061 0.137771 2.898556 1.000000 -0.310711 -0.399156 2.970412 1.000000 -0.323784 -0.792618 3.025666 1.000000 -0.323615 -0.850781 2.956710 1.000000 -0.128802 0.136689 2.915549 1.000000 -0.084962 -0.393681 2.961839 1.000000 -0.035629 -0.793839 3.017102 1.000000 -0.014065 -0.871879 2.977318 1.000000
1635002025 -0.198935 0.211100 2.907742 1.000000 -0.199630 0.281650 2.908406 1.000000 -0.198704 0.635400 2.900173 1.000000 -0.166237 0.814819 2.815638 1.000000 -0.358268 0.534621 2.900157 1.000000 -0.389692 0.264804 2.889683 1.000000 -0.362650 0.074669 2.758989 1.000000 -0.346213 0.003837 2.732690 1.000000 -0.033795 0.528946 2.938400 1.000000 -0.005701 0.304630 2.927832 1.000000 -0.061584 0.085693 2.797779 1.000000 -0.085096 0.021999 2.760776 1.000000 -0.271232 0.137907 2.898605 1.000000 -0.306170 -0.405923 2.971946 1.000000 -0.321979 -0.795472 3.023559 1.000000 -0.322022 -0.848679 2.950706 1.000000 -0.125919 0.136324 2.916279 1.000000 -0.083045 -0.391510 2.962464 1.000000 -0.035917 -0.794031 3.016837 1.000000 -0.013060 -0.872850 2.979370 1.000000
1635043658 -0.196878 0.210867 2.908645 1.000000 -0.197426 0.281533 2.910074 1.000000 -0.195821 0.636245 2.903669 1.000000 -0.166246 0.815309 2.815839 1.000000 -0.355117 0.534918 2.902936 1.000000 -0.387515 0.260153 2.885218 1.000000 -0.370252 0.046556 2.803228 1.000000 -0.364460 -0.055643 2.781717 1.000000 -0.031765 0.528913 2.940421 1.000000 -0.006636 0.296103 2.926424 1.000000 -0.048034 0.076136 2.811974 1.000000 -0.062779 -0.023877 2.785123 1.000000 -0.269505 0.137810 2.899090 1.000000 -0.304966 -0.407641 2.972005 1.000000 -0.318910 -0.802416 3.026951 1.000000 -0.324861 -0.848856 2.949824 1.000000 -0.124067 0.136386 2.916685 1.000000 -0.080960 -0.388500 2.963545 1.000000 -0.036060 -0.794232 3.016796 1.000000 -0.012430 -0.873416 2.980573 1.000000
1635076848 -0.193539 0.209901 2.909724 1.000000 -0.194158 0.280805 2.911847 1.000000 -0.192915 0.636637 2.905836 1.000000 -0.165785 0.817918 2.819214 1.000000 -0.346442 0.535447 2.906751 1.000000 -0.382820 0.257015 2.877659 1.000000 -0.375711 0.036314 2.821097 1.000000 -0.376860 -0.068190 2.825092 1.000000 -0.029378 0.528538 2.941960 1.000000 -0.007096 0.286645 2.925567 1.000000 -0.005655 0.070683 2.849076 1.000000 -0.016876 -0.030382 2.824615 1.000000 -0.265337 0.137947 2.899881 1.000000 -0.303372 -0.407477 2.971696 1.000000 -0.318491 -0.799562 3.024558 1.000000 -0.326346 -0.850549 2.950519 1.000000 -0.121765 0.135897 2.917277 1.000000 -0.079048 -0.388879 2.964117 1.000000 -0.036157 -0.793926 3.016914 1.000000 -0.011814 -0.874290 2.983866 1.000000
1635109755 -0.190439 0.209103 2.911811 1.000000 -0.191096 0.280319 2.914393 1.000000 -0.190053 0.637587 2.907961 1.000000 -0.163173 0.820371 2.823153 1.000000 -0.342438 0.535934 2.908202 1.000000 -0.381589 0.256862 2.876993 1.000000 -0.382116 0.033297 2.838133 1.000000 -0.380179 -0.071255 2.843574 1.000000 -0.026867 0.530021 2.942203 1.000000 -0.006346 0.273940 2.925010 1.000000 -0.012245 0.020187 2.860282 1.000000 -0.010846 -0.075722 2.836726 1.000000 -0.261245 0.138040 2.902715 1.000000 -0.301380 -0.407329 2.971417 1.000000 -0.317448 -0.799379 3.024195 1.000000 -0.326285 -0.863477 2.961268 1.000000 -0.119675 0.135471 2.918422 1.000000 -0.075922 -0.387270 2.964204 1.000000 -0.036051 -0.793927 3.016982 1.000000 -0.011491 -0.876202 2.989160 1.000000
1635143839 -0.186551 0.209451 2.913897 1.000000 -0.187545 0.281026 2.916702 1.000000 -0.187554 0.639885 2.909522 1.000000 -0.160740 0.824820 2.826305 1.000000 -0.339433 0.536225 2.907622 1.000000 -0.380755 0.256625 2.877345 1.000000 -0.378662 0.005219 2.870050 1.000000 -0.388071 -0.099065 2.869840 1.000000 -0.024292 0.531299 2.943367 1.000000 0.000329 0.259716 2.926902 1.000000 0.005168 0.023637 2.873231 1.000000 0.011425 -0.078963 2.853289 1.000000 -0.256529 0.138883 2.904325 1.000000 -0.300530 -0.407412 2.971276 1.000000 -0.316641 -0.798970 3.023223 1.000000 -0.330155 -0.861760 2.959777 1.000000 -0.115831 0.136043 2.921110 1.000000 -0.072490 -0.390431 2.966145 1.000000 -0.036237 -0.794364 3.017107 1.000000 -0.010087 -0.876645 2.990715 1.000000
1635187038 -0.184489 0.208866 2.916724 1.000000 -0.185722 0.280169 2.919760 1.000000 -0.186784 0.637588 2.912216 1.000000 -0.157855 0.813922 2.833423 1.000000 -0.339062 0.535204 2.907654 1.000000 -0.384724 0.253150 2.895522 1.000000 -0.398548 0.030707 2.913834 1.000000 -0.392931 -0.072067 2.894650 1.000000 -0.022824 0.530374 2.943661 1.000000 0.006742 0.256469 2.928214 1.000000 0.038554 0.023567 2.896853 1.000000 0.028429 -0.076614 2.868160 1.000000 -0.254824 0.138530 2.906376 1.000000 -0.296022 -0.403010 2.970934 1.000000 -0.313946 -0.798777 3.027084 1.000000 -0.334551 -0.857890 2.962007 1.000000 -0.112864 0.134662 2.924849 1.000000 -0.070000 -0.391580 2.968955 1.000000 -0.036356 -0.794979 3.017236 1.000000 -0.009418 -0.876711 2.989883 1.000000
1635226848 -0.181969 0.208357 2.919736 1.000000 -0.183704 0.279857 2.922653 1.000000 -0.186597 0.637885 2.913970 1.000000 -0.156104 0.815484 2.834501 1.000000 -0.337969 0.534960 2.908312 1.000000 -0.392400 0.251304 2.923597 1.000000 -0.398798 0.003730 2.922699 1.000000 -0.389574 -0.098403 2.901621 1.000000 -0.021252 0.530543 2.944664 1.000000 0.019228 0.249955 2.938735 1.000000 0.043640 0.019673 2.903915 1.000000 0.047325 -0.084951 2.903013 1.000000 -0.252013 0.138045 2.908877 1.000000 -0.292720 -0.409925 2.971457 1.000000 -0.313217 -0.799516 3.027515 1.000000 -0.329139 -0.853772 2.957086 1.000000 -0.109780 0.134106 2.928625 1.000000 -0.066522 -0.393745 2.971158 1.000000 -0.036242 -0.796341 3.019144 1.000000 -0.008875 -0.877192 2.989620 1.000000
1635260819 -0.180029 0.207961 2.921245 1.000000 -0.181771 0.279769 2.923932 1.000000 -0.184706 0.639217 2.914335 1.000000 -0.155553 0.816956 2.832759 1.000000 -0.336830 0.535069 2.908861 1.000000 -0.392285 0.251634 2.930420 1.000000 -0.402409 0.019104 2.928414 1.000000 -0.395883 -0.084041 2.911751 1.000000 -0.020641 0.530568 2.944479 1.000000 0.023161 0.246383 2.943735 1.000000 0.050306 0.023263 2.914849 1.000000 0.054413 -0.081165 2.908752 1.000000 -0.249725 0.137838 2.910960 1.000000 -0.291017 -0.410118 2.970457 1.000000 -0.312201 -0.800380 3.027925 1.000000 -0.327633 -0.853765 2.956701 1.000000 -0.108287 0.133911 2.929869 1.000000 -0.064872 -0.393892 2.971738 1.000000 -0.036443 -0.796639 3.019237 1.000000 -0.007544 -0.877093 2.990029 1.000000
1635293683 -0.178182 0.208116 2.922490 1.000000 -0.180067 0.279957 2.925073 1.000000 -0.184033 0.639492 2.915096 1.000000 -0.152490 0.817682 2.833397 1.000000 -0.335797 0.534910 2.910080 1.000000 -0.391992 0.251980 2.939595 1.000000 -0.402508 0.003963 2.930711 1.000000 -0.395785 -0.099076 2.913494 1.000000 -0.017881 0.530138 2.945552 1.000000 0.027501 0.243265 2.949188 1.000000 0.052457 0.019713 2.921379 1.000000 0.056673 -0.084727 2.915626 1.000000 -0.247722 0.137872 2.912390 1.000000 -0.290504 -0.409879 2.970234 1.000000 -0.312080 -0.801584 3.026897 1.000000 -0.329161 -0.853900 2.955228 1.000000 -0.106294 0.133846 2.930939 1.000000 -0.063587 -0.394445 2.972543 1.000000 -0.036868 -0.798469 3.022013 1.000000 -0.005939 -0.875340 2.985966 1.000000
1635326839 -0.177216 0.208093 2.923118 1.000000 -0.179064 0.280028 2.925791 1.000000 -0.183047 0.640244 2.916291 1.000000 -0.151195 0.818376 2.834095 1.000000 -0.334806 0.534513 2.910334 1.000000 -0.391552 0.251923 2.941758 1.000000 -0.401840 0.001660 2.932065 1.000000 -0.395994 -0.101776 2.916519 1.000000 -0.017011 0.530156 2.945739 1.000000 0.029095 0.243145 2.950529 1.000000 0.061646 -0.052979 2.930612 1.000000 0.059039 -0.139068 2.919504 1.000000 -0.246657 0.137940 2.912867 1.000000 -0.290197 -0.409824 2.970251 1.000000 -0.311428 -0.804802 3.027696 1.000000 -0.330334 -0.851927 2.952902 1.000000 -0.105495 0.133774 2.931508 1.000000 -0.062835 -0.396028 2.973260 1.000000 -0.037135 -0.798622 3.022193 1.000000 -0.005358 -0.875109 2.985966 1.000000
1635360694 -0.175273 0.208649 2.923952 1.000000 -0.177107 0.280522 2.926974 1.000000 -0.181220 0.640569 2.918483 1.000000 -0.150603 0.818230 2.834993 1.000000 -0.334392 0.533578 2.911213 1.000000 -0.390830 0.253480 2.945982 1.000000 -0.402381 0.001182 2.933597 1.000000 -0.396151 -0.102148 2.917421 1.000000 -0.015277 0.529995 2.945964 1.000000 0.030857 0.245132 2.952350 1.000000 0.063976 -0.015731 2.935701 1.000000 0.060012 -0.119841 2.924607 1.000000 -0.245152 0.138157 2.913485 1.000000 -0.288166 -0.406491 2.969734 1.000000 -0.311092 -0.802138 3.026338 1.000000 -0.334566 -0.852104 2.954700 1.000000 -0.103183 0.134122 2.932037 1.000000 -0.062121 -0.395513 2.973677 1.000000 -0.037631 -0.798446 3.021370 1.000000 -0.005335 -0.874669 2.984946 1.000000
1635404062 -0.174048 0.209094 2.924775 1.000000 -0.175982 0.280894 2.927904 1.000000 -0.180548 0.640645 2.919188 1.000000 -0.151017 0.814176 2.838249 1.000000 -0.334210 0.533593 2.912061 1.000000 -0.390284 0.253367 2.946815 1.000000 -0.402824 0.001487 2.935211 1.000000 -0.395891 -0.101645 2.918091 1.000000 -0.011239 0.529785 2.948022 1.000000 0.032357 0.245221 2.955197 1.000000 0.063730 0.004754 2.941301 1.000000 0.060826 -0.099293 2.929344 1.000000 -0.244338 0.138166 2.914052 1.000000 -0.287858 -0.406399 2.969433 1.000000 -0.311176 -0.802261 3.026445 1.000000 -0.340263 -0.852934 2.957378 1.000000 -0.101416 0.134078 2.933010 1.000000 -0.061450 -0.395988 2.973509 1.000000 -0.037442 -0.798840 3.021935 1.000000 -0.005317 -0.874703 2.984560 1.000000
1635435552 -0.173149 0.209426 2.925448 1.000000 -0.175162 0.281164 2.928848 1.000000 -0.180195 0.640724 2.920585 1.000000 -0.150116 0.814246 2.838390 1.000000 -0.333579 0.534073 2.912562 1.000000 -0.389568 0.253340 2.947536 1.000000 -0.401345 0.001700 2.932679 1.000000 -0.396801 -0.102030 2.918649 1.000000 -0.009108 0.529682 2.947385 1.000000 0.032475 0.245261 2.955362 1.000000 0.059175 0.000637 2.938840 1.000000 0.059545 -0.103615 2.928400 1.000000 -0.243535 0.138221 2.914682 1.000000 -0.287145 -0.410534 2.969142 1.000000 -0.311587 -0.803123 3.026970 1.000000 -0.330649 -0.849765 2.951802 1.000000 -0.100243 0.134257 2.933462 1.000000 -0.061133 -0.396795 2.973617 1.000000 -0.037317 -0.798919 3.021638 1.000000 -0.005468 -0.875102 2.984613 1.000000
1635466959 -0.171969 0.209803 2.925819 1.000000 -0.174066 0.281553 2.929394 1.000000 -0.179498 0.641174 2.920988 1.000000 -0.150019 0.813990 2.838394 1.000000 -0.333322 0.534265 2.912862 1.000000 -0.388469 0.253114 2.948243 1.000000 -0.399625 0.002317 2.929469 1.000000 -0.395472 -0.101677 2.917385 1.000000 -0.008610 0.529693 2.947782 1.000000 0.032834 0.245168 2.955585 1.000000 0.056808 -0.003228 2.935416 1.000000 0.058855 -0.107827 2.929689 1.000000 -0.242263 0.138247 2.914991 1.000000 -0.286995 -0.410642 2.968688 1.000000 -0.311796 -0.807716 3.028519 1.000000 -0.349924 -0.860097 2.965301 1.000000 -0.099000 0.134739 2.933847 1.000000 -0.060758 -0.396502 2.973691 1.000000 -0.037284 -0.799071 3.021055 1.000000 -0.005304 -0.875398 2.984372 1.000000
1635511077 -0.170935 0.209823 2.926090 1.000000 -0.173098 0.281600 2.929607 1.000000 -0.178715 0.641298 2.920543 1.000000 -0.150584 0.814933 2.838237 1.000000 -0.333096 0.534038 2.913401 1.000000 -0.387596 0.253356 2.948474 1.000000 -0.398058 0.002060 2.929678 1.000000 -0.395343 -0.101985 2.917596 1.000000 -0.008120 0.529216 2.948172 1.000000 0.033104 0.245522 2.956052 1.000000 0.056410 -0.002779 2.935776 1.000000 0.058754 -0.107365 2.929861 1.000000 -0.241138 0.137993 2.916106 1.000000 -0.286899 -0.410597 2.968683 1.000000 -0.312053 -0.807245 3.029243 1.000000 -0.349359 -0.859615 2.965485 1.000000 -0.097640 0.134885 2.933693 1.000000 -0.060715 -0.397204 2.973534 1.000000 -0.037202 -0.800488 3.024606 1.000000 -0.005512 -0.873657 2.981694 1.000000
1635543834 -0.170261 0.210343 2.926239 1.000000 -0.172323 0.282180 2.929756 1.000000 -0.177568 0.642184 2.920388 1.000000 -0.149735 0.818519 2.837987 1.000000 -0.331823 0.534583 2.914161 1.000000 -0.385803 0.254717 2.948367 1.000000 -0.392814 0.024541 2.926329 1.000000 -0.394216 -0.079923 2.918401 1.000000 -0.007552 0.529567 2.948035 1.000000 0.033157 0.246134 2.956502 1.000000 0.055571 -0.003356 2.934943 1.000000 0.058672 -0.107941 2.929476 1.000000 -0.240488 0.138477 2.916171 1.000000 -0.286123 -0.412605 2.968226 1.000000 -0.311147 -0.810542 3.028929 1.000000 -0.337014 -0.858166 2.956365 1.000000 -0.097105 0.135448 2.933970 1.000000 -0.060381 -0.397182 2.973242 1.000000 -0.036907 -0.800455 3.023203 1.000000 -0.004526 -0.874149 2.981689 1.000000
1635576561 -0.169427 0.210929 2.926260 1.000000 -0.171307 0.282916 2.929770 1.000000 -0.175579 0.643828 2.920218 1.000000 -0.149325 0.819725 2.838363 1.000000 -0.330816 0.535643 2.914792 1.000000 -0.384610 0.255438 2.948303 1.000000 -0.394458 0.029723 2.924933 1.000000 -0.395877 -0.074793 2.917800 1.000000 -0.006270 0.530019 2.948522 1.000000 0.033086 0.246208 2.956729 1.000000 0.054458 -0.005717 2.934402 1.000000 0.058441 -0.110295 2.929499 1.000000 -0.239752 0.139197 2.916652 1.000000 -0.285345 -0.411182 2.967539 1.000000 -0.311128 -0.810414 3.028887 1.000000 -0.336246 -0.861273 2.958255 1.000000 -0.096382 0.135842 2.933589 1.000000 -0.060257 -0.397343 2.973191 1.000000 -0.036899 -0.800626 3.022984 1.000000 -0.003583 -0.875003 2.983430 1.000000
1635621084 -0.167904 0.210939 2.926448 1.000000 -0.169882 0.282906 2.929973 1.000000 -0.174770 0.643730 2.920403 1.000000 -0.147552 0.818053 2.839489 1.000000 -0.330204 0.535527 2.915144 1.000000 -0.382499 0.256914 2.946793 1.000000 -0.392087 0.017594 2.920660 1.000000 -0.378060 -0.052598 2.891136 1.000000 -0.005006 0.528522 2.948609 1.000000 0.033189 0.246368 2.956962 1.000000 0.054325 -0.005517 2.934272 1.000000 0.058565 -0.110080 2.929514 1.000000 -0.238183 0.139212 2.916758 1.000000 -0.284815 -0.410349 2.967108 1.000000 -0.311300 -0.808543 3.028728 1.000000 -0.334473 -0.860223 2.958000 1.000000 -0.094828 0.135690 2.933799 1.000000 -0.060243 -0.397738 2.972927 1.000000 -0.036425 -0.800790 3.022909 1.000000 -0.003987 -0.875318 2.982866 1.000000
1635653664 -0.167338 0.210800 2.926411 1.000000 -0.169512 0.282783 2.929901 1.000000 -0.175071 0.643475 2.920146 1.000000 -0.147704 0.817969 2.839702 1.000000 -0.329546 0.535186 2.916711 1.000000 -0.380579 0.258500 2.946180 1.000000 -0.392162 0.013308 2.918949 1.000000 -0.380949 -0.057713 2.890254 1.000000 -0.004993 0.528491 2.948628 1.000000 0.033664 0.247092 2.957666 1.000000 0.054052 -0.006733 2.933278 1.000000 0.058479 -0.111296 2.929175 1.000000 -0.237197 0.139169 2.916842 1.000000 -0.283884 -0.405470 2.964991 1.000000 -0.309336 -0.805096 3.026114 1.000000 -0.337787 -0.860822 2.960545 1.000000 -0.094142 0.135567 2.933716 1.000000 -0.060231 -0.397798 2.972917 1.000000 -0.036211 -0.801015 3.023510 1.000000 -0.005935 -0.874311 2.979631 1.000000
1635685103 -0.166944 0.210730 2.926575 1.000000 -0.169177 0.282689 2.930145 1.000000 -0.175069 0.643262 2.920761 1.000000 -0.147737 0.817701 2.839611 1.000000 -0.328730 0.535016 2.917872 1.000000 -0.379783 0.258826 2.946165 1.000000 -0.387235 0.033280 2.914977 1.000000 -0.385577 -0.042837 2.900747 1.000000 -0.004546 0.528535 2.949494 1.000000 0.034267 0.246526 2.957939 1.000000 0.054063 0.003503 2.932974 1.000000 0.058188 -0.101113 2.928550 1.000000 -0.236746 0.139075 2.916823 1.000000 -0.283281 -0.407372 2.964092 1.000000 -0.309910 -0.805846 3.024021 1.000000 -0.329333 -0.857991 2.952454 1.000000 -0.093681 0.135546 2.933949 1.000000 -0.059787 -0.397766 2.972874 1.000000 -0.037131 -0.799912 3.017607 1.000000 -0.004067 -0.877050 2.983334 1.000000
1635716862 -0.166237 0.210838 2.926702 1.000000 -0.168466 0.282764 2.930297 1.000000 -0.174476 0.643187 2.920862 1.000000 -0.144459 0.818648 2.840317 1.000000 -0.327904 0.535552 2.918441 1.000000 -0.379299 0.259474 2.946152 1.000000 -0.385146 0.022861 2.910100 1.000000 -0.379838 -0.062221 2.890655 1.000000 -0.003134 0.527932 2.950522 1.000000 0.034476 0.246774 2.959804 1.000000 0.054067 -0.000704 2.934627 1.000000 0.058388 -0.105350 2.929344 1.000000 -0.236123 0.139122 2.917031 1.000000 -0.282968 -0.411754 2.963661 1.000000 -0.308053 -0.813027 3.030062 1.000000 -0.328493 -0.853336 2.951452 1.000000 -0.093006 0.135616 2.933962 1.000000 -0.059647 -0.398127 2.972839 1.000000 -0.036560 -0.799747 3.018610 1.000000 -0.005400 -0.876356 2.981433 1.000000
1635760915 -0.165778 0.210513 2.926767 1.000000 -0.168012 0.282483 2.930509 1.000000 -0.173974 0.643172 2.921447 1.000000 -0.144458 0.818529 2.840530 1.000000 -0.327621 0.535102 2.918578 1.000000 -0.379105 0.259510 2.946284 1.000000 -0.385879 0.028643 2.912550 1.000000 -0.381103 -0.050123 2.895111 1.000000 -0.003156 0.527876 2.950653 1.000000 0.034760 0.246523 2.959979 1.000000 0.053309 -0.002452 2.932180 1.000000 0.058270 -0.107218 2.928676 1.000000 -0.235632 0.138788 2.916878 1.000000 -0.283040 -0.412871 2.963808 1.000000 -0.308411 -0.814412 3.030756 1.000000 -0.328494 -0.853161 2.951249 1.000000 -0.092679 0.135426 2.934058 1.000000 -0.059571 -0.398779 2.972797 1.000000 -0.036692 -0.799753 3.019244 1.000000 -0.004784 -0.876028 2.981960 1.000000
1635793936 -0.165193 0.210329 2.927206 1.000000 -0.167428 0.282309 2.931231 1.000000 -0.173423 0.643238 2.922829 1.000000 -0.144181 0.818665 2.840783 1.000000 -0.327249 0.534975 2.918684 1.000000 -0.378850 0.259676 2.946642 1.000000 -0.387744 0.034091 2.914111 1.000000 -0.380776 -0.049120 2.895463 1.000000 -0.003163 0.527895 2.950667 1.000000 0.035583 0.246256 2.961954 1.000000 0.053015 -0.004319 2.931043 1.000000 0.058565 -0.109134 2.927626 1.000000 -0.235019 0.138672 2.917069 1.000000 -0.283081 -0.412843 2.963774 1.000000 -0.308632 -0.813845 3.030447 1.000000 -0.329166 -0.852731 2.951098 1.000000 -0.092201 0.135379 2.934503 1.000000 -0.059360 -0.400311 2.972002 1.000000 -0.036008 -0.800664 3.020518 1.000000 -0.004032 -0.877167 2.983711 1.000000
1635838012 -0.164792 0.210397 2.927533 1.000000 -0.166899 0.282341 2.931937 1.000000 -0.171949 0.643107 2.924150 1.000000 -0.143699 0.818745 2.841326 1.000000 -0.326618 0.535056 2.919046 1.000000 -0.378789 0.259744 2.946620 1.000000 -0.389785 0.033971 2.916779 1.000000 -0.383548 -0.067931 2.891897 1.000000 -0.002988 0.528199 2.951116 1.000000 0.035773 0.246356 2.962074 1.000000 0.059056 -0.040874 2.929033 1.000000 0.060354 -0.140118 2.926624 1.000000 -0.234729 0.138825 2.917195 1.000000 -0.282730 -0.409720 2.962465 1.000000 -0.310029 -0.810124 3.027184 1.000000 -0.329766 -0.853544 2.949975 1.000000 -0.091940 0.135436 2.934828 1.000000 -0.058829 -0.399342 2.972069 1.000000 -0.036076 -0.800693 3.020601 1.000000 -0.000756 -0.877793 2.988292 1.000000
1635877910 -0.164176 0.210214 2.928081 1.000000 -0.166006 0.282119 2.933169 1.000000 -0.168985 0.643232 2.926739 1.000000 -0.142037 0.818713 2.843341 1.000000 -0.325922 0.535136 2.919676 1.000000 -0.379452 0.259747 2.946321 1.000000 -0.393759 0.034183 2.915217 1.000000 -0.385517 -0.068207 2.892851 1.000000 -0.002708 0.528053 2.951110 1.000000 0.038441 0.246615 2.961047 1.000000 0.060951 -0.043619 2.926008 1.000000 0.060836 -0.122631 2.918189 1.000000 -0.234474 0.138775 2.917298 1.000000 -0.282745 -0.409511 2.962486 1.000000 -0.309539 -0.808562 3.029160 1.000000 -0.331107 -0.852260 2.952570 1.000000 -0.091468 0.135159 2.935494 1.000000 -0.058747 -0.399303 2.972093 1.000000 -0.036081 -0.800600 3.020687 1.000000 -0.001517 -0.877820 2.987773 1.000000
1635910914 -0.163980 0.210082 2.928278 1.000000 -0.165770 0.281836 2.933838 1.000000 -0.168886 0.641554 2.927256 1.000000 -0.146070 0.801389 2.847447 1.000000 -0.325973 0.534543 2.921679 1.000000 -0.381066 0.259652 2.945089 1.000000 -0.394868 0.034235 2.910990 1.000000 -0.389404 -0.019485 2.881841 1.000000 -0.002310 0.528167 2.951103 1.000000 0.043830 0.244966 2.959254 1.000000 0.063057 -0.045487 2.919795 1.000000 0.062314 -0.122459 2.909604 1.000000 -0.234404 0.138628 2.917323 1.000000 -0.282664 -0.405313 2.961394 1.000000 -0.308853 -0.800403 3.021177 1.000000 -0.323335 -0.850895 2.947115 1.000000 -0.090996 0.134745 2.935950 1.000000 -0.058638 -0.399123 2.971792 1.000000 -0.036040 -0.799787 3.017644 1.000000 0.000024 -0.876538 2.985194 1.000000
1635944769 -0.163776 0.209809 2.928412 1.000000 -0.165489 0.281591 2.934402 1.000000 -0.167761 0.641788 2.927607 1.000000 -0.145855 0.807083 2.845689 1.000000 -0.325707 0.534650 2.922066 1.000000 -0.383587 0.261227 2.943290 1.000000 -0.393107 0.035902 2.905351 1.000000 -0.388088 -0.065411 2.878175 1.000000 -0.002144 0.528241 2.951231 1.000000 0.046970 0.245613 2.957239 1.000000 0.065287 -0.044702 2.916063 1.000000 0.067779 -0.121866 2.908039 1.000000 -0.234329 0.138392 2.917441 1.000000 -0.283133 -0.410059 2.961796 1.000000 -0.312513 -0.811784 3.034730 1.000000 -0.323697 -0.843610 2.950409 1.000000 -0.090917 0.134553 2.935979 1.000000 -0.058276 -0.399974 2.971330 1.000000 -0.035244 -0.802181 3.022329 1.000000 -0.001155 -0.876513 2.982821 1.000000
1635978025 -0.162754 0.209588 2.928581 1.000000 -0.164245 0.281412 2.935223 1.000000 -0.165217 0.642458 2.929026 1.000000 -0.138707 0.816509 2.844543 1.000000 -0.324586 0.535668 2.923614 1.000000 -0.388160 0.264341 2.942260 1.000000 -0.393065 0.005657 2.885021 1.000000 -0.388130 -0.071219 2.875289 1.000000 -0.001209 0.528748 2.952181 1.000000 0.051635 0.247440 2.952325 1.000000 0.067322 0.014374 2.899427 1.000000 0.066843 -0.090557 2.894451 1.000000 -0.233566 0.138226 2.917383 1.000000 -0.283364 -0.410655 2.961683 1.000000 -0.312720 -0.808483 3.032268 1.000000 -0.322348 -0.845075 2.949680 1.000000 -0.090192 0.134313 2.936026 1.000000 -0.058259 -0.400061 2.971164 1.000000 -0.035237 -0.802205 3.022247 1.000000 -0.001330 -0.876544 2.982541 1.000000
1636010611 -0.162324 0.209596 2.928459 1.000000 -0.163839 0.281433 2.935599 1.000000 -0.164917 0.642631 2.929072 1.000000 -0.138509 0.817022 2.843677 1.000000 -0.324414 0.535732 2.923754 1.000000 -0.392012 0.263861 2.940528 1.000000 -0.395222 0.009087 2.885233 1.000000 -0.388157 -0.070173 2.874798 1.000000 -0.000224 0.528618 2.952016 1.000000 0.063219 0.255910 2.940090 1.000000 0.069542 0.016833 2.884130 1.000000 0.065174 -0.088128 2.880780 1.000000 -0.233205 0.138261 2.916872 1.000000 -0.283453 -0.410328 2.961775 1.000000 -0.312254 -0.807872 3.031990 1.000000 -0.323562 -0.845637 2.950116 1.000000 -0.089557 0.133975 2.936061 1.000000 -0.058264 -0.400219 2.971134 1.000000 -0.034699 -0.806314 3.025401 1.000000 -0.000653 -0.875223 2.976928 1.000000
1636055000 -0.162104 0.209228 2.928562 1.000000 -0.163666 0.281002 2.936229 1.000000 -0.164901 0.641984 2.929648 1.000000 -0.142578 0.813544 2.843898 1.000000 -0.324317 0.535559 2.923888 1.000000 -0.400177 0.270745 2.932245 1.000000 -0.395250 0.032202 2.882932 1.000000 -0.385579 -0.071321 2.867580 1.000000 0.000194 0.528738 2.952318 1.000000 0.072548 0.267209 2.930990 1.000000 0.065241 0.038150 2.855794 1.000000 0.051068 -0.065184 2.842860 1.000000 -0.233129 0.137947 2.917024 1.000000 -0.283139 -0.407160 2.961018 1.000000 -0.311713 -0.805042 3.031037 1.000000 -0.332548 -0.851311 2.955632 1.000000 -0.089108 0.133351 2.935860 1.000000 -0.058275 -0.400190 2.970729 1.000000 -0.034111 -0.805502 3.024583 1.000000 -0.001331 -0.876211 2.977825 1.000000
1636087657 -0.162020 0.209172 2.928707 1.000000 -0.163573 0.280882 2.937020 1.000000 -0.164551 0.641844 2.930882 1.000000 -0.142451 0.813322 2.844206 1.000000 -0.324244 0.535563 2.923974 1.000000 -0.409566 0.282579 2.924362 1.000000 -0.395814 0.057042 2.868834 1.000000 -0.384139 -0.047120 2.861166 1.000000 0.000654 0.528840 2.952385 1.000000 0.084216 0.272673 2.915887 1.000000 0.057583 0.059932 2.827826 1.000000 0.038257 -0.042734 2.816382 1.000000 -0.233135 0.137937 2.917027 1.000000 -0.282142 -0.403863 2.959326 1.000000 -0.311027 -0.803918 3.030551 1.000000 -0.334907 -0.853112 2.957931 1.000000 -0.088935 0.133085 2.936081 1.000000 -0.058022 -0.399998 2.970550 1.000000 -0.033690 -0.805072 3.024320 1.000000 -0.002554 -0.877334 2.978794 1.000000
1636120432 -0.161921 0.209259 2.928631 1.000000 -0.163462 0.280953 2.937410 1.000000 -0.164162 0.641911 2.930760 1.000000 -0.139729 0.819608 2.841243 1.000000 -0.323521 0.535576 2.923018 1.000000 -0.417866 0.296126 2.910584 1.000000 -0.396634 0.060250 2.863897 1.000000 -0.379387 -0.043025 2.854970 1.000000 0.002508 0.528833 2.951287 1.000000 0.096265 0.290780 2.897379 1.000000 0.043784 0.079827 2.818625 1.000000 0.000918 -0.014951 2.803710 1.000000 -0.233232 0.138101 2.916763 1.000000 -0.281767 -0.406500 2.959208 1.000000 -0.309414 -0.808008 3.032862 1.000000 -0.334818 -0.851643 2.957253 1.000000 -0.088758 0.133012 2.936041 1.000000 -0.057872 -0.399651 2.970135 1.000000 -0.032982 -0.804674 3.023756 1.000000 -0.002665 -0.877216 2.978097 1.000000
1636151944 -0.161515 0.209375 2.928263 1.000000 -0.163001 0.280903 2.937607 1.000000 -0.162753 0.640604 2.930899 1.000000 -0.139119 0.817664 2.840465 1.000000 -0.323152 0.535122 2.922310 1.000000 -0.425122 0.303074 2.900295 1.000000 -0.392571 0.077695 2.852726 1.000000 -0.369873 -0.007008 2.829126 1.000000 0.004042 0.529320 2.950047 1.000000 0.102328 0.324036 2.865177 1.000000 0.016940 0.119223 2.804330 1.000000 -0.006874 0.046159 2.793786 1.000000 -0.233226 0.138102 2.916263 1.000000 -0.281498 -0.406810 2.959172 1.000000 -0.307856 -0.809238 3.034431 1.000000 -0.330585 -0.850337 2.956597 1.000000 -0.088009 0.132949 2.935415 1.000000 -0.057478 -0.399702 2.969771 1.000000 -0.032191 -0.803859 3.023529 1.000000 -0.006117 -0.877772 2.977475 1.000000
1636193857 -0.159525 0.211042 2.927351 1.000000 -0.161654 0.281742 2.937492 1.000000 -0.162796 0.639783 2.930722 1.000000 -0.138552 0.817407 2.840691 1.000000 -0.323360 0.534431 2.921288 1.000000 -0.435419 0.307812 2.885243 1.000000 -0.387538 0.090670 2.827027 1.000000 -0.359285 -0.007674 2.803823 1.000000 0.005723 0.534080 2.948451 1.000000 0.104687 0.341729 2.851287 1.000000 0.001397 0.158032 2.753972 1.000000 -0.065417 0.077211 2.750502 1.000000 -0.231682 0.138901 2.915676 1.000000 -0.281181 -0.406262 2.958621 1.000000 -0.308826 -0.806778 3.032868 1.000000 -0.331294 -0.851154 2.956780 1.000000 -0.084928 0.134914 2.933530 1.000000 -0.056366 -0.399385 2.969274 1.000000 -0.031361 -0.803188 3.022674 1.000000 -0.007972 -0.877920 2.976507 1.000000
1636227793 -0.157926 0.211655 2.927420 1.000000 -0.159997 0.282182 2.938026 1.000000 -0.161908 0.639351 2.930830 1.000000 -0.136980 0.814062 2.838635 1.000000 -0.322756 0.533911 2.918623 1.000000 -0.446740 0.325618 2.874719 1.000000 -0.383899 0.112087 2.818108 1.000000 -0.375000 0.097900 2.797878 1.000000 0.006611 0.533355 2.943799 1.000000 0.113074 0.347055 2.820887 1.000000 -0.113342 0.175049 2.784206 1.000000 -0.140156 0.107951 2.756270 1.000000 -0.230057 0.139159 2.915541 1.000000 -0.280123 -0.402759 2.957599 1.000000 -0.309532 -0.804068 3.029816 1.000000 -0.336325 -0.855256 2.959649 1.000000 -0.083522 0.135646 2.933688 1.000000 -0.054795 -0.399346 2.968796 1.000000 -0.031064 -0.802698 3.022410 1.000000 -0.008605 -0.877630 2.976126 1.000000
1636270640 -0.155672 0.211913 2.927338 1.000000 -0.157980 0.281807 2.938818 1.000000 -0.158649 0.633875 2.933232 1.000000 -0.143190 0.777626 2.841043 1.000000 -0.321282 0.534381 2.911686 1.000000 -0.453790 0.342852 2.829341 1.000000 -0.367672 0.134938 2.789082 1.000000 -0.359657 0.060172 2.770538 1.000000 0.006541 0.534875 2.942961 1.000000 0.113808 0.374321 2.791278 1.000000 -0.087205 0.294197 2.710473 1.000000 -0.134955 0.252008 2.666449 1.000000 -0.226736 0.139092 2.914654 1.000000 -0.279799 -0.400689 2.957043 1.000000 -0.309144 -0.801445 3.027231 1.000000 -0.337377 -0.856088 2.960324 1.000000 -0.082031 0.136288 2.933634 1.000000 -0.052718 -0.399653 2.966886 1.000000 -0.030659 -0.801978 3.020302 1.000000 -0.008863 -0.879464 2.978109 1.000000
1636302022 -0.153767 0.213086 2.926998 1.000000 -0.156209 0.282723 2.939517 1.000000 -0.156392 0.634309 2.934637 1.000000 -0.139484 0.791258 2.842290 1.000000 -0.319986 0.534656 2.905546 1.000000 -0.459301 0.346069 2.816593 1.000000 -0.347774 0.153976 2.758600 1.000000 -0.412069 0.113140 2.744699 1.000000 0.006842 0.538387 2.941966 1.000000 0.118921 0.396702 2.773882 1.000000 -0.088530 0.393582 2.669459 1.000000 -0.159923 0.374400 2.646441 1.000000 -0.224494 0.139965 2.911887 1.000000 -0.279757 -0.400442 2.955742 1.000000 -0.309007 -0.801319 3.026998 1.000000 -0.339062 -0.855471 2.960503 1.000000 -0.080341 0.137658 2.934441 1.000000 -0.050768 -0.401560 2.962356 1.000000 -0.030513 -0.801823 3.020163 1.000000 -0.008540 -0.879078 2.977663 1.000000
1636333718 -0.151824 0.214227 2.925824 1.000000 -0.154137 0.283718 2.939069 1.000000 -0.154482 0.634929 2.933541 1.000000 -0.127216 0.805222 2.835611 1.000000 -0.317199 0.535236 2.902242 1.000000 -0.464108 0.365601 2.798308 1.000000 -0.305516 0.204796 2.768201 1.000000 -0.252653 0.151194 2.762647 1.000000 0.010602 0.542591 2.937176 1.000000 0.122482 0.396429 2.756745 1.000000 -0.089373 0.458258 2.692487 1.000000 -0.159991 0.478868 2.675550 1.000000 -0.222785 0.140700 2.909238 1.000000 -0.279765 -0.397177 2.952534 1.000000 -0.309219 -0.801041 3.026737 1.000000 -0.339345 -0.855738 2.960736 1.000000 -0.078614 0.138646 2.934450 1.000000 -0.050006 -0.400322 2.958563 1.000000 -0.029462 -0.799249 3.014772 1.000000 -0.009736 -0.881996 2.982844 1.000000
1636377918 -0.151279 0.213841 2.924950 1.000000 -0.153657 0.283554 2.938678 1.000000 -0.153412 0.636447 2.931736 1.000000 -0.126129 0.805666 2.835755 1.000000 -0.317091 0.535220 2.900305 1.000000 -0.461748 0.390308 2.777306 1.000000 -0.270752 0.264648 2.770535 1.000000 -0.207087 0.222762 2.772761 1.000000 0.008630 0.542765 2.936816 1.000000 0.123683 0.400482 2.750704 1.000000 -0.058874 0.514332 2.666832 1.000000 -0.119726 0.552282 2.643357 1.000000 -0.222299 0.140532 2.908329 1.000000 -0.280509 -0.398718 2.950934 1.000000 -0.311488 -0.807134 3.031160 1.000000 -0.338130 -0.853297 2.957589 1.000000 -0.078402 0.138621 2.934081 1.000000 -0.048968 -0.400039 2.955747 1.000000 -0.029129 -0.799098 3.014314 1.000000 -0.009908 -0.882295 2.983294 1.000000
1636411103 -0.151294 0.212118 2.921940 1.000000 -0.153275 0.282382 2.934005 1.000000 -0.149728 0.636851 2.918097 1.000000 -0.122068 0.808697 2.835700 1.000000 -0.316776 0.534968 2.899002 1.000000 -0.466579 0.417515 2.750238 1.000000 -0.256728 0.335677 2.758585 1.000000 -0.186778 0.308397 2.765850 1.000000 0.008872 0.538238 2.937566 1.000000 0.120898 0.400767 2.746319 1.000000 -0.063171 0.543945 2.661161 1.000000 -0.124528 0.591671 2.637258 1.000000 -0.222992 0.139221 2.905732 1.000000 -0.282304 -0.397809 2.944511 1.000000 -0.311750 -0.807512 3.027852 1.000000 -0.337946 -0.854008 2.954346 1.000000 -0.078577 0.136872 2.932621 1.000000 -0.048110 -0.399636 2.951437 1.000000 -0.029241 -0.798564 3.013035 1.000000 -0.010158 -0.881838 2.982172 1.000000
1636444083 -0.153816 0.207529 2.918442 1.000000 -0.154945 0.278253 2.931659 1.000000 -0.148091 0.632810 2.920464 1.000000 -0.121696 0.808040 2.835928 1.000000 -0.315139 0.536769 2.895292 1.000000 -0.466037 0.426097 2.741727 1.000000 -0.243287 0.391044 2.746126 1.000000 -0.169037 0.379359 2.752074 1.000000 -0.005833 0.486084 2.935379 1.000000 0.113301 0.394893 2.739702 1.000000 -0.035236 0.555733 2.661161 1.000000 -0.084748 0.609346 2.639463 1.000000 -0.226378 0.136492 2.899745 1.000000 -0.286260 -0.399759 2.936384 1.000000 -0.312813 -0.806533 3.025685 1.000000 -0.344404 -0.857256 2.957302 1.000000 -0.082869 0.131534 2.929640 1.000000 -0.047367 -0.400776 2.946113 1.000000 -0.025012 -0.795105 3.009284 1.000000 -0.014655 -0.882502 2.986887 1.000000
1636488227 -0.154334 0.205920 2.916344 1.000000 -0.155200 0.276871 2.930241 1.000000 -0.147562 0.632708 2.920592 1.000000 -0.111240 0.802603 2.820486 1.000000 -0.311033 0.536135 2.888786 1.000000 -0.465795 0.433506 2.730052 1.000000 -0.256884 0.515258 2.688408 1.000000 -0.187247 0.542509 2.679008 1.000000 -0.006049 0.495205 2.928910 1.000000 0.105882 0.393010 2.734736 1.000000 0.006386 0.577183 2.635831 1.000000 -0.026779 0.638574 2.607345 1.000000 -0.226666 0.136226 2.897822 1.000000 -0.287902 -0.397336 2.922154 1.000000 -0.313987 -0.806708 3.025129 1.000000 -0.335926 -0.852767 2.950027 1.000000 -0.084103 0.130805 2.927613 1.000000 -0.046361 -0.399799 2.939095 1.000000 -0.025117 -0.795191 3.009105 1.000000 -0.014290 -0.882569 2.986950 1.000000
1636520970 -0.155239 0.202372 2.913002 1.000000 -0.156026 0.273995 2.927876 1.000000 -0.147354 0.632754 2.920372 1.000000 -0.110510 0.803330 2.820688 1.000000 -0.303801 0.522487 2.886442 1.000000 -0.464505 0.435212 2.727214 1.000000 -0.304475 0.584283 2.656709 1.000000 -0.251131 0.633973 2.637690 1.000000 -0.004653 0.504528 2.930024 1.000000 0.110012 0.392820 2.725070 1.000000 0.017807 0.678017 2.651012 1.000000 -0.012928 0.773083 2.630808 1.000000 -0.227138 0.134131 2.894329 1.000000 -0.290233 -0.400035 2.914907 1.000000 -0.315475 -0.807947 3.024948 1.000000 -0.335687 -0.852577 2.948504 1.000000 -0.085631 0.129064 2.925069 1.000000 -0.046213 -0.401079 2.934166 1.000000 -0.024636 -0.794239 3.005945 1.000000 -0.010838 -0.845489 2.913245 1.000000
1636552614 -0.159058 0.203369 2.909033 1.000000 -0.159417 0.274045 2.925776 1.000000 -0.149609 0.631395 2.921142 1.000000 -0.116459 0.803288 2.825330 1.000000 -0.315468 0.532555 2.888680 1.000000 -0.465958 0.434044 2.725539 1.000000 -0.330439 0.602298 2.645936 1.000000 -0.288848 0.664551 2.627106 1.000000 -0.004065 0.506175 2.929556 1.000000 0.109086 0.384385 2.726828 1.000000 0.043290 0.677450 2.656540 1.000000 0.021357 0.775138 2.637593 1.000000 -0.232177 0.135020 2.890632 1.000000 -0.295011 -0.399419 2.900228 1.000000 -0.323931 -0.807768 3.012890 1.000000 -0.334561 -0.859973 2.939385 1.000000 -0.089842 0.128230 2.916735 1.000000 -0.045256 -0.403365 2.925606 1.000000 -0.024602 -0.794245 3.005904 1.000000 -0.011964 -0.845242 2.912919 1.000000
1636584048 -0.165098 0.197941 2.903335 1.000000 -0.166918 0.267701 2.921338 1.000000 -0.160326 0.623225 2.919400 1.000000 -0.134149 0.792037 2.830125 1.000000 -0.317734 0.529866 2.889154 1.000000 -0.463007 0.433046 2.719414 1.000000 -0.378352 0.635772 2.653415 1.000000 -0.325880 0.688853 2.634154 1.000000 -0.015728 0.523356 2.935300 1.000000 0.107556 0.374617 2.732694 1.000000 0.123580 0.586349 2.642183 1.000000 0.128712 0.662331 2.630260 1.000000 -0.235038 0.132132 2.888249 1.000000 -0.302955 -0.400069 2.879315 1.000000 -0.325772 -0.808132 3.009530 1.000000 -0.334655 -0.857817 2.934112 1.000000 -0.097134 0.124286 2.907611 1.000000 -0.046944 -0.403082 2.919213 1.000000 -0.024652 -0.793852 3.003460 1.000000 -0.013079 -0.882511 2.987937 1.000000
1636627917 -0.170330 0.190417 2.897233 1.000000 -0.172463 0.261128 2.918253 1.000000 -0.164470 0.621567 2.919509 1.000000 -0.137017 0.792619 2.829793 1.000000 -0.322449 0.523936 2.889665 1.000000 -0.456736 0.423334 2.712076 1.000000 -0.414096 0.640709 2.654549 1.000000 -0.397470 0.711575 2.629301 1.000000 -0.024067 0.526233 2.939197 1.000000 0.109742 0.342788 2.742693 1.000000 0.157679 0.566406 2.654412 1.000000 0.204411 0.627574 2.651166 1.000000 -0.238621 0.126071 2.883690 1.000000 -0.311474 -0.400269 2.861949 1.000000 -0.325580 -0.808775 3.004005 1.000000 -0.340619 -0.860846 2.931263 1.000000 -0.102913 0.119150 2.899486 1.000000 -0.049308 -0.403604 2.915191 1.000000 -0.025153 -0.794207 3.003147 1.000000 -0.009699 -0.844703 2.910407 1.000000
1636660963 -0.172641 0.187629 2.894578 1.000000 -0.175388 0.258027 2.917874 1.000000 -0.168601 0.619481 2.920187 1.000000 -0.138526 0.793037 2.830320 1.000000 -0.327185 0.519307 2.889248 1.000000 -0.459379 0.422441 2.707469 1.000000 -0.472276 0.639759 2.633956 1.000000 -0.468424 0.713906 2.613515 1.000000 -0.027273 0.526735 2.939475 1.000000 0.099365 0.306641 2.780081 1.000000 0.196349 0.476834 2.654251 1.000000 0.229426 0.546242 2.658589 1.000000 -0.240830 0.122459 2.880760 1.000000 -0.318347 -0.402215 2.848636 1.000000 -0.327556 -0.808727 3.001071 1.000000 -0.344742 -0.862907 2.930418 1.000000 -0.105290 0.117191 2.895827 1.000000 -0.051427 -0.405269 2.911132 1.000000 -0.024123 -0.797006 3.003050 1.000000 -0.014561 -0.885799 2.987326 1.000000
1636704915 -0.177261 0.184188 2.888904 1.000000 -0.180974 0.253833 2.913225 1.000000 -0.177108 0.613136 2.913062 1.000000 -0.162639 0.783029 2.825624 1.000000 -0.337770 0.510737 2.887843 1.000000 -0.468018 0.355713 2.703911 1.000000 -0.531087 0.564329 2.631223 1.000000 -0.531087 0.636486 2.604373 1.000000 -0.033316 0.527544 2.939414 1.000000 0.077359 0.281825 2.811922 1.000000 0.235962 0.420654 2.682650 1.000000 0.296871 0.467747 2.682650 1.000000 -0.245523 0.117611 2.876336 1.000000 -0.323360 -0.402389 2.839004 1.000000 -0.333124 -0.808653 2.986905 1.000000 -0.346209 -0.871630 2.922996 1.000000 -0.109454 0.114705 2.888734 1.000000 -0.056896 -0.406432 2.901306 1.000000 -0.026793 -0.795492 2.998374 1.000000 -0.011413 -0.845846 2.905598 1.000000
1636737456 -0.181504 0.182312 2.885902 1.000000 -0.186570 0.251695 2.911619 1.000000 -0.190096 0.611699 2.910475 1.000000 -0.167456 0.785160 2.820451 1.000000 -0.342435 0.507436 2.888073 1.000000 -0.452370 0.354697 2.734801 1.000000 -0.608375 0.463998 2.600068 1.000000 -0.657647 0.510313 2.563279 1.000000 -0.040643 0.528931 2.940127 1.000000 0.047862 0.279405 2.846876 1.000000 0.240845 0.311035 2.700229 1.000000 0.337840 0.348617 2.695015 1.000000 -0.248712 0.115437 2.873780 1.000000 -0.324964 -0.403311 2.836838 1.000000 -0.333904 -0.808742 2.984940 1.000000 -0.346632 -0.873207 2.922450 1.000000 -0.112684 0.113719 2.885743 1.000000 -0.061335 -0.404660 2.893226 1.000000 -0.027502 -0.794642 2.996392 1.000000 -0.011983 -0.844930 2.903594 1.000000
1636768719 -0.190792 0.174906 2.879850 1.000000 -0.194547 0.244037 2.908135 1.000000 -0.199407 0.605459 2.908386 1.000000 -0.188919 0.745754 2.816288 1.000000 -0.357878 0.495790 2.885915 1.000000 -0.450439 0.306885 2.774227 1.000000 -0.612159 0.314495 2.603497 1.000000 -0.664221 0.354690 2.563685 1.000000 -0.041595 0.481445 2.913910 1.000000 0.047646 0.277505 2.850195 1.000000 0.243408 0.247070 2.719761 1.000000 0.318111 0.264783 2.715654 1.000000 -0.264940 0.102781 2.865503 1.000000 -0.325700 -0.404615 2.837347 1.000000 -0.334844 -0.809941 2.983347 1.000000 -0.349774 -0.878081 2.925444 1.000000 -0.117885 0.102966 2.878246 1.000000 -0.063740 -0.406468 2.889284 1.000000 -0.027718 -0.794441 2.996075 1.000000 -0.019208 -0.844583 2.902327 1.000000
1636811944 -0.194364 0.174296 2.879123 1.000000 -0.197875 0.243101 2.908820 1.000000 -0.204647 0.603291 2.906936 1.000000 -0.196688 0.749927 2.817851 1.000000 -0.368057 0.491779 2.892121 1.000000 -0.449588 0.292112 2.799530 1.000000 -0.595921 0.245966 2.620694 1.000000 -0.638344 0.196604 2.579829 1.000000 -0.044739 0.483864 2.913359 1.000000 0.040781 0.273998 2.861792 1.000000 0.191440 0.137378 2.750708 1.000000 0.249204 0.103388 2.713103 1.000000 -0.267568 0.101921 2.864741 1.000000 -0.323833 -0.410163 2.844127 1.000000 -0.334506 -0.810198 2.984594 1.000000 -0.345585 -0.876879 2.924224 1.000000 -0.120143 0.102220 2.878222 1.000000 -0.065851 -0.405810 2.887162 1.000000 -0.028006 -0.790695 2.985237 1.000000 -0.021937 -0.840833 2.891334 1.000000
1636844837 -0.198728 0.175878 2.879642 1.000000 -0.202195 0.244879 2.909621 1.000000 -0.209900 0.605177 2.903020 1.000000 -0.193848 0.772507 2.803672 1.000000 -0.373355 0.493088 2.894229 1.000000 -0.440140 0.285249 2.811397 1.000000 -0.597869 0.166450 2.689087 1.000000 -0.646188 0.151504 2.631251 1.000000 -0.046012 0.483000 2.914192 1.000000 0.037662 0.264287 2.863719 1.000000 0.182212 0.113547 2.765273 1.000000 0.276147 0.069353 2.759928 1.000000 -0.272589 0.103190 2.867404 1.000000 -0.321159 -0.413924 2.849944 1.000000 -0.333558 -0.810246 2.984672 1.000000 -0.349141 -0.878449 2.927076 1.000000 -0.122734 0.102626 2.878405 1.000000 -0.066869 -0.405587 2.886029 1.000000 -0.028207 -0.790545 2.985231 1.000000 -0.022570 -0.840839 2.891398 1.000000
1636877658 -0.203371 0.176656 2.880187 1.000000 -0.206050 0.245682 2.910117 1.000000 -0.213962 0.604963 2.900318 1.000000 -0.195410 0.773670 2.801120 1.000000 -0.385263 0.496938 2.899387 1.000000 -0.441198 0.283769 2.825830 1.000000 -0.582413 0.139993 2.711482 1.000000 -0.645506 0.075754 2.659580 1.000000 -0.050343 0.480497 2.911458 1.000000 0.030266 0.252583 2.862875 1.000000 0.214261 0.024234 2.765890 1.000000 0.272370 -0.017273 2.794196 1.000000 -0.278470 0.103171 2.869490 1.000000 -0.317147 -0.414922 2.858079 1.000000 -0.330541 -0.811506 2.987744 1.000000 -0.352771 -0.880793 2.933742 1.000000 -0.125850 0.102380 2.878828 1.000000 -0.070294 -0.408595 2.885599 1.000000 -0.028490 -0.790463 2.985064 1.000000 -0.025181 -0.840880 2.891191 1.000000
1636921899 -0.212506 0.172005 2.882698 1.000000 -0.215862 0.240363 2.911341 1.000000 -0.232645 0.590317 2.894806 1.000000 -0.226440 0.725098 2.796532 1.000000 -0.394156 0.492105 2.897104 1.000000 -0.463623 0.236084 2.826960 1.000000 -0.567871 0.009659 2.696323 1.000000 -0.598477 -0.060725 2.694137 1.000000 -0.066505 0.471473 2.901667 1.000000 0.019309 0.223787 2.854464 1.000000 0.127686 -0.000259 2.788120 1.000000 0.181030 -0.079346 2.805698 1.000000 -0.285208 0.098402 2.873022 1.000000 -0.315377 -0.416114 2.866874 1.000000 -0.330249 -0.811287 2.988833 1.000000 -0.349536 -0.881261 2.934572 1.000000 -0.135285 0.097839 2.882335 1.000000 -0.074203 -0.409117 2.887008 1.000000 -0.031884 -0.789824 2.986141 1.000000 -0.030738 -0.840567 2.892383 1.000000
1636954427 -0.219724 0.171409 2.884980 1.000000 -0.222535 0.240193 2.911853 1.000000 -0.236874 0.590919 2.892879 1.000000 -0.228557 0.743877 2.790371 1.000000 -0.398135 0.494099 2.897454 1.000000 -0.462280 0.226008 2.829646 1.000000 -0.503418 -0.062683 2.747103 1.000000 -0.515519 -0.137246 2.761222 1.000000 -0.075668 0.475621 2.901022 1.000000 0.000565 0.218900 2.855579 1.000000 0.062500 -0.023041 2.792025 1.000000 0.088378 -0.118368 2.824469 1.000000 -0.290404 0.098021 2.875826 1.000000 -0.315652 -0.419833 2.871704 1.000000 -0.327159 -0.811209 2.992549 1.000000 -0.298929 -0.896785 2.982749 1.000000 -0.145034 0.098383 2.886483 1.000000 -0.079860 -0.410270 2.889630 1.000000 -0.032695 -0.790475 2.987365 1.000000 -0.031917 -0.841452 2.893703 1.000000
1636985912 -0.225515 0.169006 2.885226 1.000000 -0.228660 0.238260 2.910119 1.000000 -0.242490 0.589754 2.888191 1.000000 -0.231376 0.735428 2.790908 1.000000 -0.404168 0.490299 2.894723 1.000000 -0.455040 0.219958 2.835784 1.000000 -0.443848 -0.054779 2.792025 1.000000 -0.448225 -0.158648 2.797277 1.000000 -0.080204 0.477216 2.901998 1.000000 -0.027178 0.200890 2.860929 1.000000 0.005402 -0.054871 2.801790 1.000000 0.035767 -0.152954 2.809603 1.000000 -0.296159 0.095326 2.877397 1.000000 -0.316473 -0.422225 2.876660 1.000000 -0.327447 -0.811277 2.992749 1.000000 -0.311926 -0.866331 2.922409 1.000000 -0.150149 0.096622 2.887069 1.000000 -0.081824 -0.410177 2.892390 1.000000 -0.034705 -0.790385 2.988123 1.000000 -0.032938 -0.841644 2.894603 1.000000
1637027685 -0.226485 0.169799 2.885250 1.000000 -0.230341 0.239164 2.908625 1.000000 -0.245438 0.590437 2.886164 1.000000 -0.232911 0.735545 2.790505 1.000000 -0.405854 0.490153 2.894652 1.000000 -0.436120 0.217699 2.846766 1.000000 -0.404053 -0.006336 2.793975 1.000000 -0.400746 -0.108590 2.774867 1.000000 -0.084438 0.482933 2.907965 1.000000 -0.042820 0.207324 2.865083 1.000000 -0.044577 -0.016629 2.825500 1.000000 -0.032737 -0.117035 2.800797 1.000000 -0.296885 0.095835 2.877719 1.000000 -0.321599 -0.411599 2.882763 1.000000 -0.327125 -0.810218 2.993408 1.000000 -0.329051 -0.885655 2.943158 1.000000 -0.150816 0.097744 2.887216 1.000000 -0.086594 -0.407347 2.898843 1.000000 -0.035838 -0.790501 2.989370 1.000000 -0.032299 -0.841866 2.895959 1.000000
1637060799 -0.228207 0.172818 2.885586 1.000000 -0.232282 0.242442 2.907398 1.000000 -0.247242 0.594822 2.885054 1.000000 -0.233258 0.778488 2.776716 1.000000 -0.407146 0.493181 2.894566 1.000000 -0.431189 0.222782 2.852471 1.000000 -0.397641 -0.007718 2.788270 1.000000 -0.373779 -0.087830 2.770533 1.000000 -0.090950 0.496309 2.910135 1.000000 -0.060705 0.222438 2.867054 1.000000 -0.067621 -0.001967 2.832483 1.000000 -0.075867 -0.036560 2.795923 1.000000 -0.298443 0.098823 2.878010 1.000000 -0.324167 -0.414849 2.888634 1.000000 -0.327364 -0.810247 2.993707 1.000000 -0.346679 -0.882240 2.942112 1.000000 -0.152940 0.103041 2.888522 1.000000 -0.090530 -0.404394 2.903707 1.000000 -0.036181 -0.790733 2.991999 1.000000 -0.031992 -0.842176 2.898669 1.000000
1637094645 -0.229562 0.176123 2.885733 1.000000 -0.233719 0.245797 2.905970 1.000000 -0.247589 0.598199 2.883869 1.000000 -0.232869 0.778105 2.777058 1.000000 -0.408662 0.499856 2.892245 1.000000 -0.427913 0.227674 2.856037 1.000000 -0.370363 -0.005791 2.770834 1.000000 -0.348343 -0.078428 2.758464 1.000000 -0.091266 0.497627 2.911178 1.000000 -0.072496 0.234412 2.868708 1.000000 -0.091392 0.014766 2.807783 1.000000 -0.109253 -0.080866 2.770894 1.000000 -0.300177 0.101902 2.877914 1.000000 -0.325745 -0.419596 2.894793 1.000000 -0.327650 -0.810588 2.994032 1.000000 -0.335429 -0.878670 2.934697 1.000000 -0.153898 0.106664 2.889469 1.000000 -0.095083 -0.403426 2.911286 1.000000 -0.035406 -0.800321 3.001679 1.000000 -0.005635 -0.884917 2.988505 1.000000
1637137660 -0.230629 0.179619 2.886426 1.000000 -0.234925 0.249375 2.904880 1.000000 -0.248615 0.601770 2.882396 1.000000 -0.232907 0.777799 2.777183 1.000000 -0.409947 0.504253 2.891070 1.000000 -0.429884 0.239995 2.862328 1.000000 -0.349090 0.007130 2.763574 1.000000 -0.319211 -0.029465 2.702986 1.000000 -0.093622 0.502014 2.912660 1.000000 -0.081584 0.252946 2.874603 1.000000 -0.127563 0.028671 2.782239 1.000000 -0.148908 -0.031353 2.739294 1.000000 -0.301524 0.105754 2.878922 1.000000 -0.329273 -0.418188 2.901510 1.000000 -0.328546 -0.810129 2.996470 1.000000 -0.334877 -0.876583 2.935169 1.000000 -0.154581 0.110964 2.890802 1.000000 -0.098932 -0.403301 2.916389 1.000000 -0.038847 -0.795652 3.001358 1.000000 -0.006236 -0.879446 2.989996 1.000000
1637168911 -0.233745 0.183161 2.889111 1.000000 -0.238137 0.252813 2.905298 1.000000 -0.251144 0.604011 2.881924 1.000000 -0.236096 0.772183 2.777765 1.000000 -0.411067 0.508823 2.890249 1.000000 -0.435278 0.249732 2.869186 1.000000 -0.351770 0.061738 2.763458 1.000000 -0.280946 0.001794 2.716660 1.000000 -0.093863 0.504352 2.916539 1.000000 -0.081755 0.254395 2.877302 1.000000 -0.132609 0.056611 2.768321 1.000000 -0.181929 -0.011367 2.707118 1.000000 -0.305228 0.109355 2.882730 1.000000 -0.328903 -0.419598 2.909746 1.000000 -0.327239 -0.809024 2.996167 1.000000 -0.335237 -0.876192 2.935863 1.000000 -0.156895 0.114084 2.893579 1.000000 -0.100427 -0.404849 2.923847 1.000000 -0.039890 -0.794089 3.001232 1.000000 -0.032397 -0.845901 2.908358 1.000000
1637200740 -0.236151 0.189598 2.892989 1.000000 -0.240158 0.258827 2.906399 1.000000 -0.251226 0.607248 2.881582 1.000000 -0.234578 0.774581 2.778001 1.000000 -0.411396 0.513740 2.890900 1.000000 -0.443007 0.264871 2.878082 1.000000 -0.342405 0.087178 2.742241 1.000000 -0.269250 0.038151 2.697187 1.000000 -0.092250 0.509105 2.921348 1.000000 -0.076086 0.262893 2.885496 1.000000 -0.151202 0.090354 2.747964 1.000000 -0.220050 0.035997 2.692291 1.000000 -0.307979 0.115667 2.887198 1.000000 -0.329259 -0.416921 2.916525 1.000000 -0.328011 -0.807712 2.999529 1.000000 -0.335280 -0.875363 2.939689 1.000000 -0.159510 0.119655 2.898355 1.000000 -0.101962 -0.407399 2.929237 1.000000 -0.040352 -0.793394 3.002047 1.000000 -0.031682 -0.845476 2.909439 1.000000
1637244676 -0.236664 0.192996 2.895655 1.000000 -0.240275 0.263129 2.906789 1.000000 -0.247017 0.617472 2.880199 1.000000 -0.229155 0.785506 2.779363 1.000000 -0.409520 0.520814 2.890696 1.000000 -0.454666 0.277518 2.884974 1.000000 -0.336241 0.104547 2.743989 1.000000 -0.263862 0.082763 2.672736 1.000000 -0.093905 0.515176 2.925204 1.000000 -0.065361 0.278549 2.898794 1.000000 -0.131359 0.094341 2.773576 1.000000 -0.235229 0.073669 2.643553 1.000000 -0.308033 0.121020 2.891437 1.000000 -0.329003 -0.414434 2.923962 1.000000 -0.330547 -0.807321 3.005667 1.000000 -0.332517 -0.869868 2.940139 1.000000 -0.161869 0.124100 2.901982 1.000000 -0.103245 -0.405847 2.933494 1.000000 -0.041384 -0.792170 3.001026 1.000000 -0.031414 -0.844548 2.908720 1.000000
1637277663 -0.236201 0.198632 2.898715 1.000000 -0.239783 0.268955 2.907432 1.000000 -0.247033 0.622004 2.879128 1.000000 -0.220336 0.808597 2.788149 1.000000 -0.408549 0.524509 2.890603 1.000000 -0.455980 0.282909 2.888740 1.000000 -0.354597 0.120092 2.757150 1.000000 -0.227661 0.111755 2.629878 1.000000 -0.091465 0.519979 2.927304 1.000000 -0.061602 0.290451 2.901955 1.000000 -0.149038 0.149329 2.736246 1.000000 -0.224648 0.110327 2.634912 1.000000 -0.307031 0.126399 2.894344 1.000000 -0.327172 -0.405686 2.931287 1.000000 -0.329973 -0.806043 3.006542 1.000000 -0.330305 -0.872250 2.944689 1.000000 -0.161769 0.128514 2.905939 1.000000 -0.103778 -0.404649 2.936422 1.000000 -0.042136 -0.791877 3.001521 1.000000 -0.031587 -0.844532 2.909441 1.000000
1637311805 -0.235930 0.201835 2.900768 1.000000 -0.239230 0.272462 2.907670 1.000000 -0.245337 0.626093 2.878985 1.000000 -0.216066 0.811890 2.791413 1.000000 -0.406250 0.528712 2.890529 1.000000 -0.459384 0.295277 2.891071 1.000000 -0.356119 0.136400 2.755969 1.000000 -0.223983 0.135409 2.635352 1.000000 -0.088623 0.522803 2.930483 1.000000 -0.053265 0.296732 2.910690 1.000000 -0.146983 0.162448 2.742682 1.000000 -0.223118 0.125766 2.632084 1.000000 -0.306552 0.129812 2.896435 1.000000 -0.325871 -0.406499 2.935341 1.000000 -0.330193 -0.805570 3.008532 1.000000 -0.330386 -0.864355 2.939598 1.000000 -0.162108 0.131093 2.908473 1.000000 -0.103959 -0.403200 2.940847 1.000000 -0.042314 -0.791608 3.002105 1.000000 -0.030841 -0.844418 2.910239 1.000000
1637344750 -0.235719 0.203423 2.902384 1.000000 -0.238776 0.274067 2.908082 1.000000 -0.244643 0.627408 2.881145 1.000000 -0.216539 0.807782 2.796858 1.000000 -0.406416 0.529588 2.890773 1.000000 -0.459189 0.294811 2.891943 1.000000 -0.354542 0.139565 2.753545 1.000000 -0.230053 0.154927 2.621968 1.000000 -0.088413 0.523866 2.931269 1.000000 -0.049247 0.299102 2.916936 1.000000 -0.145020 0.172341 2.744044 1.000000 -0.207237 0.150876 2.663768 1.000000 -0.306268 0.131016 2.897340 1.000000 -0.324980 -0.399385 2.940198 1.000000 -0.330157 -0.805139 3.013439 1.000000 -0.327201 -0.862279 2.943207 1.000000 -0.162175 0.132344 2.910352 1.000000 -0.103461 -0.403022 2.942939 1.000000 -0.043415 -0.790382 3.003428 1.000000 -0.031790 -0.843152 2.911569 1.000000
1637388979 -0.234715 0.204978 2.904293 1.000000 -0.237615 0.275648 2.908976 1.000000 -0.243463 0.628986 2.884139 1.000000 -0.217383 0.802696 2.798300 1.000000 -0.405435 0.531049 2.891456 1.000000 -0.458850 0.295377 2.892687 1.000000 -0.349786 0.147966 2.748846 1.000000 -0.227780 0.164536 2.620263 1.000000 -0.086181 0.526038 2.933459 1.000000 -0.045444 0.300092 2.918592 1.000000 -0.147010 0.178071 2.745703 1.000000 -0.219645 0.168339 2.654011 1.000000 -0.304994 0.132502 2.898738 1.000000 -0.322948 -0.396097 2.942890 1.000000 -0.329047 -0.802363 3.014163 1.000000 -0.326482 -0.863815 2.947666 1.000000 -0.161548 0.133386 2.912250 1.000000 -0.101371 -0.400131 2.949997 1.000000 -0.043289 -0.790199 3.005847 1.000000 -0.031256 -0.842887 2.914003 1.000000
1637421542 -0.232905 0.206231 2.905947 1.000000 -0.235618 0.276973 2.909540 1.000000 -0.241517 0.630490 2.885638 1.000000 -0.213011 0.806157 2.804224 1.000000 -0.403706 0.532726 2.893682 1.000000 -0.458202 0.296095 2.893801 1.000000 -0.349266 0.156086 2.742071 1.000000 -0.224421 0.171902 2.625318 1.000000 -0.083701 0.528019 2.935589 1.000000 -0.040740 0.302048 2.922059 1.000000 -0.146366 0.183396 2.749376 1.000000 -0.245348 0.170341 2.621286 1.000000 -0.303199 0.133342 2.899626 1.000000 -0.319849 -0.401848 2.951019 1.000000 -0.329195 -0.802680 3.014184 1.000000 -0.312344 -0.853130 2.940873 1.000000 -0.159780 0.134628 2.914860 1.000000 -0.100021 -0.399459 2.954493 1.000000 -0.042998 -0.791177 3.009103 1.000000 -0.011051 -0.873615 2.989427 1.000000
1637453205 -0.231657 0.207224 2.907345 1.000000 -0.234381 0.277658 2.909955 1.000000 -0.240807 0.629889 2.887344 1.000000 -0.215813 0.789039 2.814790 1.000000 -0.403556 0.534120 2.896156 1.000000 -0.456483 0.295858 2.894889 1.000000 -0.343977 0.157574 2.744414 1.000000 -0.224359 0.171934 2.625098 1.000000 -0.082287 0.529724 2.938022 1.000000 -0.037415 0.302371 2.923822 1.000000 -0.117183 0.137676 2.779723 1.000000 -0.231253 0.171309 2.635344 1.000000 -0.301763 0.134011 2.900660 1.000000 -0.319250 -0.396533 2.953691 1.000000 -0.328779 -0.801271 3.014936 1.000000 -0.312116 -0.855188 2.944096 1.000000 -0.158608 0.135332 2.916358 1.000000 -0.099959 -0.398830 2.955426 1.000000 -0.043059 -0.791132 3.009341 1.000000 -0.011017 -0.873102 2.987958 1.000000
1637494478 -0.229377 0.207315 2.908977 1.000000 -0.231920 0.277926 2.910956 1.000000 -0.237973 0.631365 2.890632 1.000000 -0.215766 0.788501 2.815454 1.000000 -0.402264 0.534130 2.896842 1.000000 -0.454518 0.295816 2.895781 1.000000 -0.340971 0.158324 2.745489 1.000000 -0.223170 0.166491 2.624080 1.000000 -0.080816 0.530650 2.940128 1.000000 -0.035825 0.302169 2.924318 1.000000 -0.117623 0.138893 2.779824 1.000000 -0.229790 0.159304 2.650054 1.000000 -0.299310 0.133971 2.901652 1.000000 -0.318778 -0.399287 2.956867 1.000000 -0.328138 -0.800899 3.014623 1.000000 -0.315854 -0.852379 2.941131 1.000000 -0.156491 0.135516 2.918277 1.000000 -0.098419 -0.399245 2.957539 1.000000 -0.042100 -0.791929 3.011983 1.000000 -0.010272 -0.873039 2.987274 1.000000
1637528497 -0.223793 0.209762 2.911375 1.000000 -0.226259 0.280475 2.912542 1.000000 -0.232112 0.634054 2.892700 1.000000 -0.207728 0.800609 2.810296 1.000000 -0.400079 0.534345 2.896719 1.000000 -0.450790 0.295571 2.896178 1.000000 -0.341949 0.154903 2.745403 1.000000 -0.222114 0.153732 2.630303 1.000000 -0.074234 0.534665 2.946765 1.000000 -0.034037 0.300207 2.923924 1.000000 -0.119436 0.139070 2.779196 1.000000 -0.228302 0.144654 2.650768 1.000000 -0.294051 0.135817 2.903821 1.000000 -0.318512 -0.399585 2.958125 1.000000 -0.328081 -0.800853 3.014907 1.000000 -0.316911 -0.852430 2.941305 1.000000 -0.150910 0.137593 2.920816 1.000000 -0.097353 -0.399053 2.960148 1.000000 -0.041371 -0.792504 3.013574 1.000000 -0.010410 -0.873146 2.986363 1.000000
1637561686 -0.221584 0.209896 2.912053 1.000000 -0.223988 0.280866 2.912686 1.000000 -0.229808 0.636269 2.894759 1.000000 -0.197778 0.812371 2.811263 1.000000 -0.395199 0.535226 2.897818 1.000000 -0.447246 0.295658 2.896459 1.000000 -0.343390 0.148758 2.748477 1.000000 -0.222938 0.133730 2.636349 1.000000 -0.073107 0.534590 2.947110 1.000000 -0.032103 0.299614 2.922291 1.000000 -0.109558 0.130346 2.783088 1.000000 -0.223849 0.125930 2.642292 1.000000 -0.290977 0.136294 2.904371 1.000000 -0.317868 -0.401595 2.959600 1.000000 -0.328090 -0.802735 3.014813 1.000000 -0.318452 -0.852877 2.940012 1.000000 -0.149175 0.137856 2.921301 1.000000 -0.095812 -0.398357 2.962706 1.000000 -0.041101 -0.792852 3.014146 1.000000 -0.009357 -0.874117 2.989844 1.000000
1637605701 -0.219934 0.209492 2.912767 1.000000 -0.222456 0.280545 2.912929 1.000000 -0.229221 0.636262 2.896578 1.000000 -0.199844 0.804120 2.814958 1.000000 -0.393305 0.534911 2.898701 1.000000 -0.445556 0.294905 2.896607 1.000000 -0.345770 0.142082 2.752299 1.000000 -0.273370 0.096604 2.693656 1.000000 -0.072393 0.533824 2.947099 1.000000 -0.030568 0.298375 2.922750 1.000000 -0.101006 0.122870 2.788169 1.000000 -0.217847 0.094905 2.659992 1.000000 -0.289529 0.135957 2.904765 1.000000 -0.317234 -0.401530 2.960286 1.000000 -0.328670 -0.801235 3.015094 1.000000 -0.320582 -0.865060 2.951349 1.000000 -0.146848 0.137707 2.921972 1.000000 -0.094401 -0.397999 2.963819 1.000000 -0.040702 -0.792521 3.015019 1.000000 -0.012130 -0.874255 2.988454 1.000000
1637638142 -0.217168 0.209347 2.913540 1.000000 -0.219345 0.280598 2.913468 1.000000 -0.224809 0.637725 2.899741 1.000000 -0.200390 0.803353 2.817046 1.000000 -0.389749 0.534038 2.899635 1.000000 -0.434641 0.289149 2.893972 1.000000 -0.346815 0.117128 2.766034 1.000000 -0.276536 0.069343 2.706672 1.000000 -0.070782 0.532690 2.947887 1.000000 -0.027581 0.295496 2.921561 1.000000 -0.092340 0.116128 2.789596 1.000000 -0.215942 0.042053 2.668947 1.000000 -0.287645 0.135950 2.904902 1.000000 -0.315060 -0.400303 2.961286 1.000000 -0.327689 -0.802210 3.017823 1.000000 -0.319632 -0.861534 2.949860 1.000000 -0.143641 0.137894 2.922847 1.000000 -0.092519 -0.397303 2.963974 1.000000 -0.039593 -0.792442 3.015219 1.000000 -0.013031 -0.874730 2.988270 1.000000
1637669567 -0.214543 0.209772 2.913488 1.000000 -0.216576 0.281054 2.913195 1.000000 -0.221925 0.638205 2.900814 1.000000 -0.199655 0.805524 2.817217 1.000000 -0.383215 0.535174 2.901265 1.000000 -0.431004 0.287385 2.894338 1.000000 -0.351738 0.109509 2.769229 1.000000 -0.291252 0.048041 2.711727 1.000000 -0.065435 0.532207 2.949559 1.000000 -0.024344 0.294973 2.921827 1.000000 -0.078321 0.105864 2.800140 1.000000 -0.172852 0.025223 2.706053 1.000000 -0.285719 0.136570 2.904222 1.000000 -0.312312 -0.397335 2.961670 1.000000 -0.327719 -0.802897 3.018804 1.000000 -0.320347 -0.861087 2.949791 1.000000 -0.140291 0.138199 2.923048 1.000000 -0.091628 -0.396951 2.964668 1.000000 -0.038897 -0.792322 3.015610 1.000000 -0.013578 -0.874763 2.987939 1.000000
1637711839 -0.211711 0.209497 2.913087 1.000000 -0.214032 0.280842 2.912532 1.000000 -0.221080 0.638139 2.900720 1.000000 -0.197437 0.805691 2.819989 1.000000 -0.380493 0.535430 2.903574 1.000000 -0.428388 0.285991 2.895046 1.000000 -0.359920 0.097818 2.780237 1.000000 -0.303429 0.022450 2.737010 1.000000 -0.063223 0.531683 2.949004 1.000000 -0.022218 0.294198 2.922870 1.000000 -0.064800 0.099256 2.806685 1.000000 -0.103125 0.024767 2.745671 1.000000 -0.283407 0.136753 2.904028 1.000000 -0.309139 -0.395287 2.961933 1.000000 -0.328187 -0.802338 3.018980 1.000000 -0.296295 -0.886873 3.012648 1.000000 -0.136158 0.137552 2.922076 1.000000 -0.089906 -0.396955 2.964282 1.000000 -0.038433 -0.792905 3.017221 1.000000 -0.014190 -0.874807 2.987095 1.000000
1637745748 -0.209486 0.209484 2.912901 1.000000 -0.211949 0.280811 2.912160 1.000000 -0.220082 0.638005 2.900913 1.000000 -0.194043 0.811902 2.822979 1.000000 -0.377727 0.534531 2.904161 1.000000 -0.423691 0.279969 2.896673 1.000000 -0.368727 0.083090 2.790606 1.000000 -0.336807 -0.011083 2.760931 1.000000 -0.059251 0.531561 2.948990 1.000000 -0.017462 0.283298 2.924654 1.000000 -0.039088 0.076466 2.826865 1.000000 -0.073840 -0.005444 2.773468 1.000000 -0.281182 0.136619 2.903539 1.000000 -0.308585 -0.396228 2.961744 1.000000 -0.327950 -0.802700 3.019099 1.000000 -0.316578 -0.876462 2.967780 1.000000 -0.133658 0.137540 2.921959 1.000000 -0.089013 -0.397332 2.964322 1.000000 -0.037544 -0.792831 3.018420 1.000000 -0.014594 -0.874890 2.987706 1.000000
1637778591 -0.208089 0.208832 2.913414 1.000000 -0.210451 0.280217 2.912666 1.000000 -0.218349 0.637728 2.902429 1.000000 -0.188337 0.810955 2.826484 1.000000 -0.374463 0.533771 2.905723 1.000000 -0.416599 0.267755 2.894877 1.000000 -0.376722 0.059273 2.808543 1.000000 -0.355317 -0.039139 2.783576 1.000000 -0.056694 0.531145 2.949900 1.000000 -0.014943 0.266372 2.925741 1.000000 -0.029227 0.056984 2.832795 1.000000 -0.046125 -0.041929 2.806395 1.000000 -0.279566 0.136189 2.903629 1.000000 -0.306059 -0.404430 2.962114 1.000000 -0.325224 -0.804101 3.015140 1.000000 -0.310270 -0.881011 2.969682 1.000000 -0.132664 0.136801 2.922559 1.000000 -0.088289 -0.397408 2.964115 1.000000 -0.037914 -0.793554 3.019797 1.000000 -0.013857 -0.874833 2.987857 1.000000
1637821915 -0.205439 0.206760 2.914913 1.000000 -0.207373 0.277973 2.914731 1.000000 -0.212911 0.634654 2.906891 1.000000 -0.190593 0.790170 2.831727 1.000000 -0.370634 0.530921 2.907698 1.000000 -0.413158 0.259539 2.895041 1.000000 -0.401530 0.036981 2.854835 1.000000 -0.384597 -0.062966 2.832717 1.000000 -0.054901 0.529824 2.950119 1.000000 -0.012023 0.257508 2.927787 1.000000 0.001327 0.037170 2.862301 1.000000 -0.004580 -0.064359 2.841748 1.000000 -0.276397 0.134284 2.904789 1.000000 -0.305094 -0.407894 2.962788 1.000000 -0.320736 -0.808000 3.017686 1.000000 -0.313660 -0.870554 2.952538 1.000000 -0.131392 0.135476 2.923527 1.000000 -0.087629 -0.396824 2.963919 1.000000 -0.037923 -0.793866 3.019677 1.000000 -0.013480 -0.875108 2.987902 1.000000
1637861811 -0.203242 0.205994 2.915789 1.000000 -0.204939 0.277437 2.915500 1.000000 -0.208817 0.635391 2.906639 1.000000 -0.189185 0.794594 2.831676 1.000000 -0.367451 0.529864 2.907261 1.000000 -0.410746 0.252054 2.902397 1.000000 -0.411070 0.028509 2.868084 1.000000 -0.414262 -0.075008 2.861841 1.000000 -0.051658 0.530201 2.951369 1.000000 -0.004710 0.251033 2.932671 1.000000 0.023547 0.003663 2.884801 1.000000 0.026379 -0.096506 2.857912 1.000000 -0.273825 0.133769 2.905787 1.000000 -0.303321 -0.409875 2.963683 1.000000 -0.324094 -0.808830 3.016256 1.000000 -0.315716 -0.862590 2.943802 1.000000 -0.130102 0.134645 2.924467 1.000000 -0.086663 -0.397198 2.964021 1.000000 -0.037855 -0.794422 3.019965 1.000000 -0.010437 -0.874145 2.986762 1.000000
1637894892 -0.202346 0.205371 2.916741 1.000000 -0.203768 0.276965 2.916210 1.000000 -0.205848 0.635596 2.906492 1.000000 -0.188485 0.794517 2.831673 1.000000 -0.366385 0.529930 2.908012 1.000000 -0.410251 0.246269 2.919038 1.000000 -0.424805 -0.007175 2.907228 1.000000 -0.427013 -0.109047 2.887407 1.000000 -0.046643 0.529284 2.950608 1.000000 0.001136 0.246756 2.938429 1.000000 0.038111 -0.003458 2.899679 1.000000 0.058838 -0.096130 2.895509 1.000000 -0.273086 0.133124 2.907358 1.000000 -0.301971 -0.412595 2.963917 1.000000 -0.324820 -0.810468 3.016655 1.000000 -0.318731 -0.866685 2.945822 1.000000 -0.129388 0.133219 2.925428 1.000000 -0.085863 -0.397454 2.964104 1.000000 -0.037927 -0.795049 3.019179 1.000000 -0.011292 -0.875538 2.987136 1.000000
1637928545 -0.200610 0.205218 2.918058 1.000000 -0.201897 0.276807 2.917073 1.000000 -0.203843 0.635231 2.906401 1.000000 -0.187456 0.795784 2.831838 1.000000 -0.365154 0.529574 2.908672 1.000000 -0.414891 0.245411 2.934316 1.000000 -0.443708 0.023521 2.941018 1.000000 -0.458370 -0.079255 2.937890 1.000000 -0.043215 0.529675 2.951217 1.000000 0.008003 0.252858 2.945954 1.000000 0.079163 -0.022934 2.924808 1.000000 0.078951 -0.099172 2.915804 1.000000 -0.271594 0.132591 2.908980 1.000000 -0.301440 -0.412836 2.963784 1.000000 -0.323505 -0.814409 3.018978 1.000000 -0.317126 -0.864163 2.943461 1.000000 -0.127654 0.132775 2.926919 1.000000 -0.084166 -0.397410 2.964203 1.000000 -0.037867 -0.795083 3.019227 1.000000 -0.011461 -0.875553 2.986881 1.000000
1637961748 -0.198079 0.206272 2.919034 1.000000 -0.199149 0.278133 2.917287 1.000000 -0.200051 0.638244 2.904382 1.000000 -0.164995 0.829500 2.825405 1.000000 -0.360885 0.530510 2.907885 1.000000 -0.423304 0.251177 2.949786 1.000000 -0.445117 0.027623 2.942983 1.000000 -0.461392 -0.074832 2.947960 1.000000 -0.035759 0.528960 2.951871 1.000000 0.022257 0.264241 2.953373 1.000000 0.083112 0.048416 2.954511 1.000000 0.099121 -0.054153 2.951341 1.000000 -0.269533 0.133595 2.910334 1.000000 -0.300551 -0.412762 2.963015 1.000000 -0.320843 -0.809848 3.014339 1.000000 -0.319363 -0.873171 2.949461 1.000000 -0.125052 0.133101 2.928207 1.000000 -0.081153 -0.396496 2.964804 1.000000 -0.037707 -0.795198 3.019171 1.000000 -0.011298 -0.875461 2.986283 1.000000
1637995781 -0.195129 0.207875 2.919446 1.000000 -0.196491 0.279631 2.916931 1.000000 -0.198954 0.639280 2.902640 1.000000 -0.163281 0.829813 2.826455 1.000000 -0.357196 0.532026 2.909644 1.000000 -0.431207 0.257840 2.962058 1.000000 -0.470304 0.038068 2.974931 1.000000 -0.483977 -0.064548 2.983212 1.000000 -0.030993 0.529523 2.950974 1.000000 0.032012 0.269660 2.963239 1.000000 0.094410 0.054809 2.976651 1.000000 0.103837 -0.047282 2.960093 1.000000 -0.266641 0.135106 2.911489 1.000000 -0.299658 -0.410778 2.961602 1.000000 -0.320798 -0.809727 3.015593 1.000000 -0.322760 -0.865202 2.943887 1.000000 -0.121494 0.134233 2.928774 1.000000 -0.077732 -0.395778 2.964237 1.000000 -0.037549 -0.795286 3.018964 1.000000 -0.011540 -0.875843 2.986448 1.000000
1638038707 -0.192622 0.208907 2.919771 1.000000 -0.194052 0.280615 2.916951 1.000000 -0.197792 0.639727 2.902868 1.000000 -0.163432 0.818409 2.833102 1.000000 -0.356209 0.532420 2.909980 1.000000 -0.435902 0.264845 2.974812 1.000000 -0.478159 0.045569 2.987511 1.000000 -0.484093 -0.058089 2.985587 1.000000 -0.029459 0.529744 2.951318 1.000000 0.045268 0.268338 2.978376 1.000000 0.109712 0.051847 2.996809 1.000000 0.127833 -0.050406 2.997016 1.000000 -0.264745 0.135878 2.911507 1.000000 -0.296747 -0.404702 2.959040 1.000000 -0.320798 -0.809465 3.015650 1.000000 -0.309198 -0.862020 2.923525 1.000000 -0.118262 0.134870 2.929414 1.000000 -0.075485 -0.395406 2.963901 1.000000 -0.037037 -0.795082 3.018675 1.000000 -0.013332 -0.875648 2.984443 1.000000
1638070155 -0.190007 0.210682 2.919842 1.000000 -0.191148 0.282353 2.916791 1.000000 -0.194165 0.640922 2.903203 1.000000 -0.163599 0.819797 2.833878 1.000000 -0.354047 0.533816 2.909970 1.000000 -0.439720 0.276954 2.986638 1.000000 -0.483789 0.051992 3.003726 1.000000 -0.504395 -0.031433 3.022467 1.000000 -0.027690 0.530417 2.951247 1.000000 0.050767 0.274996 2.984116 1.000000 0.115309 0.062266 3.004646 1.000000 0.129080 -0.040600 3.001250 1.000000 -0.262383 0.137555 2.911564 1.000000 -0.296445 -0.404806 2.959019 1.000000 -0.320677 -0.809055 3.015014 1.000000 -0.306631 -0.895588 2.991756 1.000000 -0.116054 0.136323 2.929375 1.000000 -0.073295 -0.394230 2.964062 1.000000 -0.036905 -0.795235 3.018979 1.000000 -0.013801 -0.875203 2.982958 1.000000
1638111643 -0.188293 0.210546 2.920190 1.000000 -0.189460 0.282091 2.916859 1.000000 -0.192895 0.640003 2.903360 1.000000 -0.165994 0.811127 2.832060 1.000000 -0.353786 0.533758 2.910342 1.000000 -0.439841 0.278205 2.989817 1.000000 -0.489944 0.044453 3.034457 1.000000 -0.507812 -0.055876 3.054361 1.000000 -0.026870 0.530201 2.950947 1.000000 0.054184 0.276359 2.987530 1.000000 0.117068 0.062932 3.007146 1.000000 0.141083 -0.037978 3.011805 1.000000 -0.260780 0.137124 2.912332 1.000000 -0.294560 -0.410477 2.958254 1.000000 -0.319896 -0.811146 3.016728 1.000000 -0.303287 -0.889407 2.973979 1.000000 -0.113845 0.136172 2.929354 1.000000 -0.070337 -0.395574 2.963197 1.000000 -0.037108 -0.795407 3.018505 1.000000 -0.011910 -0.875853 2.985015 1.000000
1638144784 -0.186688 0.211009 2.920471 1.000000 -0.187926 0.282443 2.917063 1.000000 -0.191821 0.639852 2.904538 1.000000 -0.167216 0.809361 2.831113 1.000000 -0.352891 0.534034 2.910855 1.000000 -0.440464 0.278906 2.994316 1.000000 -0.490123 0.044624 3.037091 1.000000 -0.506985 -0.056364 3.054331 1.000000 -0.025957 0.530347 2.950679 1.000000 0.056861 0.280814 2.989324 1.000000 0.118148 0.062933 3.008090 1.000000 0.141465 -0.038163 3.012114 1.000000 -0.259032 0.137549 2.912575 1.000000 -0.293733 -0.407221 2.956809 1.000000 -0.319837 -0.811138 3.016988 1.000000 -0.312314 -0.879336 2.957639 1.000000 -0.112217 0.136626 2.929333 1.000000 -0.069769 -0.395291 2.963139 1.000000 -0.037113 -0.795385 3.018412 1.000000 -0.011942 -0.875777 2.984746 1.000000
1638178710 -0.184826 0.211994 2.921141 1.000000 -0.186198 0.283238 2.917442 1.000000 -0.190948 0.639890 2.904738 1.000000 -0.163169 0.814630 2.828327 1.000000 -0.349768 0.534956 2.911628 1.000000 -0.440010 0.280152 2.994738 1.000000 -0.486810 0.050563 3.039711 1.000000 -0.504489 -0.050802 3.053530 1.000000 -0.023446 0.531429 2.952215 1.000000 0.057081 0.281417 2.989290 1.000000 0.118320 0.063567 3.008412 1.000000 0.138331 -0.038282 3.010621 1.000000 -0.256903 0.138756 2.913254 1.000000 -0.293711 -0.407189 2.956893 1.000000 -0.319864 -0.810841 3.017600 1.000000 -0.318035 -0.877884 2.956500 1.000000 -0.110366 0.137608 2.930150 1.000000 -0.068722 -0.395067 2.962775 1.000000 -0.037197 -0.795412 3.018305 1.000000 -0.011753 -0.876121 2.985594 1.000000
1638211906 -0.183765 0.212337 2.921129 1.000000 -0.184942 0.283540 2.917135 1.000000 -0.188778 0.639730 2.903740 1.000000 -0.162308 0.817019 2.828624 1.000000 -0.348249 0.535625 2.912040 1.000000 -0.439403 0.279238 2.995786 1.000000 -0.485611 0.048643 3.041716 1.000000 -0.500633 -0.053388 3.053592 1.000000 -0.021267 0.530522 2.951502 1.000000 0.057987 0.281628 2.989256 1.000000 0.118861 0.062210 3.008142 1.000000 0.129871 -0.040670 2.999672 1.000000 -0.256061 0.139063 2.913301 1.000000 -0.293330 -0.408628 2.956881 1.000000 -0.319086 -0.811324 3.019963 1.000000 -0.315553 -0.871866 2.952471 1.000000 -0.109444 0.137781 2.930284 1.000000 -0.067599 -0.395323 2.963061 1.000000 -0.037109 -0.796028 3.018801 1.000000 -0.011034 -0.876037 2.984866 1.000000
1638255861 -0.182247 0.211297 2.921391 1.000000 -0.183648 0.282560 2.917184 1.000000 -0.188508 0.638979 2.903785 1.000000 -0.167591 0.800784 2.830364 1.000000 -0.347766 0.534617 2.912640 1.000000 -0.439170 0.277355 2.995220 1.000000 -0.478423 0.020436 3.029530 1.000000 -0.482511 -0.082224 3.013541 1.000000 -0.021163 0.530354 2.951069 1.000000 0.059792 0.277313 2.987322 1.000000 0.113910 0.048469 2.991753 1.000000 0.126342 -0.054722 2.988832 1.000000 -0.254298 0.137935 2.913950 1.000000 -0.292424 -0.403519 2.957493 1.000000 -0.319110 -0.811239 3.019884 1.000000 -0.320593 -0.872823 2.953238 1.000000 -0.107641 0.136898 2.930283 1.000000 -0.066750 -0.395250 2.963271 1.000000 -0.037100 -0.796265 3.018910 1.000000 -0.009325 -0.877193 2.988646 1.000000
1638288366 -0.180965 0.210890 2.921460 1.000000 -0.182447 0.282232 2.917101 1.000000 -0.187999 0.638948 2.903819 1.000000 -0.160853 0.812857 2.831015 1.000000 -0.346784 0.534694 2.912814 1.000000 -0.434912 0.276497 2.992634 1.000000 -0.464238 0.020753 3.002744 1.000000 -0.455949 -0.080546 2.980570 1.000000 -0.020604 0.530483 2.950215 1.000000 0.059720 0.266482 2.976341 1.000000 0.106873 -0.013115 2.959972 1.000000 0.105286 -0.104675 2.944347 1.000000 -0.252671 0.137706 2.913910 1.000000 -0.292339 -0.404295 2.957657 1.000000 -0.319126 -0.811256 3.019896 1.000000 -0.325411 -0.856823 2.941625 1.000000 -0.106538 0.136504 2.930446 1.000000 -0.066148 -0.395103 2.963677 1.000000 -0.036945 -0.797192 3.020797 1.000000 -0.008829 -0.877497 2.989133 1.000000
1638319795 -0.180154 0.210763 2.921593 1.000000 -0.181394 0.282163 2.917196 1.000000 -0.185731 0.639432 2.904754 1.000000 -0.156929 0.821671 2.828216 1.000000 -0.343720 0.535193 2.914098 1.000000 -0.430091 0.274290 2.987500 1.000000 -0.459150 0.014899 2.977200 1.000000 -0.452269 -0.085605 2.973460 1.000000 -0.020189 0.531916 2.949253 1.000000 0.055906 0.264292 2.965459 1.000000 0.096603 -0.036636 2.933009 1.000000 0.097361 -0.113412 2.929250 1.000000 -0.251454 0.138072 2.913904 1.000000 -0.292366 -0.404369 2.957708 1.000000 -0.319442 -0.810200 3.018495 1.000000 -0.322048 -0.861211 2.943427 1.000000 -0.106311 0.136488 2.930517 1.000000 -0.065407 -0.395528 2.963274 1.000000 -0.036723 -0.797268 3.021411 1.000000 -0.009463 -0.876587 2.986635 1.000000
1638361822 -0.179636 0.210394 2.921735 1.000000 -0.180833 0.281911 2.917184 1.000000 -0.185009 0.639702 2.904675 1.000000 -0.156929 0.821672 2.828217 1.000000 -0.342705 0.535399 2.914067 1.000000 -0.428436 0.271674 2.981675 1.000000 -0.438684 -0.007969 2.955490 1.000000 -0.450900 -0.085555 2.968515 1.000000 -0.020011 0.532798 2.947747 1.000000 0.051415 0.258001 2.954359 1.000000 0.085117 -0.031932 2.918206 1.000000 0.084716 -0.108646 2.914144 1.000000 -0.250761 0.137959 2.914150 1.000000 -0.292134 -0.411295 2.958844 1.000000 -0.318644 -0.812270 3.019789 1.000000 -0.322141 -0.858389 2.941640 1.000000 -0.106160 0.136337 2.930584 1.000000 -0.064579 -0.396247 2.963794 1.000000 -0.036335 -0.798000 3.022110 1.000000 -0.009959 -0.877398 2.986802 1.000000
1638395792 -0.179380 0.210289 2.921993 1.000000 -0.180468 0.281868 2.917456 1.000000 -0.184079 0.640334 2.906036 1.000000 -0.149962 0.823384 2.829141 1.000000 -0.341491 0.536093 2.914035 1.000000 -0.429518 0.268488 2.974499 1.000000 -0.429534 0.014656 2.941243 1.000000 -0.432653 -0.086867 2.929945 1.000000 -0.019563 0.532689 2.947477 1.000000 0.046678 0.251040 2.939082 1.000000 0.060791 0.014565 2.870132 1.000000 0.052128 -0.088998 2.865046 1.000000 -0.250476 0.138052 2.914383 1.000000 -0.292047 -0.413856 2.958833 1.000000 -0.318207 -0.813239 3.019577 1.000000 -0.322612 -0.859657 2.941630 1.000000 -0.106079 0.136237 2.930687 1.000000 -0.064217 -0.396733 2.963891 1.000000 -0.036307 -0.798447 3.022931 1.000000 -0.009609 -0.878183 2.988592 1.000000
1638428623 -0.179244 0.210273 2.922210 1.000000 -0.180220 0.281861 2.917726 1.000000 -0.183263 0.640387 2.907453 1.000000 -0.152820 0.820759 2.829017 1.000000 -0.340874 0.536098 2.914018 1.000000 -0.431274 0.273920 2.959502 1.000000 -0.412842 -0.009102 2.899430 1.000000 -0.416952 -0.085894 2.898326 1.000000 -0.019196 0.533355 2.947428 1.000000 0.047129 0.251128 2.927304 1.000000 0.046997 0.015592 2.849475 1.000000 0.036828 -0.086956 2.835059 1.000000 -0.250355 0.138247 2.914563 1.000000 -0.291996 -0.413416 2.958831 1.000000 -0.318959 -0.813085 3.019423 1.000000 -0.315498 -0.871503 2.949934 1.000000 -0.106045 0.136176 2.930774 1.000000 -0.064097 -0.396800 2.963827 1.000000 -0.036277 -0.798564 3.022898 1.000000 -0.009369 -0.878135 2.988292 1.000000
1638472810 -0.179149 0.210084 2.922285 1.000000 -0.180014 0.281609 2.918126 1.000000 -0.181794 0.639788 2.910789 1.000000 -0.152115 0.821440 2.830394 1.000000 -0.339546 0.536516 2.914323 1.000000 -0.438965 0.291260 2.905059 1.000000 -0.422119 0.058289 2.860368 1.000000 -0.406346 -0.044451 2.865023 1.000000 -0.018703 0.533395 2.946922 1.000000 0.050293 0.275146 2.881622 1.000000 0.028794 0.059591 2.805547 1.000000 0.010156 -0.042220 2.794926 1.000000 -0.250344 0.138248 2.914593 1.000000 -0.291771 -0.414524 2.958526 1.000000 -0.319488 -0.812664 3.018729 1.000000 -0.329931 -0.867614 2.947132 1.000000 -0.106020 0.135903 2.930500 1.000000 -0.063643 -0.397878 2.963336 1.000000 -0.036291 -0.798609 3.022946 1.000000 -0.008829 -0.877350 2.986883 1.000000
1638505286 -0.179181 0.210020 2.922240 1.000000 -0.180006 0.281487 2.918700 1.000000 -0.180087 0.638447 2.914585 1.000000 -0.151978 0.821361 2.830350 1.000000 -0.339405 0.536521 2.914297 1.000000 -0.453936 0.315489 2.889299 1.000000 -0.436567 0.094955 2.832182 1.000000 -0.408126 -0.004783 2.822895 1.000000 -0.015755 0.530134 2.942009 1.000000 0.068680 0.280947 2.840785 1.000000 -0.007742 0.077069 2.768712 1.000000 -0.019592 0.032532 2.760758 1.000000 -0.250935 0.138328 2.914459 1.000000 -0.291396 -0.415407 2.958560 1.000000 -0.318517 -0.813189 3.018035 1.000000 -0.329245 -0.867094 2.945683 1.000000 -0.105936 0.135050 2.929332 1.000000 -0.063114 -0.398139 2.962747 1.000000 -0.036314 -0.798711 3.022913 1.000000 -0.008777 -0.877521 2.987047 1.000000
1638536533 -0.178972 0.209934 2.922104 1.000000 -0.179793 0.281349 2.919177 1.000000 -0.179924 0.637992 2.914932 1.000000 -0.150007 0.817791 2.833595 1.000000 -0.339123 0.536582 2.913848 1.000000 -0.460869 0.328121 2.872493 1.000000 -0.403076 0.112366 2.801773 1.000000 -0.405494 0.035723 2.795708 1.000000 -0.013750 0.527868 2.938058 1.000000 0.074310 0.328110 2.827008 1.000000 -0.016887 0.136484 2.737571 1.000000 -0.064200 0.044980 2.722773 1.000000 -0.250927 0.138307 2.914369 1.000000 -0.291223 -0.414644 2.958339 1.000000 -0.318347 -0.812137 3.018372 1.000000 -0.330275 -0.863718 2.944543 1.000000 -0.105211 0.134597 2.928625 1.000000 -0.062645 -0.398192 2.962741 1.000000 -0.036266 -0.798774 3.023457 1.000000 -0.008862 -0.877107 2.986490 1.000000
1638578558 -0.178020 0.210797 2.922066 1.000000 -0.178832 0.282067 2.919759 1.000000 -0.179547 0.638142 2.915012 1.000000 -0.148890 0.817300 2.832749 1.000000 -0.338934 0.537615 2.912359 1.000000 -0.464377 0.348328 2.833322 1.000000 -0.386980 0.110295 2.789272 1.000000 -0.445951 0.089622 2.744631 1.000000 -0.010224 0.525962 2.931709 1.000000 0.074724 0.334449 2.810851 1.000000 -0.058916 0.178412 2.704839 1.000000 -0.053589 0.169189 2.711930 1.000000 -0.250560 0.138602 2.914205 1.000000 -0.290935 -0.414750 2.957690 1.000000 -0.318510 -0.812064 3.018499 1.000000 -0.324444 -0.865647 2.945390 1.000000 -0.103993 0.135204 2.928585 1.000000 -0.061968 -0.398759 2.962166 1.000000 -0.036255 -0.798789 3.023423 1.000000 -0.008872 -0.877140 2.986511 1.000000
1638612896 -0.175067 0.212385 2.921861 1.000000 -0.176194 0.283361 2.920357 1.000000 -0.178668 0.638425 2.915404 1.000000 -0.147837 0.816028 2.832723 1.000000 -0.337761 0.539453 2.907917 1.000000 -0.468485 0.352894 2.818741 1.000000 -0.361982 0.148302 2.772748 1.000000 -0.326481 0.080105 2.761897 1.000000 -0.009238 0.526078 2.927706 1.000000 0.084297 0.368678 2.770110 1.000000 -0.074778 0.231035 2.676111 1.000000 -0.129566 0.181569 2.655391 1.000000 -0.247133 0.139943 2.913542 1.000000 -0.290440 -0.410237 2.956837 1.000000 -0.318391 -0.811206 3.018740 1.000000 -0.325868 -0.861584 2.943541 1.000000 -0.101123 0.136851 2.928245 1.000000 -0.061802 -0.398673 2.961892 1.000000 -0.035668 -0.799390 3.023794 1.000000 -0.010199 -0.877158 2.984396 1.000000
1638645848 -0.171592 0.213924 2.921270 1.000000 -0.173665 0.284287 2.920463 1.000000 -0.178592 0.638126 2.915281 1.000000 -0.144692 0.811257 2.837130 1.000000 -0.337796 0.539880 2.904205 1.000000 -0.474495 0.362923 2.797084 1.000000 -0.336013 0.166367 2.747999 1.000000 -0.289852 0.100848 2.736117 1.000000 -0.011006 0.531137 2.925667 1.000000 0.083250 0.380050 2.757870 1.000000 -0.080947 0.271078 2.635469 1.000000 -0.155639 0.275295 2.618775 1.000000 -0.240812 0.141572 2.910649 1.000000 -0.290269 -0.407893 2.954258 1.000000 -0.318729 -0.811027 3.019899 1.000000 -0.326803 -0.858046 2.942629 1.000000 -0.097793 0.138862 2.928988 1.000000 -0.061656 -0.398618 2.961662 1.000000 -0.035329 -0.799770 3.023397 1.000000 -0.010849 -0.877779 2.983875 1.000000
1638689731 -0.169123 0.215018 2.920348 1.000000 -0.171512 0.285052 2.920570 1.000000 -0.177862 0.637708 2.915933 1.000000 -0.146704 0.804942 2.836551 1.000000 -0.337040 0.540718 2.899139 1.000000 -0.476438 0.396298 2.768240 1.000000 -0.276611 0.171265 2.772480 1.000000 -0.210002 0.096254 2.778374 1.000000 -0.012072 0.538887 2.923267 1.000000 0.090347 0.397249 2.736287 1.000000 -0.102386 0.392260 2.606638 1.000000 -0.203319 0.372382 2.593523 1.000000 -0.237178 0.142237 2.907409 1.000000 -0.290286 -0.407914 2.954045 1.000000 -0.318968 -0.809798 3.016182 1.000000 -0.328945 -0.860652 2.941623 1.000000 -0.095809 0.140390 2.928973 1.000000 -0.061459 -0.397947 2.960993 1.000000 -0.034885 -0.799825 3.023073 1.000000 -0.011183 -0.877619 2.982687 1.000000
1638722434 -0.168216 0.215249 2.918736 1.000000 -0.170780 0.285334 2.919853 1.000000 -0.177743 0.637943 2.915545 1.000000 -0.147962 0.801497 2.832279 1.000000 -0.337079 0.540978 2.893677 1.000000 -0.485335 0.415280 2.752815 1.000000 -0.264648 0.289063 2.729511 1.000000 -0.191086 0.246990 2.726225 1.000000 -0.016205 0.545827 2.923417 1.000000 0.092439 0.409410 2.714890 1.000000 -0.095837 0.493740 2.611492 1.000000 -0.187539 0.507402 2.565036 1.000000 -0.236055 0.142378 2.905062 1.000000 -0.289832 -0.408058 2.952389 1.000000 -0.320487 -0.810285 3.015868 1.000000 -0.327413 -0.860950 2.940841 1.000000 -0.095197 0.141347 2.927763 1.000000 -0.060292 -0.397237 2.959318 1.000000 -0.034639 -0.799890 3.022147 1.000000 -0.011031 -0.879148 2.984668 1.000000
1638755292 -0.167155 0.216867 2.916579 1.000000 -0.170150 0.286755 2.918916 1.000000 -0.177782 0.638497 2.915363 1.000000 -0.147940 0.804609 2.829195 1.000000 -0.337387 0.541734 2.886510 1.000000 -0.489468 0.408487 2.718135 1.000000 -0.251709 0.369385 2.735370 1.000000 -0.172456 0.356351 2.745596 1.000000 -0.018763 0.586159 2.930695 1.000000 0.089227 0.412788 2.713275 1.000000 -0.090467 0.518059 2.614520 1.000000 -0.180099 0.548476 2.572133 1.000000 -0.235319 0.143290 2.901918 1.000000 -0.289359 -0.408039 2.950627 1.000000 -0.320218 -0.810435 3.016082 1.000000 -0.321801 -0.865088 2.943588 1.000000 -0.093673 0.143789 2.925850 1.000000 -0.059709 -0.397336 2.957124 1.000000 -0.033963 -0.799137 3.020070 1.000000 -0.010813 -0.879655 2.985061 1.000000
1638786771 -0.167493 0.215390 2.913344 1.000000 -0.170013 0.284379 2.915342 1.000000 -0.178878 0.626448 2.907161 1.000000 -0.147497 0.810379 2.826577 1.000000 -0.334926 0.540633 2.881068 1.000000 -0.486828 0.412261 2.716743 1.000000 -0.272152 0.479014 2.694254 1.000000 -0.200593 0.501265 2.691238 1.000000 -0.003693 0.532104 2.899219 1.000000 0.087809 0.411479 2.706398 1.000000 -0.139761 0.590842 2.599655 1.000000 -0.229400 0.621261 2.557265 1.000000 -0.237291 0.141227 2.897274 1.000000 -0.289172 -0.408349 2.944678 1.000000 -0.320492 -0.810405 3.015952 1.000000 -0.321341 -0.863257 2.942130 1.000000 -0.093130 0.141941 2.923958 1.000000 -0.058283 -0.396020 2.950473 1.000000 -0.033201 -0.798664 3.018073 1.000000 -0.010549 -0.880621 2.986236 1.000000
1638829804 -0.167892 0.208994 2.907883 1.000000 -0.170147 0.279846 2.912184 1.000000 -0.177332 0.627175 2.907313 1.000000 -0.146862 0.808596 2.818845 1.000000 -0.328819 0.531167 2.868288 1.000000 -0.480911 0.419163 2.714560 1.000000 -0.303007 0.525750 2.614074 1.000000 -0.243706 0.561279 2.585058 1.000000 -0.019368 0.503985 2.904739 1.000000 0.082524 0.420219 2.696178 1.000000 -0.087207 0.560334 2.636408 1.000000 -0.176853 0.590756 2.594014 1.000000 -0.237905 0.138043 2.892004 1.000000 -0.288944 -0.408106 2.937376 1.000000 -0.320697 -0.810309 3.015323 1.000000 -0.321876 -0.862248 2.940888 1.000000 -0.094691 0.136906 2.918979 1.000000 -0.056902 -0.396200 2.943099 1.000000 -0.032282 -0.798390 3.016070 1.000000 -0.011177 -0.882025 2.987795 1.000000
1638862730 -0.166989 0.207165 2.903195 1.000000 -0.168500 0.278441 2.908123 1.000000 -0.168766 0.632301 2.903082 1.000000 -0.138390 0.799209 2.806751 1.000000 -0.324880 0.526822 2.869180 1.000000 -0.473225 0.421373 2.710802 1.000000 -0.335387 0.580461 2.618364 1.000000 -0.289442 0.633490 2.592031 1.000000 -0.020287 0.502295 2.905392 1.000000 0.081261 0.422478 2.694983 1.000000 -0.071106 0.652344 2.608412 1.000000 -0.160758 0.682768 2.566015 1.000000 -0.237046 0.137497 2.884485 1.000000 -0.288680 -0.404376 2.928957 1.000000 -0.319472 -0.807867 3.014151 1.000000 -0.323178 -0.858447 2.938878 1.000000 -0.095079 0.136108 2.916408 1.000000 -0.054465 -0.396032 2.936543 1.000000 -0.031509 -0.798080 3.015210 1.000000 -0.012659 -0.882058 2.986392 1.000000
1638905786 -0.169936 0.204505 2.897073 1.000000 -0.170862 0.276278 2.905538 1.000000 -0.169131 0.632393 2.904677 1.000000 -0.137979 0.785605 2.805443 1.000000 -0.321898 0.535447 2.872512 1.000000 -0.455026 0.423566 2.703739 1.000000 -0.347086 0.607444 2.619209 1.000000 -0.307863 0.665822 2.588640 1.000000 -0.028180 0.496145 2.913688 1.000000 0.078986 0.425577 2.700514 1.000000 0.017054 0.622267 2.597666 1.000000 -0.072615 0.652696 2.555261 1.000000 -0.238746 0.137616 2.879843 1.000000 -0.289757 -0.403889 2.918388 1.000000 -0.318959 -0.808606 3.013625 1.000000 -0.324303 -0.858283 2.937879 1.000000 -0.102158 0.133732 2.903763 1.000000 -0.053972 -0.396758 2.929432 1.000000 -0.031342 -0.797903 3.014717 1.000000 -0.012042 -0.881212 2.984369 1.000000
1638937373 -0.171223 0.203440 2.891912 1.000000 -0.172320 0.274867 2.902799 1.000000 -0.169305 0.632252 2.904771 1.000000 -0.136531 0.789169 2.806775 1.000000 -0.321918 0.535588 2.872528 1.000000 -0.443441 0.431004 2.686675 1.000000 -0.383798 0.638874 2.612239 1.000000 -0.348223 0.706096 2.602611 1.000000 -0.026224 0.512842 2.914917 1.000000 0.087974 0.418080 2.702150 1.000000 0.034203 0.624951 2.619421 1.000000 0.015361 0.725114 2.600180 1.000000 -0.240341 0.136314 2.872818 1.000000 -0.290222 -0.410223 2.910052 1.000000 -0.322922 -0.812606 3.009556 1.000000 -0.321878 -0.861533 2.933159 1.000000 -0.103153 0.133249 2.899412 1.000000 -0.053192 -0.398612 2.921591 1.000000 -0.031053 -0.797793 3.012671 1.000000 -0.011943 -0.882704 2.987049 1.000000
1638968849 -0.172989 0.199941 2.887127 1.000000 -0.174525 0.270733 2.900471 1.000000 -0.171636 0.628490 2.905152 1.000000 -0.150685 0.779126 2.823285 1.000000 -0.324509 0.531178 2.869232 1.000000 -0.441986 0.428542 2.681243 1.000000 -0.395636 0.641372 2.612964 1.000000 -0.384439 0.716772 2.606046 1.000000 -0.023558 0.513099 2.910971 1.000000 0.089974 0.413450 2.706308 1.000000 0.049971 0.623495 2.624071 1.000000 0.062077 0.698558 2.615278 1.000000 -0.242727 0.131749 2.867828 1.000000 -0.292308 -0.402613 2.898702 1.000000 -0.322756 -0.813370 3.010265 1.000000 -0.318301 -0.863047 2.934510 1.000000 -0.104128 0.128303 2.892850 1.000000 -0.054053 -0.399915 2.912297 1.000000 -0.033435 -0.796395 3.004460 1.000000 -0.007094 -0.881209 2.986044 1.000000
1639013030 -0.173173 0.197458 2.883384 1.000000 -0.175322 0.268007 2.899559 1.000000 -0.172973 0.626725 2.905346 1.000000 -0.150886 0.780051 2.822951 1.000000 -0.327045 0.526100 2.867093 1.000000 -0.440720 0.421682 2.674111 1.000000 -0.452248 0.638398 2.603032 1.000000 -0.452248 0.713228 2.587068 1.000000 -0.021813 0.512927 2.910406 1.000000 0.093744 0.400036 2.717756 1.000000 0.102730 0.612699 2.632799 1.000000 0.111073 0.688405 2.625490 1.000000 -0.243084 0.127394 2.861975 1.000000 -0.293217 -0.404861 2.895927 1.000000 -0.323049 -0.813580 3.011087 1.000000 -0.318286 -0.860593 2.933697 1.000000 -0.103493 0.125124 2.889383 1.000000 -0.054348 -0.402353 2.908739 1.000000 -0.032642 -0.795275 3.001535 1.000000 -0.008830 -0.881770 2.988357 1.000000
1639045991 -0.174720 0.194975 2.878707 1.000000 -0.177653 0.265441 2.896770 1.000000 -0.177492 0.625790 2.901541 1.000000 -0.151962 0.786904 2.815376 1.000000 -0.330099 0.521620 2.865757 1.000000 -0.434974 0.393591 2.687743 1.000000 -0.496628 0.590747 2.586497 1.000000 -0.499964 0.665468 2.570485 1.000000 -0.021226 0.510685 2.909434 1.000000 0.098452 0.381300 2.734342 1.000000 0.137357 0.586110 2.637709 1.000000 0.164372 0.657605 2.640753 1.000000 -0.244441 0.125096 2.858018 1.000000 -0.294506 -0.407820 2.891534 1.000000 -0.323193 -0.813541 3.010921 1.000000 -0.318982 -0.860474 2.933478 1.000000 -0.104126 0.121932 2.885237 1.000000 -0.055787 -0.403704 2.903075 1.000000 -0.032684 -0.794886 2.999283 1.000000 -0.019225 -0.845267 2.906252 1.000000
1639078976 -0.175866 0.193850 2.876192 1.000000 -0.178986 0.264263 2.896858 1.000000 -0.178017 0.625707 2.901404 1.000000 -0.151430 0.792321 2.816238 1.000000 -0.333468 0.519828 2.865564 1.000000 -0.435184 0.362797 2.694422 1.000000 -0.524578 0.548276 2.591725 1.000000 -0.527914 0.622985 2.575716 1.000000 -0.022485 0.506771 2.909029 1.000000 0.109123 0.351721 2.749718 1.000000 0.197876 0.562988 2.647480 1.000000 0.226433 0.633760 2.652447 1.000000 -0.245696 0.124067 2.855981 1.000000 -0.296266 -0.411524 2.887074 1.000000 -0.323395 -0.813925 3.010432 1.000000 -0.320314 -0.861064 2.933064 1.000000 -0.105187 0.120329 2.881691 1.000000 -0.057264 -0.406359 2.896962 1.000000 -0.032890 -0.795093 2.998830 1.000000 -0.010313 -0.882336 2.989019 1.000000
1639123051 -0.182160 0.186561 2.871046 1.000000 -0.185372 0.256127 2.894359 1.000000 -0.184853 0.616064 2.899868 1.000000 -0.170041 0.758250 2.815181 1.000000 -0.344489 0.509071 2.870845 1.000000 -0.427734 0.315430 2.741004 1.000000 -0.561033 0.423501 2.583050 1.000000 -0.564367 0.498192 2.567045 1.000000 -0.025645 0.484897 2.909657 1.000000 0.092224 0.309326 2.799598 1.000000 0.228666 0.445073 2.670884 1.000000 0.262326 0.499192 2.628644 1.000000 -0.254353 0.115117 2.851913 1.000000 -0.297497 -0.414785 2.882133 1.000000 -0.325444 -0.814446 2.997474 1.000000 -0.326924 -0.868044 2.924399 1.000000 -0.110238 0.111399 2.873884 1.000000 -0.058468 -0.411873 2.890097 1.000000 -0.034079 -0.793883 2.994772 1.000000 -0.022061 -0.844029 2.901438 1.000000
1639155775 -0.184879 0.185520 2.870326 1.000000 -0.188610 0.254541 2.895671 1.000000 -0.192759 0.612895 2.899204 1.000000 -0.173425 0.768507 2.814211 1.000000 -0.349796 0.508583 2.876183 1.000000 -0.422520 0.303239 2.796640 1.000000 -0.525111 0.186286 2.621713 1.000000 -0.559307 0.147301 2.567885 1.000000 -0.025767 0.483734 2.909709 1.000000 0.057244 0.280158 2.839207 1.000000 0.240112 0.335449 2.704125 1.000000 0.322904 0.395398 2.688079 1.000000 -0.257202 0.113879 2.851500 1.000000 -0.301531 -0.415470 2.875327 1.000000 -0.326315 -0.814447 2.997396 1.000000 -0.325739 -0.868357 2.924549 1.000000 -0.111658 0.109871 2.873189 1.000000 -0.059946 -0.408632 2.883378 1.000000 -0.032096 -0.793024 2.992310 1.000000 -0.021820 -0.843132 2.898761 1.000000
1639187393 -0.186522 0.185977 2.870230 1.000000 -0.189846 0.254742 2.897211 1.000000 -0.192875 0.612948 2.898270 1.000000 -0.175008 0.782619 2.803674 1.000000 -0.354173 0.510843 2.882755 1.000000 -0.426949 0.304198 2.808861 1.000000 -0.531844 0.160862 2.658643 1.000000 -0.587230 0.130992 2.615208 1.000000 -0.028696 0.485679 2.913588 1.000000 0.060262 0.257459 2.851322 1.000000 0.247658 0.238976 2.716237 1.000000 0.344907 0.253017 2.683878 1.000000 -0.259211 0.114405 2.851696 1.000000 -0.305409 -0.411944 2.872451 1.000000 -0.326327 -0.814161 2.998021 1.000000 -0.369369 -0.878758 2.951262 1.000000 -0.113287 0.110168 2.873449 1.000000 -0.060077 -0.409175 2.881822 1.000000 -0.030852 -0.792688 2.991765 1.000000 -0.021438 -0.842823 2.898152 1.000000
1639218745 -0.188638 0.185909 2.870669 1.000000 -0.192217 0.254592 2.898659 1.000000 -0.195837 0.612240 2.896138 1.000000 -0.175197 0.783334 2.803249 1.000000 -0.357123 0.510257 2.885511 1.000000 -0.439269 0.304171 2.827407 1.000000 -0.528743 0.126909 2.710050 1.000000 -0.576692 0.079649 2.674002 1.000000 -0.030936 0.488518 2.916697 1.000000 0.053458 0.264656 2.858605 1.000000 0.220318 0.148186 2.751257 1.000000 0.281445 0.117800 2.717020 1.000000 -0.261535 0.114013 2.853158 1.000000 -0.305667 -0.414132 2.872540 1.000000 -0.323187 -0.819045 3.003906 1.000000 -0.356272 -0.876081 2.941761 1.000000 -0.114805 0.110132 2.873853 1.000000 -0.061825 -0.411223 2.880045 1.000000 -0.028867 -0.796267 2.992109 1.000000 -0.019511 -0.846482 2.898548 1.000000
1639261918 -0.191311 0.185086 2.872015 1.000000 -0.195075 0.253834 2.900440 1.000000 -0.199299 0.611158 2.894537 1.000000 -0.174634 0.779341 2.802997 1.000000 -0.360319 0.509308 2.887422 1.000000 -0.458099 0.265979 2.834367 1.000000 -0.563965 0.048889 2.706080 1.000000 -0.617188 -0.029282 2.696314 1.000000 -0.034466 0.488729 2.918678 1.000000 0.050167 0.261688 2.866898 1.000000 0.194551 0.110221 2.773299 1.000000 0.283348 0.057203 2.774902 1.000000 -0.264411 0.112974 2.856063 1.000000 -0.306211 -0.414871 2.872860 1.000000 -0.323474 -0.818389 3.003181 1.000000 -0.354974 -0.875523 2.940294 1.000000 -0.116929 0.109584 2.875092 1.000000 -0.066101 -0.409077 2.879639 1.000000 -0.029845 -0.795515 2.991936 1.000000 -0.020535 -0.845844 2.898419 1.000000
1639295893 -0.196573 0.182416 2.875174 1.000000 -0.199828 0.251390 2.903106 1.000000 -0.202878 0.608176 2.893266 1.000000 -0.177476 0.777731 2.801225 1.000000 -0.368305 0.505204 2.889562 1.000000 -0.457885 0.247129 2.842098 1.000000 -0.524414 -0.006729 2.729517 1.000000 -0.550293 -0.091125 2.733424 1.000000 -0.038854 0.484243 2.918364 1.000000 0.048750 0.245515 2.869752 1.000000 0.188843 0.025024 2.792017 1.000000 0.234357 -0.036162 2.796541 1.000000 -0.271673 0.109526 2.861967 1.000000 -0.306227 -0.414741 2.873190 1.000000 -0.323542 -0.817517 3.002852 1.000000 -0.352733 -0.873030 2.937439 1.000000 -0.121132 0.106265 2.878141 1.000000 -0.069658 -0.408903 2.881006 1.000000 -0.030967 -0.794543 2.992465 1.000000 -0.022551 -0.845065 2.898958 1.000000
1639338786 -0.202960 0.181438 2.878084 1.000000 -0.204822 0.250508 2.904844 1.000000 -0.204078 0.606286 2.891693 1.000000 -0.183058 0.779920 2.799556 1.000000 -0.370828 0.507167 2.890817 1.000000 -0.452435 0.238281 2.849194 1.000000 -0.472168 -0.037994 2.788111 1.000000 -0.471924 -0.129150 2.788111 1.000000 -0.042370 0.482576 2.918204 1.000000 0.034874 0.239853 2.871992 1.000000 0.106689 0.007973 2.817408 1.000000 0.140530 -0.089661 2.812456 1.000000 -0.278915 0.108738 2.867381 1.000000 -0.307126 -0.418601 2.876163 1.000000 -0.322983 -0.817888 3.004816 1.000000 -0.347047 -0.870791 2.935253 1.000000 -0.129040 0.105351 2.881014 1.000000 -0.077703 -0.412548 2.887207 1.000000 -0.035083 -0.792430 2.992616 1.000000 -0.027067 -0.843186 2.899170 1.000000
1639370176 -0.205971 0.180227 2.881026 1.000000 -0.207822 0.249813 2.906561 1.000000 -0.206397 0.606100 2.890517 1.000000 -0.184156 0.780009 2.799683 1.000000 -0.371712 0.506350 2.891066 1.000000 -0.439061 0.226147 2.856001 1.000000 -0.420166 -0.007507 2.807642 1.000000 -0.416260 -0.096008 2.788111 1.000000 -0.045049 0.483055 2.918565 1.000000 -0.000275 0.224807 2.870175 1.000000 0.044932 0.010563 2.808874 1.000000 0.043241 -0.092381 2.798230 1.000000 -0.280969 0.108343 2.871017 1.000000 -0.308048 -0.417137 2.877521 1.000000 -0.321988 -0.819169 3.008777 1.000000 -0.350205 -0.871437 2.940294 1.000000 -0.132495 0.104122 2.884527 1.000000 -0.082925 -0.417200 2.892691 1.000000 -0.035466 -0.803067 2.998575 1.000000 -0.027469 -0.854037 2.905234 1.000000
1639412858 -0.206573 0.180911 2.882479 1.000000 -0.208647 0.250643 2.906723 1.000000 -0.207624 0.607005 2.888835 1.000000 -0.184501 0.780035 2.799371 1.000000 -0.372248 0.507181 2.891252 1.000000 -0.431149 0.229092 2.862405 1.000000 -0.401433 0.012142 2.801028 1.000000 -0.392237 -0.088669 2.779492 1.000000 -0.047692 0.485684 2.921296 1.000000 -0.009009 0.220743 2.872671 1.000000 -0.011709 -0.043945 2.810570 1.000000 -0.009789 -0.132935 2.790063 1.000000 -0.281277 0.109314 2.873042 1.000000 -0.309864 -0.416520 2.880408 1.000000 -0.322481 -0.819396 3.010682 1.000000 -0.369638 -0.875180 2.956989 1.000000 -0.133088 0.105321 2.886926 1.000000 -0.084909 -0.415933 2.895165 1.000000 -0.036660 -0.799727 2.998639 1.000000 -0.027074 -0.888953 2.985781 1.000000
1639445756 -0.207038 0.182058 2.883510 1.000000 -0.209394 0.251712 2.906620 1.000000 -0.209486 0.607189 2.887965 1.000000 -0.187296 0.781382 2.797830 1.000000 -0.373111 0.507338 2.891678 1.000000 -0.426756 0.230076 2.866351 1.000000 -0.399356 0.014800 2.796633 1.000000 -0.363623 -0.076631 2.763896 1.000000 -0.052122 0.493481 2.923131 1.000000 -0.023251 0.224844 2.873292 1.000000 -0.042002 0.006156 2.814183 1.000000 -0.055498 -0.092124 2.784738 1.000000 -0.281413 0.110375 2.874179 1.000000 -0.311382 -0.415520 2.887009 1.000000 -0.323248 -0.816810 3.009707 1.000000 -0.353619 -0.870874 2.943582 1.000000 -0.133213 0.107417 2.888451 1.000000 -0.086179 -0.413195 2.898404 1.000000 -0.037996 -0.797699 2.998674 1.000000 -0.025203 -0.886550 2.986034 1.000000
1639478934 -0.208660 0.183437 2.884429 1.000000 -0.210920 0.253197 2.906452 1.000000 -0.211115 0.608112 2.887277 1.000000 -0.190118 0.779427 2.797968 1.000000 -0.375227 0.508905 2.891829 1.000000 -0.428163 0.240576 2.870863 1.000000 -0.377312 0.040541 2.769866 1.000000 -0.329061 -0.043890 2.734554 1.000000 -0.053208 0.492530 2.921033 1.000000 -0.031735 0.231704 2.876322 1.000000 -0.060080 0.017730 2.802240 1.000000 -0.094974 -0.063960 2.749202 1.000000 -0.283950 0.111636 2.875571 1.000000 -0.311809 -0.415336 2.894272 1.000000 -0.322150 -0.816981 3.014039 1.000000 -0.345021 -0.864336 2.940210 1.000000 -0.133784 0.108585 2.889106 1.000000 -0.086818 -0.411843 2.899996 1.000000 -0.038351 -0.796830 2.998960 1.000000 -0.029919 -0.848140 2.905857 1.000000
1639512524 -0.208702 0.184745 2.885307 1.000000 -0.211075 0.254717 2.905937 1.000000 -0.212227 0.610495 2.885618 1.000000 -0.188986 0.784228 2.797476 1.000000 -0.375832 0.510089 2.891588 1.000000 -0.438334 0.268338 2.882550 1.000000 -0.322998 0.068298 2.747082 1.000000 -0.278201 0.018546 2.710158 1.000000 -0.054629 0.498634 2.921250 1.000000 -0.036762 0.242087 2.886940 1.000000 -0.090135 0.046445 2.777946 1.000000 -0.132080 0.009636 2.725597 1.000000 -0.283897 0.112804 2.876845 1.000000 -0.311992 -0.419619 2.901494 1.000000 -0.323917 -0.816830 3.011049 1.000000 -0.327289 -0.892588 2.961402 1.000000 -0.133337 0.110863 2.890410 1.000000 -0.087254 -0.410317 2.905216 1.000000 -0.038563 -0.796527 2.999116 1.000000 -0.030055 -0.847975 2.906102 1.000000
1639555686 -0.209166 0.187795 2.887788 1.000000 -0.211713 0.257971 2.906014 1.000000 -0.213658 0.614273 2.882832 1.000000 -0.186414 0.788061 2.796242 1.000000 -0.375536 0.516406 2.891164 1.000000 -0.440566 0.277109 2.886468 1.000000 -0.338126 0.126955 2.741914 1.000000 -0.256948 0.085581 2.692971 1.000000 -0.055382 0.502308 2.922457 1.000000 -0.028886 0.269864 2.909044 1.000000 -0.110342 0.112675 2.758172 1.000000 -0.150574 0.067436 2.708017 1.000000 -0.283373 0.116488 2.880332 1.000000 -0.311902 -0.419248 2.909634 1.000000 -0.324341 -0.815683 3.010294 1.000000 -0.312822 -0.894623 2.967270 1.000000 -0.134332 0.114998 2.894282 1.000000 -0.088776 -0.407620 2.912559 1.000000 -0.038332 -0.796043 2.999867 1.000000 -0.029343 -0.847800 2.907071 1.000000
1639587051 -0.210159 0.193129 2.892147 1.000000 -0.212409 0.263501 2.907371 1.000000 -0.213275 0.618739 2.881567 1.000000 -0.186183 0.801303 2.792230 1.000000 -0.374720 0.527156 2.890812 1.000000 -0.445668 0.293547 2.893001 1.000000 -0.318621 0.177125 2.736363 1.000000 -0.237806 0.167608 2.672554 1.000000 -0.056177 0.506481 2.922793 1.000000 -0.023527 0.285080 2.917211 1.000000 -0.131719 0.166011 2.747829 1.000000 -0.170105 0.115776 2.698251 1.000000 -0.282846 0.123360 2.885521 1.000000 -0.313026 -0.409579 2.916447 1.000000 -0.324850 -0.813463 3.012265 1.000000 -0.315666 -0.865581 2.919701 1.000000 -0.137212 0.120284 2.900147 1.000000 -0.089165 -0.406053 2.919848 1.000000 -0.038237 -0.795745 3.000823 1.000000 -0.029053 -0.847863 2.908258 1.000000
1639618699 -0.211541 0.194870 2.894053 1.000000 -0.213769 0.265268 2.907176 1.000000 -0.214878 0.619457 2.881765 1.000000 -0.191742 0.791785 2.795664 1.000000 -0.376024 0.528397 2.890740 1.000000 -0.450535 0.305350 2.900640 1.000000 -0.326059 0.236310 2.714270 1.000000 -0.243257 0.232014 2.652514 1.000000 -0.057050 0.507877 2.922947 1.000000 -0.022308 0.286923 2.920330 1.000000 -0.136599 0.194305 2.737997 1.000000 -0.217529 0.242920 2.625987 1.000000 -0.283093 0.124283 2.886915 1.000000 -0.313337 -0.409859 2.919869 1.000000 -0.326050 -0.811861 3.013598 1.000000 -0.344257 -0.865402 2.942790 1.000000 -0.139435 0.122054 2.902334 1.000000 -0.090662 -0.404044 2.924102 1.000000 -0.039636 -0.792532 2.997841 1.000000 -0.030429 -0.844754 2.905352 1.000000
1639662838 -0.211924 0.199623 2.896555 1.000000 -0.214115 0.269571 2.907423 1.000000 -0.214892 0.620739 2.881900 1.000000 -0.193009 0.792626 2.797883 1.000000 -0.376391 0.530750 2.890238 1.000000 -0.450425 0.305552 2.901480 1.000000 -0.275330 0.286499 2.701183 1.000000 -0.211048 0.288447 2.647446 1.000000 -0.058029 0.513158 2.925919 1.000000 -0.021824 0.289218 2.921287 1.000000 -0.138197 0.210211 2.733637 1.000000 -0.210351 0.242322 2.666951 1.000000 -0.282488 0.129118 2.889980 1.000000 -0.312970 -0.405647 2.923796 1.000000 -0.324926 -0.812357 3.016098 1.000000 -0.334804 -0.861327 2.940502 1.000000 -0.140711 0.126727 2.904628 1.000000 -0.090026 -0.402121 2.931616 1.000000 -0.040322 -0.791391 2.998708 1.000000 -0.030099 -0.843770 2.906428 1.000000
1639695784 -0.211201 0.203442 2.898087 1.000000 -0.213281 0.273258 2.907151 1.000000 -0.214425 0.622842 2.882047 1.000000 -0.186446 0.801573 2.801929 1.000000 -0.375240 0.533325 2.890748 1.000000 -0.448292 0.306111 2.900553 1.000000 -0.232048 0.320183 2.675577 1.000000 -0.188599 0.259133 2.660456 1.000000 -0.057416 0.518428 2.926444 1.000000 -0.020503 0.298341 2.917396 1.000000 -0.138310 0.209451 2.735668 1.000000 -0.221160 0.326659 2.636229 1.000000 -0.280882 0.132703 2.890973 1.000000 -0.312321 -0.407732 2.928975 1.000000 -0.325237 -0.812330 3.016121 1.000000 -0.313458 -0.870620 2.947745 1.000000 -0.140768 0.131111 2.907035 1.000000 -0.088909 -0.400757 2.936666 1.000000 -0.039501 -0.793047 3.005202 1.000000 -0.029272 -0.845525 2.912966 1.000000
1639729597 -0.210100 0.205751 2.899667 1.000000 -0.212400 0.275289 2.907035 1.000000 -0.214473 0.623421 2.882332 1.000000 -0.185575 0.800480 2.803653 1.000000 -0.374815 0.533796 2.891192 1.000000 -0.447990 0.306183 2.900242 1.000000 -0.306776 0.298973 2.713374 1.000000 -0.220306 0.316453 2.659433 1.000000 -0.056642 0.521990 2.929117 1.000000 -0.019476 0.299544 2.917852 1.000000 -0.139145 0.228624 2.729141 1.000000 -0.200321 0.276127 2.660634 1.000000 -0.279281 0.134910 2.892218 1.000000 -0.312393 -0.400735 2.933115 1.000000 -0.325414 -0.810976 3.017278 1.000000 -0.315459 -0.868771 2.948206 1.000000 -0.139599 0.133425 2.909168 1.000000 -0.089305 -0.395500 2.941287 1.000000 -0.039665 -0.792656 3.006331 1.000000 -0.028794 -0.845210 2.914225 1.000000
1639772785 -0.208526 0.209328 2.901465 1.000000 -0.211048 0.279129 2.907840 1.000000 -0.214562 0.628692 2.885915 1.000000 -0.178356 0.805671 2.804734 1.000000 -0.373022 0.534995 2.891437 1.000000 -0.446066 0.306370 2.900035 1.000000 -0.302858 0.313935 2.714906 1.000000 -0.217092 0.332217 2.660149 1.000000 -0.053365 0.526663 2.933748 1.000000 -0.016944 0.300962 2.918063 1.000000 -0.133669 0.265071 2.717192 1.000000 -0.194450 0.311047 2.647333 1.000000 -0.277146 0.138651 2.893113 1.000000 -0.311920 -0.396365 2.937288 1.000000 -0.326025 -0.809854 3.017776 1.000000 -0.296842 -0.887816 2.982008 1.000000 -0.138049 0.136224 2.911139 1.000000 -0.088306 -0.395554 2.943364 1.000000 -0.039505 -0.792614 3.009217 1.000000 -0.012579 -0.877422 2.992140 1.000000
1639804157 -0.207769 0.209977 2.902177 1.000000 -0.210253 0.279907 2.907475 1.000000 -0.214097 0.630227 2.887231 1.000000 -0.177480 0.805099 2.804953 1.000000 -0.372546 0.535213 2.891536 1.000000 -0.443990 0.305898 2.899003 1.000000 -0.222973 0.358397 2.685692 1.000000 -0.181750 0.296930 2.666544 1.000000 -0.052858 0.529215 2.936284 1.000000 -0.015376 0.300479 2.915236 1.000000 -0.134410 0.265707 2.715682 1.000000 -0.196381 0.311957 2.646995 1.000000 -0.276232 0.139110 2.893482 1.000000 -0.310077 -0.407519 2.944350 1.000000 -0.324303 -0.811386 3.018324 1.000000 -0.315628 -0.851436 2.937508 1.000000 -0.137277 0.137033 2.912045 1.000000 -0.087487 -0.395778 2.946135 1.000000 -0.039414 -0.792808 3.010266 1.000000 -0.012601 -0.877209 2.991080 1.000000
1639845627 -0.206224 0.211847 2.903218 1.000000 -0.208665 0.281848 2.907515 1.000000 -0.212921 0.632282 2.888416 1.000000 -0.175837 0.809388 2.805941 1.000000 -0.370878 0.536767 2.891717 1.000000 -0.437214 0.308372 2.895130 1.000000 -0.216525 0.357789 2.680803 1.000000 -0.172599 0.298717 2.660075 1.000000 -0.050236 0.530244 2.938058 1.000000 -0.012385 0.303388 2.915117 1.000000 -0.133736 0.266110 2.717632 1.000000 -0.197588 0.310627 2.649465 1.000000 -0.274709 0.140569 2.894315 1.000000 -0.309867 -0.407099 2.944917 1.000000 -0.323779 -0.810945 3.018327 1.000000 -0.313713 -0.853565 2.938995 1.000000 -0.135760 0.138537 2.912968 1.000000 -0.086074 -0.395231 2.948075 1.000000 -0.039254 -0.792868 3.010647 1.000000 -0.012616 -0.877176 2.990800 1.000000
1639878889 -0.204979 0.213431 2.904342 1.000000 -0.207304 0.283368 2.907641 1.000000 -0.211494 0.633350 2.889199 1.000000 -0.174187 0.812826 2.809105 1.000000 -0.370423 0.536803 2.891988 1.000000 -0.436495 0.309361 2.895156 1.000000 -0.186661 0.314535 2.711405 1.000000 -0.208415 0.358610 2.652821 1.000000 -0.048908 0.531667 2.940236 1.000000 -0.011518 0.303503 2.915632 1.000000 -0.133815 0.233882 2.728536 1.000000 -0.193089 0.289140 2.664213 1.000000 -0.273609 0.141590 2.895099 1.000000 -0.309741 -0.407055 2.945663 1.000000 -0.323649 -0.811246 3.018497 1.000000 -0.334169 -0.857108 2.941046 1.000000 -0.134539 0.140198 2.914373 1.000000 -0.085461 -0.396199 2.952488 1.000000 -0.039100 -0.793322 3.011078 1.000000 -0.025280 -0.845699 2.919249 1.000000
1639912508 -0.203441 0.215170 2.905527 1.000000 -0.205711 0.285051 2.907962 1.000000 -0.210201 0.634644 2.890256 1.000000 -0.173110 0.812703 2.816111 1.000000 -0.369231 0.537768 2.892789 1.000000 -0.435753 0.308746 2.895177 1.000000 -0.216035 0.330835 2.675246 1.000000 -0.161159 0.367036 2.636109 1.000000 -0.047980 0.532395 2.942072 1.000000 -0.010589 0.303104 2.916448 1.000000 -0.133389 0.231291 2.730677 1.000000 -0.197442 0.279828 2.665441 1.000000 -0.271693 0.143421 2.895673 1.000000 -0.308823 -0.405120 2.946378 1.000000 -0.323429 -0.810360 3.018477 1.000000 -0.320239 -0.863889 2.945416 1.000000 -0.133175 0.141691 2.916174 1.000000 -0.084985 -0.396570 2.953432 1.000000 -0.039080 -0.794375 3.013013 1.000000 -0.011656 -0.878145 2.991941 1.000000
1639945609 -0.202407 0.215812 2.906607 1.000000 -0.204649 0.285738 2.908268 1.000000 -0.209543 0.635515 2.891309 1.000000 -0.173091 0.812684 2.816573 1.000000 -0.368196 0.538332 2.893742 1.000000 -0.434131 0.308379 2.898344 1.000000 -0.196101 0.304603 2.698674 1.000000 -0.226198 0.342785 2.639535 1.000000 -0.047793 0.532816 2.943722 1.000000 -0.009652 0.306588 2.918847 1.000000 -0.131099 0.229533 2.734464 1.000000 -0.196626 0.274065 2.667743 1.000000 -0.269976 0.144161 2.896915 1.000000 -0.306659 -0.409588 2.948537 1.000000 -0.323195 -0.811691 3.018782 1.000000 -0.311318 -0.871061 2.951330 1.000000 -0.132409 0.142557 2.917217 1.000000 -0.084242 -0.396983 2.954718 1.000000 -0.038797 -0.794592 3.013139 1.000000 -0.011738 -0.878408 2.991732 1.000000
1639989902 -0.200239 0.215970 2.908266 1.000000 -0.202038 0.286086 2.909438 1.000000 -0.204762 0.637277 2.894381 1.000000 -0.172662 0.812830 2.817466 1.000000 -0.367050 0.538370 2.894145 1.000000 -0.435023 0.309018 2.901678 1.000000 -0.222760 0.277866 2.675447 1.000000 -0.261167 0.293276 2.610997 1.000000 -0.047255 0.532867 2.944436 1.000000 -0.008457 0.307355 2.921834 1.000000 -0.128707 0.225904 2.738723 1.000000 -0.198669 0.252735 2.667146 1.000000 -0.267585 0.144109 2.898493 1.000000 -0.304872 -0.412214 2.950873 1.000000 -0.322077 -0.814160 3.020682 1.000000 -0.327309 -0.868635 2.948411 1.000000 -0.131022 0.142985 2.918545 1.000000 -0.083554 -0.397343 2.956827 1.000000 -0.038382 -0.795038 3.013856 1.000000 -0.020024 -0.881256 2.992699 1.000000
1640021236 -0.199045 0.215769 2.909178 1.000000 -0.200486 0.285987 2.909757 1.000000 -0.201696 0.637758 2.895377 1.000000 -0.174788 0.816069 2.817346 1.000000 -0.366188 0.538309 2.896295 1.000000 -0.431583 0.306149 2.907459 1.000000 -0.233645 0.253685 2.671916 1.000000 -0.272145 0.273498 2.608696 1.000000 -0.046533 0.533845 2.946202 1.000000 -0.008373 0.305542 2.923844 1.000000 -0.128060 0.226675 2.739194 1.000000 -0.224731 0.238647 2.639672 1.000000 -0.266479 0.143988 2.899505 1.000000 -0.304234 -0.401968 2.951819 1.000000 -0.321955 -0.811710 3.020164 1.000000 -0.324331 -0.861408 2.944363 1.000000 -0.130257 0.142730 2.919237 1.000000 -0.082338 -0.395851 2.959274 1.000000 -0.037634 -0.795084 3.013691 1.000000 -0.023273 -0.880848 2.988006 1.000000
1640062690 -0.197218 0.214776 2.909774 1.000000 -0.198452 0.285377 2.909905 1.000000 -0.198294 0.639401 2.896751 1.000000 -0.171796 0.819620 2.818145 1.000000 -0.361840 0.539615 2.898136 1.000000 -0.430602 0.311322 2.909982 1.000000 -0.321362 0.164394 2.768834 1.000000 -0.180542 0.185669 2.663111 1.000000 -0.045461 0.533409 2.948004 1.000000 -0.007460 0.307082 2.927343 1.000000 -0.124365 0.227217 2.741317 1.000000 -0.189244 0.194458 2.667414 1.000000 -0.265293 0.143678 2.899904 1.000000 -0.304172 -0.403902 2.953380 1.000000 -0.321861 -0.811132 3.019359 1.000000 -0.319811 -0.862772 2.944866 1.000000 -0.128551 0.141907 2.919696 1.000000 -0.082190 -0.395764 2.959556 1.000000 -0.037467 -0.795144 3.013891 1.000000 -0.021955 -0.880726 2.988295 1.000000
1640096641 -0.196211 0.213959 2.910410 1.000000 -0.197371 0.284843 2.909946 1.000000 -0.197321 0.639795 2.896976 1.000000 -0.171233 0.820722 2.817056 1.000000 -0.359300 0.540444 2.899618 1.000000 -0.429104 0.308648 2.910219 1.000000 -0.323259 0.164119 2.763683 1.000000 -0.244347 0.136510 2.702435 1.000000 -0.045384 0.533899 2.949060 1.000000 -0.008272 0.304760 2.929067 1.000000 -0.058182 0.116589 2.806509 1.000000 -0.172852 0.130371 2.688503 1.000000 -0.264421 0.143365 2.900511 1.000000 -0.303705 -0.403537 2.953802 1.000000 -0.321508 -0.809761 3.019864 1.000000 -0.323382 -0.860252 2.944587 1.000000 -0.127739 0.141477 2.920277 1.000000 -0.082110 -0.395763 2.960088 1.000000 -0.037361 -0.795483 3.014124 1.000000 -0.024258 -0.880666 2.985990 1.000000
1640129869 -0.195407 0.213336 2.911147 1.000000 -0.196601 0.284293 2.910594 1.000000 -0.197309 0.639655 2.899424 1.000000 -0.169279 0.819315 2.819639 1.000000 -0.358423 0.540272 2.901235 1.000000 -0.427577 0.303804 2.910447 1.000000 -0.316040 0.117706 2.753933 1.000000 -0.236450 0.080811 2.706081 1.000000 -0.044143 0.534353 2.950643 1.000000 -0.008703 0.295965 2.930482 1.000000 -0.062713 0.118085 2.793631 1.000000 -0.116273 0.059821 2.726734 1.000000 -0.264160 0.142832 2.900807 1.000000 -0.302961 -0.406586 2.954579 1.000000 -0.321595 -0.809986 3.019895 1.000000 -0.321038 -0.855331 2.941387 1.000000 -0.125545 0.140634 2.921322 1.000000 -0.081948 -0.395910 2.960552 1.000000 -0.036691 -0.795533 3.014398 1.000000 -0.020614 -0.881098 2.989100 1.000000
1640163667 -0.194268 0.212892 2.912071 1.000000 -0.195533 0.283988 2.911302 1.000000 -0.196988 0.639864 2.900375 1.000000 -0.168263 0.816433 2.821866 1.000000 -0.357770 0.540043 2.902890 1.000000 -0.422679 0.293926 2.904860 1.000000 -0.352484 0.108311 2.789455 1.000000 -0.299406 0.035124 2.738684 1.000000 -0.041843 0.534205 2.951592 1.000000 -0.008498 0.289155 2.933489 1.000000 -0.062943 0.089462 2.805689 1.000000 -0.086670 0.035980 2.752955 1.000000 -0.263876 0.142094 2.901393 1.000000 -0.302106 -0.409203 2.956131 1.000000 -0.321890 -0.810395 3.019734 1.000000 -0.317489 -0.857724 2.942527 1.000000 -0.122326 0.139906 2.922804 1.000000 -0.081443 -0.395888 2.961405 1.000000 -0.036605 -0.795797 3.014557 1.000000 -0.022029 -0.880904 2.986904 1.000000
1640206431 -0.193483 0.210758 2.912929 1.000000 -0.194830 0.281904 2.911933 1.000000 -0.197094 0.637924 2.901139 1.000000 -0.173566 0.792071 2.843255 1.000000 -0.356803 0.536908 2.903205 1.000000 -0.406386 0.269962 2.897471 1.000000 -0.369947 0.062657 2.810025 1.000000 -0.344327 -0.033188 2.779552 1.000000 -0.040426 0.532266 2.951890 1.000000 -0.007799 0.275381 2.932924 1.000000 -0.035522 0.052948 2.840845 1.000000 -0.052246 -0.023849 2.793970 1.000000 -0.263755 0.139765 2.902583 1.000000 -0.301994 -0.409190 2.956166 1.000000 -0.321585 -0.810040 3.019371 1.000000 -0.328869 -0.859027 2.943421 1.000000 -0.120757 0.137551 2.923281 1.000000 -0.080546 -0.395704 2.961316 1.000000 -0.036413 -0.795565 3.014707 1.000000 -0.022111 -0.880757 2.987159 1.000000
1640237763 -0.192766 0.209804 2.913799 1.000000 -0.193987 0.281088 2.912998 1.000000 -0.195401 0.638114 2.903885 1.000000 -0.170909 0.798143 2.835316 1.000000 -0.354811 0.535782 2.903832 1.000000 -0.403549 0.266256 2.895543 1.000000 -0.388629 0.047077 2.843046 1.000000 -0.378242 -0.054939 2.827058 1.000000 -0.037945 0.530861 2.953688 1.000000 -0.008055 0.266658 2.934354 1.000000 -0.000325 0.045937 2.864368 1.000000 -0.007851 -0.054092 2.837755 1.000000 -0.263346 0.139306 2.902984 1.000000 -0.301061 -0.410480 2.956650 1.000000 -0.322090 -0.810326 3.019027 1.000000 -0.322496 -0.865074 2.946740 1.000000 -0.120237 0.136250 2.924060 1.000000 -0.079777 -0.395546 2.961770 1.000000 -0.036380 -0.795559 3.014773 1.000000 -0.021826 -0.847661 2.922823 1.000000
1640279726 -0.192092 0.209240 2.914810 1.000000 -0.193207 0.280578 2.913926 1.000000 -0.194480 0.637828 2.904517 1.000000 -0.169450 0.801012 2.834634 1.000000 -0.352585 0.535331 2.904320 1.000000 -0.400223 0.255232 2.892573 1.000000 -0.407602 0.032351 2.870353 1.000000 -0.402308 -0.071367 2.868271 1.000000 -0.035247 0.530610 2.953520 1.000000 -0.002562 0.252216 2.937659 1.000000 0.022446 -0.011856 2.876004 1.000000 0.020663 -0.102136 2.847865 1.000000 -0.262739 0.138858 2.903912 1.000000 -0.299609 -0.412405 2.957589 1.000000 -0.322051 -0.810431 3.018997 1.000000 -0.318025 -0.866814 2.948076 1.000000 -0.119804 0.135464 2.925128 1.000000 -0.078928 -0.396369 2.961920 1.000000 -0.036790 -0.796225 3.016700 1.000000 -0.013759 -0.880414 2.992064 1.000000
1640312482 -0.191375 0.207874 2.915910 1.000000 -0.192502 0.279557 2.914669 1.000000 -0.194062 0.637769 2.904669 1.000000 -0.164792 0.812472 2.831664 1.000000 -0.350736 0.534500 2.903887 1.000000 -0.400347 0.252004 2.895751 1.000000 -0.418798 0.029584 2.886843 1.000000 -0.423716 -0.074228 2.889736 1.000000 -0.034120 0.529820 2.953756 1.000000 0.003701 0.247799 2.942023 1.000000 0.039787 -0.038463 2.900495 1.000000 0.052307 -0.118286 2.897490 1.000000 -0.261987 0.137873 2.904986 1.000000 -0.298738 -0.413339 2.957791 1.000000 -0.320457 -0.812778 3.020304 1.000000 -0.318722 -0.859517 2.942587 1.000000 -0.119371 0.133862 2.926408 1.000000 -0.077949 -0.395953 2.962685 1.000000 -0.036802 -0.796442 3.016819 1.000000 -0.012451 -0.880486 2.992920 1.000000
1640345735 -0.189628 0.207821 2.917084 1.000000 -0.190775 0.279604 2.915587 1.000000 -0.192782 0.638262 2.905254 1.000000 -0.162795 0.821368 2.826786 1.000000 -0.348322 0.534206 2.903059 1.000000 -0.405684 0.256471 2.909674 1.000000 -0.437256 -0.004589 2.922882 1.000000 -0.469648 -0.072517 2.938430 1.000000 -0.031479 0.530381 2.954028 1.000000 0.012363 0.244650 2.952402 1.000000 0.055450 0.004875 2.930694 1.000000 0.062968 -0.098010 2.917761 1.000000 -0.260235 0.137683 2.905780 1.000000 -0.298038 -0.413709 2.957924 1.000000 -0.320991 -0.812801 3.020516 1.000000 -0.315193 -0.862386 2.944771 1.000000 -0.117574 0.133736 2.928176 1.000000 -0.074003 -0.396542 2.964429 1.000000 -0.037003 -0.796885 3.017537 1.000000 -0.011228 -0.881474 2.997288 1.000000
1640379804 -0.188608 0.207731 2.917711 1.000000 -0.189723 0.279597 2.915920 1.000000 -0.191820 0.638676 2.905378 1.000000 -0.158896 0.823023 2.829235 1.000000 -0.347392 0.534272 2.902659 1.000000 -0.421712 0.261195 2.942686 1.000000 -0.457275 0.033600 2.952180 1.000000 -0.468611 -0.069870 2.951662 1.000000 -0.028982 0.529078 2.953777 1.000000 0.023491 0.257313 2.963251 1.000000 0.070292 0.038654 2.954487 1.000000 0.085863 -0.064040 2.947686 1.000000 -0.259279 0.137419 2.906752 1.000000 -0.297595 -0.413969 2.958018 1.000000 -0.319873 -0.810809 3.019114 1.000000 -0.313329 -0.864836 2.946521 1.000000 -0.116490 0.133566 2.928641 1.000000 -0.070555 -0.396263 2.965553 1.000000 -0.037066 -0.796980 3.017721 1.000000 -0.010337 -0.881133 2.996858 1.000000
1640422912 -0.187582 0.207283 2.917477 1.000000 -0.188675 0.279188 2.915360 1.000000 -0.190937 0.638447 2.904579 1.000000 -0.162355 0.804639 2.828944 1.000000 -0.347413 0.534108 2.902937 1.000000 -0.430040 0.263105 2.955379 1.000000 -0.467445 0.035516 2.965932 1.000000 -0.479270 -0.067958 2.967992 1.000000 -0.028464 0.528760 2.953456 1.000000 0.038109 0.263213 2.977545 1.000000 0.110107 0.003006 2.991244 1.000000 0.116455 -0.088867 2.991244 1.000000 -0.258351 0.136508 2.907080 1.000000 -0.296901 -0.414753 2.958436 1.000000 -0.319865 -0.812173 3.018658 1.000000 -0.316389 -0.864059 2.944289 1.000000 -0.115028 0.133176 2.927853 1.000000 -0.069147 -0.397154 2.965755 1.000000 -0.037016 -0.797102 3.017757 1.000000 -0.009243 -0.880553 2.995407 1.000000
1640454321 -0.185513 0.208809 2.917402 1.000000 -0.186539 0.280635 2.915187 1.000000 -0.188709 0.639596 2.904922 1.000000 -0.158046 0.810339 2.826602 1.000000 -0.346404 0.535008 2.903138 1.000000 -0.434173 0.271121 2.969084 1.000000 -0.478610 0.038298 2.983659 1.000000 -0.485994 -0.065350 2.976417 1.000000 -0.025148 0.529436 2.954916 1.000000 0.045312 0.268568 2.986235 1.000000 0.104248 0.050537 3.006870 1.000000 0.114024 -0.052524 2.995358 1.000000 -0.256946 0.137192 2.906916 1.000000 -0.296063 -0.414481 2.957938 1.000000 -0.319982 -0.812084 3.018643 1.000000 -0.316671 -0.860174 2.941748 1.000000 -0.112858 0.134692 2.927728 1.000000 -0.068008 -0.397010 2.966203 1.000000 -0.036658 -0.796581 3.017827 1.000000 -0.010557 -0.880704 2.995952 1.000000
1640496672 -0.184099 0.209607 2.917473 1.000000 -0.185328 0.281293 2.915048 1.000000 -0.188399 0.639766 2.904858 1.000000 -0.158240 0.810395 2.826857 1.000000 -0.345502 0.535465 2.903580 1.000000 -0.434851 0.270543 2.975648 1.000000 -0.485424 0.032286 2.993708 1.000000 -0.502872 -0.070126 3.001828 1.000000 -0.023205 0.530516 2.956255 1.000000 0.048666 0.269310 2.995165 1.000000 0.128296 0.005768 3.014683 1.000000 0.124685 -0.084646 2.997553 1.000000 -0.255418 0.137758 2.906964 1.000000 -0.295426 -0.415357 2.958072 1.000000 -0.319962 -0.812032 3.018533 1.000000 -0.317257 -0.860156 2.941606 1.000000 -0.111226 0.135498 2.927871 1.000000 -0.067035 -0.397366 2.966559 1.000000 -0.036598 -0.796737 3.018001 1.000000 -0.011584 -0.880179 2.992454 1.000000
1640529920 -0.181411 0.210993 2.917916 1.000000 -0.182757 0.282604 2.915175 1.000000 -0.186791 0.640685 2.904722 1.000000 -0.155510 0.812060 2.827598 1.000000 -0.343671 0.536499 2.905034 1.000000 -0.436711 0.273507 2.985248 1.000000 -0.487699 0.059007 3.008953 1.000000 -0.503406 -0.043760 3.001899 1.000000 -0.021158 0.530466 2.956787 1.000000 0.051024 0.274885 2.999618 1.000000 0.112707 0.062730 3.020457 1.000000 0.129278 -0.040032 3.015683 1.000000 -0.252858 0.138773 2.906948 1.000000 -0.295295 -0.415392 2.958114 1.000000 -0.320028 -0.812031 3.018428 1.000000 -0.314301 -0.862947 2.943480 1.000000 -0.108131 0.136757 2.929026 1.000000 -0.066149 -0.397313 2.966307 1.000000 -0.036450 -0.797440 3.018968 1.000000 -0.011313 -0.879872 2.990410 1.000000
1640562578 -0.179973 0.211399 2.918197 1.000000 -0.181534 0.282944 2.914901 1.000000 -0.186009 0.640886 2.902453 1.000000 -0.155415 0.812300 2.828166 1.000000 -0.342972 0.536453 2.905416 1.000000 -0.436610 0.273719 2.987967 1.000000 -0.487950 0.058909 3.009699 1.000000 -0.504417 -0.043837 3.004370 1.000000 -0.020240 0.530929 2.956801 1.000000 0.054562 0.278659 3.005492 1.000000 0.112718 0.064762 3.021749 1.000000 0.129851 -0.037955 3.018275 1.000000 -0.251301 0.138983 2.907284 1.000000 -0.294636 -0.415827 2.958466 1.000000 -0.319608 -0.812636 3.018664 1.000000 -0.316342 -0.861251 2.942050 1.000000 -0.106047 0.137267 2.930181 1.000000 -0.065482 -0.397633 2.966108 1.000000 -0.036253 -0.797647 3.020046 1.000000 -0.011544 -0.878839 2.987777 1.000000
1640596700 -0.177329 0.212638 2.919043 1.000000 -0.178271 0.284607 2.915735 1.000000 -0.179808 0.645246 2.904682 1.000000 -0.150900 0.819330 2.825561 1.000000 -0.338421 0.537552 2.905030 1.000000 -0.435294 0.274781 2.990027 1.000000 -0.487845 0.057731 3.009449 1.000000 -0.504570 -0.044870 3.002483 1.000000 -0.017489 0.531961 2.957300 1.000000 0.056607 0.283102 3.006476 1.000000 0.112237 0.068327 3.021654 1.000000 0.136663 -0.032784 3.027599 1.000000 -0.248621 0.140176 2.907959 1.000000 -0.293908 -0.416406 2.959111 1.000000 -0.318883 -0.813734 3.018938 1.000000 -0.317124 -0.860274 2.940986 1.000000 -0.104248 0.138610 2.930847 1.000000 -0.064760 -0.397494 2.966176 1.000000 -0.036105 -0.797322 3.019900 1.000000 -0.011254 -0.878315 2.987217 1.000000
1640639613 -0.175823 0.213104 2.919439 1.000000 -0.176944 0.284926 2.915898 1.000000 -0.179497 0.645055 2.904810 1.000000 -0.148422 0.818819 2.826540 1.000000 -0.337418 0.537854 2.905491 1.000000 -0.435056 0.274874 2.990562 1.000000 -0.487577 0.052138 3.007907 1.000000 -0.501973 -0.039298 2.997745 1.000000 -0.015354 0.532018 2.956370 1.000000 0.059393 0.283245 3.007471 1.000000 0.113150 0.067962 3.022849 1.000000 0.134511 -0.034007 3.022015 1.000000 -0.247045 0.140573 2.908488 1.000000 -0.293719 -0.416137 2.958920 1.000000 -0.318383 -0.811489 3.017937 1.000000 -0.319054 -0.856823 2.939250 1.000000 -0.102601 0.138986 2.931102 1.000000 -0.063478 -0.397330 2.965939 1.000000 -0.036103 -0.797635 3.019935 1.000000 -0.009952 -0.879039 2.989325 1.000000
1640670827 -0.174578 0.213608 2.919513 1.000000 -0.175546 0.285419 2.915893 1.000000 -0.177908 0.645229 2.905413 1.000000 -0.146956 0.818195 2.827138 1.000000 -0.336123 0.537731 2.905919 1.000000 -0.433167 0.275725 2.990659 1.000000 -0.481187 0.055793 3.010592 1.000000 -0.484251 -0.046929 2.993479 1.000000 -0.012910 0.531956 2.956487 1.000000 0.060486 0.283057 3.007351 1.000000 0.115464 0.058912 3.022006 1.000000 0.133851 -0.043556 3.017965 1.000000 -0.246034 0.141017 2.908549 1.000000 -0.291639 -0.406374 2.958888 1.000000 -0.317968 -0.809853 3.018385 1.000000 -0.303512 -0.862305 2.926421 1.000000 -0.101497 0.139266 2.930984 1.000000 -0.062456 -0.398069 2.966378 1.000000 -0.036183 -0.797793 3.020340 1.000000 -0.010026 -0.879026 2.989255 1.000000
1640712442 -0.173932 0.213685 2.919459 1.000000 -0.174744 0.285565 2.915630 1.000000 -0.176619 0.645697 2.904865 1.000000 -0.144082 0.821613 2.829189 1.000000 -0.334227 0.538528 2.906787 1.000000 -0.432348 0.274976 2.990423 1.000000 -0.472452 0.054654 3.004324 1.000000 -0.480704 -0.048285 2.990589 1.000000 -0.011490 0.531754 2.956559 1.000000 0.061822 0.281886 3.007222 1.000000 0.114441 0.056291 3.019451 1.000000 0.132412 -0.046212 3.014615 1.000000 -0.245457 0.141089 2.908702 1.000000 -0.291434 -0.409110 2.958420 1.000000 -0.317958 -0.809319 3.018386 1.000000 -0.320793 -0.858846 2.942293 1.000000 -0.100972 0.139379 2.930801 1.000000 -0.061896 -0.398085 2.966898 1.000000 -0.036336 -0.798509 3.020341 1.000000 -0.009494 -0.879069 2.988081 1.000000
1640746797 -0.173163 0.214003 2.919659 1.000000 -0.173997 0.285896 2.915520 1.000000 -0.175964 0.646144 2.903795 1.000000 -0.143302 0.823725 2.829957 1.000000 -0.332722 0.539175 2.907394 1.000000 -0.426883 0.279146 2.989193 1.000000 -0.463830 0.054745 2.996017 1.000000 -0.470917 -0.048138 2.981276 1.000000 -0.007692 0.531750 2.956115 1.000000 0.062488 0.281868 3.006919 1.000000 0.112921 0.057559 3.017376 1.000000 0.130669 -0.044925 3.011497 1.000000 -0.244763 0.141285 2.909451 1.000000 -0.291421 -0.409340 2.958606 1.000000 -0.317834 -0.809612 3.018387 1.000000 -0.323753 -0.858447 2.942013 1.000000 -0.099945 0.139603 2.930866 1.000000 -0.061401 -0.398172 2.967078 1.000000 -0.036327 -0.798878 3.021610 1.000000 -0.009383 -0.878880 2.988044 1.000000
1640779829 -0.172791 0.214331 2.919795 1.000000 -0.173680 0.286138 2.915503 1.000000 -0.175956 0.646134 2.903805 1.000000 -0.142524 0.822236 2.830289 1.000000 -0.332553 0.539312 2.907861 1.000000 -0.425225 0.279127 2.987985 1.000000 -0.456230 0.057470 2.983029 1.000000 -0.459757 -0.045642 2.968630 1.000000 -0.005741 0.531449 2.955482 1.000000 0.064259 0.279692 3.004776 1.000000 0.116049 0.025583 3.005452 1.000000 0.132685 -0.077230 3.003326 1.000000 -0.244584 0.141414 2.909747 1.000000 -0.291313 -0.409216 2.958754 1.000000 -0.316199 -0.809497 3.020084 1.000000 -0.336153 -0.861849 2.948559 1.000000 -0.099265 0.139744 2.930796 1.000000 -0.061230 -0.397832 2.967045 1.000000 -0.036273 -0.798942 3.021555 1.000000 -0.009954 -0.876920 2.983065 1.000000
1640812650 -0.172636 0.214265 2.919955 1.000000 -0.173542 0.286046 2.915545 1.000000 -0.176134 0.645649 2.904056 1.000000 -0.146022 0.817690 2.830782 1.000000 -0.332240 0.538935 2.908715 1.000000 -0.424292 0.279710 2.986218 1.000000 -0.445627 0.034640 2.964113 1.000000 -0.448072 -0.041571 2.953707 1.000000 -0.005229 0.531428 2.955217 1.000000 0.065986 0.274230 3.001962 1.000000 0.110447 0.012852 2.990001 1.000000 0.123650 -0.080225 2.989565 1.000000 -0.244421 0.141305 2.910280 1.000000 -0.290407 -0.406806 2.959227 1.000000 -0.316221 -0.809876 3.020537 1.000000 -0.337216 -0.858884 2.946956 1.000000 -0.098923 0.139521 2.930758 1.000000 -0.061059 -0.397749 2.967025 1.000000 -0.036021 -0.798838 3.023041 1.000000 -0.011055 -0.875904 2.981881 1.000000
1640856989 -0.172440 0.214351 2.920439 1.000000 -0.173323 0.286068 2.915856 1.000000 -0.175930 0.645317 2.904253 1.000000 -0.145884 0.818510 2.830232 1.000000 -0.331785 0.539204 2.908856 1.000000 -0.422533 0.279898 2.984157 1.000000 -0.442499 0.018322 2.942255 1.000000 -0.422487 -0.080399 2.915576 1.000000 -0.004198 0.531473 2.954895 1.000000 0.066072 0.270386 2.996565 1.000000 0.099282 0.029145 2.977507 1.000000 0.116310 -0.073634 2.975387 1.000000 -0.244346 0.141333 2.910567 1.000000 -0.290127 -0.408825 2.959967 1.000000 -0.315577 -0.811389 3.022180 1.000000 -0.332126 -0.857976 2.945917 1.000000 -0.098644 0.139356 2.931617 1.000000 -0.060600 -0.397945 2.967193 1.000000 -0.036114 -0.798837 3.023010 1.000000 -0.010921 -0.875646 2.981465 1.000000
1640889489 -0.171445 0.213997 2.921013 1.000000 -0.172513 0.285686 2.916308 1.000000 -0.175927 0.644650 2.904751 1.000000 -0.145860 0.818190 2.830573 1.000000 -0.331282 0.539123 2.909516 1.000000 -0.418214 0.274842 2.976782 1.000000 -0.435545 0.013395 2.923607 1.000000 -0.419553 -0.082642 2.910733 1.000000 -0.003811 0.531498 2.954725 1.000000 0.063105 0.260937 2.981533 1.000000 0.095178 0.011349 2.945848 1.000000 0.094299 -0.085693 2.924853 1.000000 -0.243087 0.140915 2.911150 1.000000 -0.289626 -0.409028 2.960285 1.000000 -0.314723 -0.812165 3.022502 1.000000 -0.332456 -0.856111 2.944919 1.000000 -0.097458 0.138815 2.932222 1.000000 -0.060487 -0.397829 2.967466 1.000000 -0.035973 -0.799048 3.023289 1.000000 -0.011075 -0.877376 2.984434 1.000000
1640920986 -0.170385 0.213754 2.921951 1.000000 -0.171594 0.285400 2.917269 1.000000 -0.175970 0.643953 2.906568 1.000000 -0.145212 0.817849 2.831138 1.000000 -0.331092 0.538421 2.910526 1.000000 -0.417220 0.270980 2.971223 1.000000 -0.429588 0.023587 2.910399 1.000000 -0.413248 -0.077478 2.890708 1.000000 -0.003241 0.531538 2.953470 1.000000 0.063596 0.257056 2.967856 1.000000 0.090392 -0.002702 2.918502 1.000000 0.091373 -0.086048 2.913504 1.000000 -0.241776 0.140634 2.912173 1.000000 -0.288781 -0.408815 2.960631 1.000000 -0.313400 -0.811045 3.022467 1.000000 -0.332967 -0.855842 2.945788 1.000000 -0.096318 0.138372 2.932863 1.000000 -0.060328 -0.397701 2.967722 1.000000 -0.035969 -0.799087 3.023323 1.000000 -0.011014 -0.877452 2.984525 1.000000
1640952651 -0.169571 0.213587 2.922406 1.000000 -0.170779 0.285226 2.917670 1.000000 -0.175461 0.643734 2.906981 1.000000 -0.143415 0.819396 2.831068 1.000000 -0.330370 0.538300 2.911320 1.000000 -0.419282 0.270765 2.967200 1.000000 -0.424771 0.036060 2.897869 1.000000 -0.408427 -0.064920 2.877446 1.000000 -0.002456 0.531758 2.953156 1.000000 0.065257 0.255356 2.959710 1.000000 0.088596 0.006028 2.900074 1.000000 0.075012 -0.084900 2.866263 1.000000 -0.240826 0.140502 2.912904 1.000000 -0.287988 -0.410297 2.961426 1.000000 -0.314820 -0.811307 3.021736 1.000000 -0.334987 -0.859821 2.947497 1.000000 -0.095648 0.138117 2.933028 1.000000 -0.060199 -0.397415 2.967986 1.000000 -0.035789 -0.799340 3.023244 1.000000 -0.011616 -0.880773 2.990745 1.000000
1640995793 -0.168962 0.213346 2.922920 1.000000 -0.170197 0.284908 2.918159 1.000000 -0.175191 0.642881 2.907756 1.000000 -0.143807 0.819509 2.830439 1.000000 -0.330083 0.537989 2.912262 1.000000 -0.429154 0.281948 2.934385 1.000000 -0.415243 0.047475 2.878519 1.000000 -0.398253 -0.053757 2.859378 1.000000 -0.002332 0.531986 2.952995 1.000000 0.067988 0.264161 2.938534 1.000000 0.071106 0.033386 2.850640 1.000000 0.058444 -0.069955 2.842684 1.000000 -0.240157 0.140392 2.913757 1.000000 -0.287557 -0.409922 2.961142 1.000000 -0.315066 -0.810125 3.021826 1.000000 -0.334990 -0.859555 2.948114 1.000000 -0.095001 0.137801 2.933197 1.000000 -0.059927 -0.397648 2.968045 1.000000 -0.035792 -0.799398 3.023069 1.000000 -0.010462 -0.879199 2.987516 1.000000
1641029739 -0.168437 0.212958 2.923492 1.000000 -0.169571 0.284396 2.918933 1.000000 -0.174230 0.641492 2.910233 1.000000 -0.144579 0.818535 2.831584 1.000000 -0.330042 0.537441 2.913512 1.000000 -0.434100 0.291061 2.918902 1.000000 -0.410407 0.072988 2.858524 1.000000 -0.391602 -0.008995 2.840875 1.000000 -0.002253 0.532134 2.952661 1.000000 0.074438 0.276649 2.921524 1.000000 0.056118 0.066904 2.830670 1.000000 0.041558 -0.035414 2.815804 1.000000 -0.239918 0.140148 2.914036 1.000000 -0.287346 -0.410077 2.960964 1.000000 -0.315056 -0.810502 3.021869 1.000000 -0.335663 -0.859432 2.948000 1.000000 -0.094327 0.137265 2.933639 1.000000 -0.059686 -0.397522 2.967944 1.000000 -0.035800 -0.799406 3.023056 1.000000 -0.010402 -0.879193 2.987498 1.000000
1641074021 -0.168255 0.212961 2.923893 1.000000 -0.169413 0.284325 2.919403 1.000000 -0.174365 0.640877 2.911048 1.000000 -0.144364 0.818681 2.831597 1.000000 -0.329808 0.536929 2.913349 1.000000 -0.443045 0.308227 2.900187 1.000000 -0.402251 0.083240 2.843390 1.000000 -0.375537 -0.015820 2.823762 1.000000 -0.000244 0.532155 2.950949 1.000000 0.092957 0.294189 2.875820 1.000000 0.038183 0.085629 2.800598 1.000000 0.020798 0.026321 2.786188 1.000000 -0.240000 0.140243 2.914450 1.000000 -0.286845 -0.409124 2.960325 1.000000 -0.315211 -0.811264 3.022480 1.000000 -0.336442 -0.866817 2.953636 1.000000 -0.093582 0.136709 2.934041 1.000000 -0.059388 -0.397448 2.967649 1.000000 -0.035727 -0.799430 3.022894 1.000000 -0.010443 -0.878077 2.984793 1.000000
1641106726 -0.167429 0.212459 2.924180 1.000000 -0.168656 0.283794 2.919825 1.000000 -0.174027 0.640214 2.911743 1.000000 -0.144774 0.818549 2.831320 1.000000 -0.329621 0.536841 2.912766 1.000000 -0.451213 0.328511 2.879846 1.000000 -0.377930 0.093689 2.797907 1.000000 -0.358407 -0.008127 2.785241 1.000000 0.000470 0.527937 2.942503 1.000000 0.100503 0.330411 2.849816 1.000000 0.013711 0.140294 2.755057 1.000000 -0.025513 0.044023 2.744984 1.000000 -0.239401 0.139876 2.914811 1.000000 -0.286276 -0.409401 2.959908 1.000000 -0.315031 -0.811597 3.022642 1.000000 -0.348624 -0.864782 2.956929 1.000000 -0.092340 0.135964 2.933915 1.000000 -0.058539 -0.397386 2.967525 1.000000 -0.035710 -0.799450 3.022763 1.000000 -0.010175 -0.877802 2.984239 1.000000
1641138447 -0.167081 0.212381 2.924269 1.000000 -0.168386 0.283652 2.920318 1.000000 -0.174362 0.639223 2.913969 1.000000 -0.146442 0.809714 2.829849 1.000000 -0.329958 0.536802 2.911262 1.000000 -0.454521 0.333227 2.851559 1.000000 -0.376457 0.102499 2.795383 1.000000 -0.385320 0.043546 2.746331 1.000000 -0.000983 0.529154 2.937745 1.000000 0.102151 0.334864 2.832738 1.000000 -0.006652 0.157833 2.735118 1.000000 -0.067315 0.074161 2.719997 1.000000 -0.238886 0.139792 2.914992 1.000000 -0.283918 -0.402312 2.957973 1.000000 -0.315001 -0.806298 3.020551 1.000000 -0.343869 -0.864851 2.957207 1.000000 -0.091853 0.135981 2.933519 1.000000 -0.057367 -0.397247 2.967399 1.000000 -0.035263 -0.799168 3.021309 1.000000 -0.010046 -0.878857 2.985420 1.000000
1641169951 -0.165650 0.212214 2.924101 1.000000 -0.167163 0.283305 2.920763 1.000000 -0.173467 0.637832 2.915150 1.000000 -0.144942 0.809181 2.831254 1.000000 -0.329067 0.536226 2.907772 1.000000 -0.456999 0.343136 2.835027 1.000000 -0.366264 0.114409 2.781944 1.000000 -0.336019 0.038167 2.768737 1.000000 -0.000944 0.529057 2.933815 1.000000 0.107070 0.349883 2.789935 1.000000 -0.048786 0.203218 2.709861 1.000000 -0.100738 0.154329 2.687656 1.000000 -0.237091 0.139460 2.914933 1.000000 -0.283394 -0.401692 2.957571 1.000000 -0.315327 -0.806655 3.022441 1.000000 -0.339817 -0.863564 2.955849 1.000000 -0.090337 0.136283 2.932537 1.000000 -0.055674 -0.398530 2.968076 1.000000 -0.034299 -0.799261 3.021739 1.000000 -0.009900 -0.878341 2.984004 1.000000
1641213659 -0.163673 0.213019 2.923261 1.000000 -0.165873 0.283774 2.920695 1.000000 -0.173499 0.637795 2.915180 1.000000 -0.144660 0.808754 2.831653 1.000000 -0.330413 0.537978 2.903723 1.000000 -0.460338 0.346694 2.814661 1.000000 -0.359397 0.135305 2.771255 1.000000 -0.325750 0.064842 2.761274 1.000000 -0.000420 0.530603 2.928501 1.000000 0.104215 0.361869 2.773691 1.000000 -0.077440 0.259411 2.678255 1.000000 -0.138827 0.226055 2.645672 1.000000 -0.234249 0.139485 2.913709 1.000000 -0.283221 -0.404719 2.956417 1.000000 -0.315420 -0.809941 3.023987 1.000000 -0.328025 -0.857854 2.947716 1.000000 -0.088000 0.137458 2.931201 1.000000 -0.053658 -0.399744 2.968637 1.000000 -0.034172 -0.799124 3.021924 1.000000 -0.010327 -0.878195 2.983833 1.000000
1641246677 -0.160049 0.213636 2.921489 1.000000 -0.162406 0.284329 2.919630 1.000000 -0.171649 0.638066 2.914553 1.000000 -0.143587 0.809586 2.830593 1.000000 -0.330391 0.538936 2.901042 1.000000 -0.463244 0.351519 2.803080 1.000000 -0.340687 0.164908 2.770939 1.000000 -0.299834 0.102704 2.764713 1.000000 -0.001980 0.532580 2.923727 1.000000 0.106175 0.382957 2.758611 1.000000 -0.081247 0.315215 2.642792 1.000000 -0.154612 0.307986 2.665281 1.000000 -0.229834 0.139812 2.911235 1.000000 -0.282977 -0.405130 2.956046 1.000000 -0.315415 -0.809966 3.023994 1.000000 -0.328109 -0.853814 2.945338 1.000000 -0.085049 0.138761 2.929601 1.000000 -0.052771 -0.400149 2.968363 1.000000 -0.033271 -0.799496 3.021703 1.000000 -0.011294 -0.879229 2.983887 1.000000
1641290833 -0.157780 0.213920 2.920073 1.000000 -0.159992 0.284237 2.918859 1.000000 -0.168120 0.635656 2.913807 1.000000 -0.142743 0.799400 2.831579 1.000000 -0.328876 0.538813 2.895488 1.000000 -0.466779 0.368363 2.781743 1.000000 -0.294922 0.164551 2.751036 1.000000 -0.237636 0.096613 2.745288 1.000000 0.000088 0.539946 2.918721 1.000000 0.114838 0.382505 2.748562 1.000000 -0.073868 0.448220 2.633895 1.000000 -0.144211 0.454391 2.603039 1.000000 -0.227799 0.139690 2.909223 1.000000 -0.283282 -0.405230 2.955481 1.000000 -0.314882 -0.810887 3.023052 1.000000 -0.334573 -0.855108 2.946072 1.000000 -0.083042 0.139227 2.928448 1.000000 -0.052296 -0.400213 2.967626 1.000000 -0.032959 -0.799296 3.021065 1.000000 -0.011555 -0.879634 2.984230 1.000000
1641323405 -0.156825 0.213949 2.917506 1.000000 -0.158604 0.284285 2.916664 1.000000 -0.164054 0.635995 2.910740 1.000000 -0.141766 0.800126 2.829108 1.000000 -0.328871 0.539618 2.891084 1.000000 -0.466855 0.394316 2.764706 1.000000 -0.271240 0.219604 2.756896 1.000000 -0.206035 0.161367 2.758780 1.000000 0.000931 0.540118 2.914424 1.000000 0.116665 0.385500 2.744043 1.000000 -0.056204 0.497906 2.643265 1.000000 -0.125116 0.475257 2.617305 1.000000 -0.227754 0.139488 2.906610 1.000000 -0.284140 -0.407112 2.953491 1.000000 -0.315321 -0.812944 3.024169 1.000000 -0.329749 -0.855727 2.945248 1.000000 -0.082137 0.139113 2.925838 1.000000 -0.051358 -0.399256 2.965052 1.000000 -0.032464 -0.799246 3.020781 1.000000 -0.012836 -0.879714 2.983274 1.000000
1641354827 -0.157525 0.209548 2.911453 1.000000 -0.158505 0.281180 2.909701 1.000000 -0.160305 0.640222 2.896171 1.000000 -0.139389 0.802050 2.826899 1.000000 -0.328349 0.538118 2.886776 1.000000 -0.474177 0.411237 2.746571 1.000000 -0.284729 0.293221 2.716056 1.000000 -0.221580 0.253883 2.710372 1.000000 0.002397 0.516802 2.899555 1.000000 0.116212 0.383813 2.733594 1.000000 -0.050634 0.511936 2.643604 1.000000 -0.106249 0.554644 2.618095 1.000000 -0.229830 0.135909 2.902106 1.000000 -0.284290 -0.407145 2.949500 1.000000 -0.317166 -0.812559 3.023403 1.000000 -0.326536 -0.855269 2.943704 1.000000 -0.082874 0.133925 2.920129 1.000000 -0.051359 -0.399575 2.958656 1.000000 -0.032282 -0.799181 3.020613 1.000000 -0.012655 -0.879658 2.983168 1.000000
1641396979 -0.159667 0.207138 2.907796 1.000000 -0.159666 0.278895 2.906319 1.000000 -0.158699 0.637787 2.895261 1.000000 -0.139246 0.802918 2.825733 1.000000 -0.328058 0.540041 2.882570 1.000000 -0.483840 0.409083 2.712158 1.000000 -0.268522 0.354082 2.725011 1.000000 -0.196749 0.335748 2.733783 1.000000 -0.011546 0.491392 2.889428 1.000000 0.106986 0.380017 2.709294 1.000000 -0.054951 0.526769 2.647661 1.000000 -0.108929 0.575686 2.631604 1.000000 -0.232976 0.134869 2.896601 1.000000 -0.286045 -0.408078 2.941348 1.000000 -0.317793 -0.812551 3.022723 1.000000 -0.325123 -0.855738 2.943087 1.000000 -0.086468 0.131245 2.916988 1.000000 -0.053213 -0.398331 2.949373 1.000000 -0.031615 -0.799054 3.019686 1.000000 -0.014330 -0.880454 2.983135 1.000000
1641430910 -0.160050 0.208019 2.905012 1.000000 -0.159891 0.279420 2.904781 1.000000 -0.157652 0.637592 2.896533 1.000000 -0.136856 0.807826 2.819433 1.000000 -0.323113 0.541015 2.876390 1.000000 -0.481558 0.416021 2.709702 1.000000 -0.261726 0.453727 2.714065 1.000000 -0.188448 0.466295 2.720007 1.000000 -0.017842 0.536113 2.901842 1.000000 0.094349 0.388252 2.719782 1.000000 -0.033571 0.555450 2.630509 1.000000 -0.076211 0.611182 2.605238 1.000000 -0.232473 0.138092 2.891069 1.000000 -0.287339 -0.407837 2.933584 1.000000 -0.318483 -0.812468 3.021753 1.000000 -0.319890 -0.860165 2.944424 1.000000 -0.088922 0.134918 2.912944 1.000000 -0.053709 -0.395974 2.939645 1.000000 -0.031466 -0.798736 3.019066 1.000000 -0.013841 -0.880444 2.983429 1.000000
1641463877 -0.161152 0.206402 2.900531 1.000000 -0.160907 0.278115 2.901892 1.000000 -0.157735 0.637441 2.896649 1.000000 -0.132856 0.806959 2.814379 1.000000 -0.318529 0.536938 2.867547 1.000000 -0.472120 0.432565 2.702278 1.000000 -0.287032 0.557609 2.676397 1.000000 -0.225336 0.599290 2.672258 1.000000 -0.015397 0.532973 2.900245 1.000000 0.096488 0.379685 2.718872 1.000000 0.037562 0.581774 2.629676 1.000000 0.017920 0.649136 2.604432 1.000000 -0.233304 0.137340 2.885858 1.000000 -0.288007 -0.399063 2.921929 1.000000 -0.319634 -0.810736 3.021051 1.000000 -0.321298 -0.856651 2.942682 1.000000 -0.090301 0.133875 2.908991 1.000000 -0.054881 -0.394759 2.934333 1.000000 -0.031275 -0.798232 3.016829 1.000000 -0.012573 -0.881178 2.984846 1.000000
1641507607 -0.164924 0.203575 2.892252 1.000000 -0.164535 0.275692 2.895414 1.000000 -0.159076 0.637189 2.894973 1.000000 -0.132021 0.807208 2.813612 1.000000 -0.318567 0.536268 2.867726 1.000000 -0.470369 0.432297 2.702597 1.000000 -0.336789 0.596004 2.615749 1.000000 -0.273926 0.635373 2.636069 1.000000 -0.012466 0.523909 2.900271 1.000000 0.092687 0.360543 2.724294 1.000000 0.077733 0.573105 2.642844 1.000000 0.072749 0.643960 2.620182 1.000000 -0.236337 0.135822 2.879562 1.000000 -0.288927 -0.402836 2.917982 1.000000 -0.321933 -0.811446 3.021330 1.000000 -0.321437 -0.855518 2.941917 1.000000 -0.095211 0.129794 2.898095 1.000000 -0.056424 -0.396495 2.928506 1.000000 -0.030949 -0.797847 3.014714 1.000000 -0.012529 -0.883021 2.989120 1.000000
1641540139 -0.168246 0.203560 2.886653 1.000000 -0.167543 0.275484 2.892618 1.000000 -0.160018 0.637057 2.894902 1.000000 -0.132066 0.809804 2.810012 1.000000 -0.320602 0.540132 2.868121 1.000000 -0.452378 0.424129 2.703188 1.000000 -0.359723 0.614270 2.617153 1.000000 -0.325026 0.680567 2.599482 1.000000 -0.010270 0.518005 2.899589 1.000000 0.094029 0.365980 2.723028 1.000000 0.145400 0.569780 2.633198 1.000000 0.162523 0.637714 2.607743 1.000000 -0.240901 0.135465 2.872578 1.000000 -0.290023 -0.406764 2.913059 1.000000 -0.322099 -0.813247 3.020341 1.000000 -0.321115 -0.857084 2.940824 1.000000 -0.098488 0.128537 2.891165 1.000000 -0.058987 -0.398286 2.919685 1.000000 -0.032499 -0.797264 3.010564 1.000000 -0.010393 -0.883582 2.993062 1.000000
1641571585 -0.173130 0.200262 2.880249 1.000000 -0.172599 0.272219 2.889734 1.000000 -0.165145 0.634795 2.896073 1.000000 -0.136161 0.806855 2.807495 1.000000 -0.322210 0.539427 2.867136 1.000000 -0.448538 0.421990 2.698462 1.000000 -0.393309 0.626535 2.613620 1.000000 -0.378201 0.701591 2.606772 1.000000 -0.010899 0.510486 2.898345 1.000000 0.057343 0.286621 2.780128 1.000000 0.155154 0.453214 2.654131 1.000000 0.187757 0.508745 2.616621 1.000000 -0.245878 0.132255 2.865183 1.000000 -0.294058 -0.407425 2.906517 1.000000 -0.322282 -0.812698 3.018365 1.000000 -0.333810 -0.860069 2.941776 1.000000 -0.103301 0.124341 2.883237 1.000000 -0.060698 -0.398517 2.913390 1.000000 -0.032663 -0.796457 3.007722 1.000000 -0.012787 -0.882835 2.988062 1.000000
1641613761 -0.174877 0.197884 2.876005 1.000000 -0.175218 0.269763 2.888492 1.000000 -0.170079 0.633377 2.896184 1.000000 -0.139574 0.803575 2.804901 1.000000 -0.324661 0.535663 2.865307 1.000000 -0.439061 0.414790 2.689691 1.000000 -0.440714 0.624928 2.600115 1.000000 -0.446044 0.700680 2.588331 1.000000 -0.011694 0.509988 2.899806 1.000000 0.030884 0.293457 2.825054 1.000000 0.192627 0.415283 2.657291 1.000000 0.240012 0.475784 2.657291 1.000000 -0.246871 0.129613 2.860595 1.000000 -0.296779 -0.412253 2.902832 1.000000 -0.324612 -0.814492 3.011656 1.000000 -0.334136 -0.864479 2.936485 1.000000 -0.104652 0.122700 2.878727 1.000000 -0.062396 -0.398201 2.906026 1.000000 -0.033241 -0.796057 3.004402 1.000000 -0.011902 -0.883271 2.991051 1.000000
1641647903 -0.175732 0.197479 2.873387 1.000000 -0.176596 0.268994 2.888407 1.000000 -0.171478 0.632638 2.895504 1.000000 -0.139464 0.804364 2.804977 1.000000 -0.326792 0.532878 2.864212 1.000000 -0.420609 0.385221 2.698812 1.000000 -0.500749 0.574314 2.597382 1.000000 -0.508115 0.646742 2.572830 1.000000 -0.012381 0.510158 2.900413 1.000000 0.017625 0.290627 2.845305 1.000000 0.214233 0.343506 2.670965 1.000000 0.279770 0.361132 2.617341 1.000000 -0.247548 0.129087 2.857450 1.000000 -0.299484 -0.411837 2.899096 1.000000 -0.326282 -0.811936 3.005456 1.000000 -0.339173 -0.869458 2.936446 1.000000 -0.105350 0.122508 2.876318 1.000000 -0.064181 -0.398198 2.899716 1.000000 -0.033812 -0.796122 3.002545 1.000000 -0.021768 -0.882057 2.975947 1.000000
1641680869 -0.176872 0.197291 2.871317 1.000000 -0.178240 0.268472 2.888575 1.000000 -0.173868 0.631875 2.894344 1.000000 -0.142102 0.805342 2.803902 1.000000 -0.331540 0.528635 2.864556 1.000000 -0.389197 0.342197 2.729513 1.000000 -0.488136 0.514789 2.614548 1.000000 -0.495495 0.587157 2.590017 1.000000 -0.014979 0.510880 2.901326 1.000000 0.011773 0.289537 2.861832 1.000000 0.235229 0.275635 2.686592 1.000000 0.309715 0.271001 2.632668 1.000000 -0.248498 0.128445 2.855209 1.000000 -0.303495 -0.409232 2.891250 1.000000 -0.326255 -0.811923 3.005497 1.000000 -0.341614 -0.868584 2.936298 1.000000 -0.106307 0.122753 2.874370 1.000000 -0.065895 -0.399835 2.896612 1.000000 -0.034092 -0.795590 3.000646 1.000000 -0.024427 -0.882630 2.976865 1.000000
1641723956 -0.179201 0.194014 2.868892 1.000000 -0.181398 0.264310 2.888365 1.000000 -0.180082 0.624271 2.893535 1.000000 -0.174194 0.759277 2.800586 1.000000 -0.337809 0.522124 2.867377 1.000000 -0.406619 0.309809 2.738746 1.000000 -0.508943 0.477007 2.618360 1.000000 -0.516301 0.549363 2.593833 1.000000 -0.019674 0.507947 2.905284 1.000000 0.016656 0.286488 2.882172 1.000000 0.233521 0.184570 2.708078 1.000000 0.305809 0.150598 2.654536 1.000000 -0.251185 0.123077 2.850121 1.000000 -0.305071 -0.407488 2.887594 1.000000 -0.326638 -0.807514 3.001960 1.000000 -0.332232 -0.866044 2.932847 1.000000 -0.107831 0.120390 2.873294 1.000000 -0.066529 -0.400587 2.893629 1.000000 -0.037043 -0.791334 2.991947 1.000000 -0.025614 -0.841697 2.898517 1.000000
1641755389 -0.180413 0.194178 2.867986 1.000000 -0.182429 0.264234 2.889074 1.000000 -0.181102 0.623507 2.890945 1.000000 -0.163565 0.796026 2.798879 1.000000 -0.342479 0.524121 2.874689 1.000000 -0.403320 0.311035 2.799673 1.000000 -0.543136 0.214804 2.641210 1.000000 -0.557925 0.278890 2.601773 1.000000 -0.022506 0.507915 2.905975 1.000000 0.028113 0.272615 2.889163 1.000000 0.167236 0.123169 2.776438 1.000000 0.213611 0.073353 2.743353 1.000000 -0.252333 0.123099 2.849333 1.000000 -0.305392 -0.410326 2.886894 1.000000 -0.322416 -0.813677 3.010829 1.000000 -0.345358 -0.866386 2.940635 1.000000 -0.108890 0.120598 2.872941 1.000000 -0.067017 -0.401528 2.892363 1.000000 -0.036860 -0.791422 2.991730 1.000000 -0.027470 -0.841836 2.898115 1.000000
1641786870 -0.182916 0.192390 2.867423 1.000000 -0.185794 0.261649 2.890132 1.000000 -0.188023 0.617709 2.890786 1.000000 -0.179815 0.763013 2.796999 1.000000 -0.351990 0.518501 2.879619 1.000000 -0.413927 0.306627 2.810695 1.000000 -0.517666 0.134925 2.699391 1.000000 -0.569486 0.105989 2.650975 1.000000 -0.029523 0.506606 2.911974 1.000000 0.034869 0.251091 2.893374 1.000000 0.199204 0.013773 2.791261 1.000000 0.257231 -0.035375 2.800431 1.000000 -0.254791 0.120751 2.848507 1.000000 -0.305211 -0.403231 2.883724 1.000000 -0.322889 -0.808864 3.006537 1.000000 -0.279030 -0.880224 2.971694 1.000000 -0.110647 0.118872 2.872718 1.000000 -0.069251 -0.403501 2.890895 1.000000 -0.036713 -0.790778 2.991120 1.000000 -0.027177 -0.841139 2.897505 1.000000
1641830812 -0.184429 0.192148 2.867825 1.000000 -0.187600 0.261179 2.892238 1.000000 -0.190263 0.617590 2.892069 1.000000 -0.179447 0.764758 2.797915 1.000000 -0.354472 0.518274 2.881355 1.000000 -0.441650 0.266846 2.828972 1.000000 -0.525497 0.097715 2.696393 1.000000 -0.574219 0.045105 2.669018 1.000000 -0.032808 0.506794 2.913022 1.000000 0.034167 0.241593 2.892543 1.000000 0.153076 -0.021774 2.817456 1.000000 0.187500 -0.092773 2.831127 1.000000 -0.256113 0.120334 2.848913 1.000000 -0.305702 -0.404787 2.883183 1.000000 -0.324213 -0.807756 3.003475 1.000000 -0.331899 -0.869511 2.937457 1.000000 -0.111789 0.118806 2.873031 1.000000 -0.069969 -0.403609 2.890319 1.000000 -0.036599 -0.790716 2.990787 1.000000 -0.027247 -0.841044 2.897127 1.000000
1641863836 -0.186264 0.192256 2.868628 1.000000 -0.189574 0.261271 2.893947 1.000000 -0.192983 0.617852 2.890736 1.000000 -0.175994 0.772587 2.799856 1.000000 -0.355959 0.519069 2.881992 1.000000 -0.440723 0.259842 2.830456 1.000000 -0.510742 0.026749 2.739331 1.000000 -0.545174 -0.068070 2.715135 1.000000 -0.034527 0.507076 2.912841 1.000000 0.028903 0.241148 2.891551 1.000000 0.089111 -0.002239 2.840893 1.000000 0.109684 -0.103249 2.852530 1.000000 -0.257630 0.120270 2.849702 1.000000 -0.306089 -0.409817 2.884960 1.000000 -0.322456 -0.812781 3.009458 1.000000 -0.344575 -0.870209 2.942769 1.000000 -0.113718 0.118823 2.874797 1.000000 -0.071228 -0.404153 2.889684 1.000000 -0.036590 -0.790666 2.990521 1.000000 -0.027483 -0.841085 2.896860 1.000000
1641896637 -0.189818 0.191726 2.870358 1.000000 -0.192980 0.261122 2.895303 1.000000 -0.197276 0.617960 2.886643 1.000000 -0.175675 0.779920 2.798252 1.000000 -0.357576 0.519064 2.882493 1.000000 -0.435118 0.250863 2.838815 1.000000 -0.465820 0.010963 2.795972 1.000000 -0.478019 -0.091618 2.806168 1.000000 -0.035650 0.506105 2.913044 1.000000 0.017605 0.234837 2.892507 1.000000 0.053192 -0.060486 2.854566 1.000000 0.054106 -0.136950 2.860834 1.000000 -0.261990 0.119692 2.853490 1.000000 -0.306169 -0.409640 2.884945 1.000000 -0.321141 -0.814259 3.014220 1.000000 -0.336780 -0.867626 2.942489 1.000000 -0.116942 0.117689 2.877039 1.000000 -0.073056 -0.405440 2.888573 1.000000 -0.036621 -0.790678 2.990475 1.000000 -0.027655 -0.841354 2.896914 1.000000
1641940772 -0.194774 0.190015 2.873185 1.000000 -0.197276 0.259928 2.897314 1.000000 -0.198213 0.617696 2.886059 1.000000 -0.175896 0.781142 2.798006 1.000000 -0.357987 0.518447 2.882773 1.000000 -0.417358 0.238285 2.860089 1.000000 -0.423584 -0.002069 2.856519 1.000000 -0.435782 -0.104647 2.866715 1.000000 -0.037294 0.505195 2.914541 1.000000 -0.005084 0.227597 2.894494 1.000000 0.014277 0.005499 2.868201 1.000000 0.013298 -0.096789 2.850556 1.000000 -0.267426 0.118418 2.858626 1.000000 -0.306863 -0.410166 2.885470 1.000000 -0.321435 -0.813739 3.013442 1.000000 -0.339064 -0.865093 2.940700 1.000000 -0.122584 0.116039 2.879717 1.000000 -0.073945 -0.404324 2.888917 1.000000 -0.036459 -0.791481 2.992070 1.000000 -0.027126 -0.842344 2.898636 1.000000
1641972160 -0.198123 0.188691 2.875399 1.000000 -0.200788 0.258830 2.898841 1.000000 -0.200544 0.616917 2.885311 1.000000 -0.177739 0.782749 2.797496 1.000000 -0.359105 0.517656 2.882772 1.000000 -0.409957 0.229994 2.863944 1.000000 -0.423754 -0.001417 2.857882 1.000000 -0.435955 -0.104015 2.868080 1.000000 -0.038036 0.501754 2.916624 1.000000 -0.018257 0.218574 2.896103 1.000000 0.014851 -0.001823 2.867920 1.000000 0.003457 -0.075988 2.851835 1.000000 -0.271900 0.116915 2.863125 1.000000 -0.308703 -0.412225 2.889511 1.000000 -0.322927 -0.813588 3.012089 1.000000 -0.337655 -0.865202 2.938879 1.000000 -0.124970 0.114423 2.881111 1.000000 -0.076120 -0.405162 2.890200 1.000000 -0.036385 -0.791840 2.993064 1.000000 -0.026427 -0.842860 2.899771 1.000000
1642013581 -0.203569 0.185563 2.879583 1.000000 -0.206347 0.255577 2.901851 1.000000 -0.207213 0.611578 2.885063 1.000000 -0.188005 0.769416 2.797597 1.000000 -0.365067 0.510049 2.884497 1.000000 -0.411507 0.221580 2.872746 1.000000 -0.422489 -0.006267 2.860010 1.000000 -0.433795 -0.109060 2.869159 1.000000 -0.040394 0.500980 2.916912 1.000000 -0.018996 0.217773 2.897411 1.000000 0.014884 -0.002399 2.867007 1.000000 0.016405 -0.105005 2.851269 1.000000 -0.277485 0.113647 2.868407 1.000000 -0.309504 -0.410682 2.896661 1.000000 -0.324822 -0.810477 3.011148 1.000000 -0.338826 -0.868492 2.942739 1.000000 -0.129487 0.111223 2.885200 1.000000 -0.080030 -0.402996 2.892837 1.000000 -0.037557 -0.791128 2.993387 1.000000 -0.028290 -0.842368 2.900136 1.000000
1642046645 -0.206413 0.184420 2.883223 1.000000 -0.208756 0.254821 2.903700 1.000000 -0.208044 0.611215 2.885016 1.000000 -0.188279 0.768975 2.800424 1.000000 -0.365285 0.509819 2.884921 1.000000 -0.415316 0.220777 2.877161 1.000000 -0.438965 -0.061737 2.864332 1.000000 -0.441102 -0.152396 2.869181 1.000000 -0.041734 0.501062 2.917412 1.000000 -0.017179 0.216946 2.899840 1.000000 0.017136 -0.064392 2.844800 1.000000 0.022072 -0.153977 2.839645 1.000000 -0.280120 0.112862 2.873451 1.000000 -0.310253 -0.408810 2.901758 1.000000 -0.324871 -0.810340 3.011230 1.000000 -0.337363 -0.870797 2.944652 1.000000 -0.132953 0.110248 2.889103 1.000000 -0.082948 -0.404973 2.898391 1.000000 -0.038546 -0.790962 2.997065 1.000000 -0.029260 -0.842426 2.903924 1.000000
1642079866 -0.206146 0.185381 2.886723 1.000000 -0.208478 0.256130 2.905048 1.000000 -0.207837 0.613227 2.884556 1.000000 -0.173183 0.790542 2.806290 1.000000 -0.364968 0.511040 2.885938 1.000000 -0.418012 0.222377 2.881075 1.000000 -0.456787 0.000102 2.862379 1.000000 -0.448821 -0.103414 2.862171 1.000000 -0.042330 0.502005 2.918547 1.000000 -0.012666 0.224052 2.904772 1.000000 0.019746 -0.052340 2.843829 1.000000 0.025888 -0.151753 2.837597 1.000000 -0.278946 0.114644 2.879453 1.000000 -0.310487 -0.407059 2.903659 1.000000 -0.324847 -0.809579 3.012002 1.000000 -0.315530 -0.861285 2.918975 1.000000 -0.133096 0.111340 2.892649 1.000000 -0.084360 -0.404704 2.900648 1.000000 -0.038996 -0.790919 2.996858 1.000000 -0.029679 -0.842624 2.903831 1.000000
1642113741 -0.204379 0.187374 2.891026 1.000000 -0.206795 0.258254 2.906852 1.000000 -0.206928 0.614707 2.884216 1.000000 -0.173538 0.793370 2.809098 1.000000 -0.364187 0.513715 2.888231 1.000000 -0.425625 0.229313 2.887109 1.000000 -0.460596 0.003288 2.858992 1.000000 -0.462530 -0.098018 2.836396 1.000000 -0.041892 0.503023 2.920470 1.000000 -0.010021 0.225917 2.905368 1.000000 0.023102 0.006771 2.846753 1.000000 0.029238 -0.096234 2.835372 1.000000 -0.277037 0.116519 2.884293 1.000000 -0.311004 -0.414018 2.907831 1.000000 -0.322421 -0.813411 3.017326 1.000000 -0.323137 -0.858919 2.938739 1.000000 -0.131029 0.113458 2.897949 1.000000 -0.084673 -0.404186 2.902524 1.000000 -0.039670 -0.790816 2.996866 1.000000 -0.030487 -0.842801 2.903978 1.000000
1642158004 -0.201728 0.189871 2.895218 1.000000 -0.204001 0.261069 2.908543 1.000000 -0.204631 0.617865 2.883806 1.000000 -0.174218 0.796251 2.810413 1.000000 -0.363863 0.518416 2.892560 1.000000 -0.436704 0.243226 2.892136 1.000000 -0.465132 0.015491 2.843852 1.000000 -0.466850 -0.083494 2.812629 1.000000 -0.041099 0.504510 2.923335 1.000000 -0.007304 0.226821 2.906793 1.000000 0.024692 0.005188 2.844859 1.000000 0.031564 -0.096988 2.827871 1.000000 -0.274694 0.118392 2.887464 1.000000 -0.310222 -0.413517 2.909372 1.000000 -0.321691 -0.814123 3.019146 1.000000 -0.324068 -0.857898 2.939608 1.000000 -0.127874 0.115765 2.904492 1.000000 -0.083327 -0.403477 2.904730 1.000000 -0.039205 -0.791365 2.997399 1.000000 -0.030513 -0.843646 2.904623 1.000000
1642190460 -0.198553 0.193903 2.900014 1.000000 -0.200954 0.265332 2.911333 1.000000 -0.202898 0.621935 2.885923 1.000000 -0.169582 0.805621 2.814063 1.000000 -0.362611 0.520906 2.895272 1.000000 -0.440965 0.253068 2.896516 1.000000 -0.465443 0.014454 2.833678 1.000000 -0.466469 -0.083380 2.798688 1.000000 -0.039121 0.507140 2.928154 1.000000 -0.003321 0.227609 2.909300 1.000000 0.026948 -0.000831 2.839169 1.000000 0.031648 -0.103286 2.822499 1.000000 -0.271096 0.122462 2.892137 1.000000 -0.309005 -0.411749 2.913950 1.000000 -0.322599 -0.813398 3.019653 1.000000 -0.313063 -0.870427 2.949608 1.000000 -0.124763 0.119160 2.909257 1.000000 -0.081399 -0.401117 2.912516 1.000000 -0.039280 -0.792075 2.999254 1.000000 -0.030016 -0.844528 2.906621 1.000000
1642221740 -0.196740 0.195733 2.903418 1.000000 -0.198692 0.267227 2.914288 1.000000 -0.199023 0.625172 2.893871 1.000000 -0.173855 0.798142 2.822256 1.000000 -0.363214 0.522413 2.898037 1.000000 -0.443335 0.257710 2.898765 1.000000 -0.468029 0.026665 2.825945 1.000000 -0.462173 -0.072709 2.795794 1.000000 -0.038117 0.508038 2.930958 1.000000 0.000320 0.229597 2.910978 1.000000 0.026992 -0.000912 2.838815 1.000000 0.030781 -0.103107 2.819833 1.000000 -0.270071 0.123655 2.894030 1.000000 -0.308002 -0.410629 2.917034 1.000000 -0.323265 -0.812956 3.020007 1.000000 -0.313753 -0.870054 2.950007 1.000000 -0.122805 0.120108 2.912367 1.000000 -0.080790 -0.399291 2.917450 1.000000 -0.039175 -0.792187 2.999350 1.000000 -0.029890 -0.844360 2.906553 1.000000
1642263771 -0.195256 0.197689 2.906366 1.000000 -0.197137 0.269341 2.916039 1.000000 -0.197402 0.627860 2.896229 1.000000 -0.171082 0.801734 2.824707 1.000000 -0.361425 0.524054 2.899515 1.000000 -0.443840 0.259786 2.900214 1.000000 -0.467012 0.027081 2.825845 1.000000 -0.458482 -0.071429 2.793231 1.000000 -0.036041 0.512605 2.934620 1.000000 0.002570 0.235713 2.913159 1.000000 0.028494 0.004975 2.834305 1.000000 0.029594 -0.097032 2.813479 1.000000 -0.268248 0.125960 2.897253 1.000000 -0.303970 -0.411145 2.924736 1.000000 -0.322792 -0.811403 3.018421 1.000000 -0.318000 -0.856687 2.939819 1.000000 -0.121579 0.122078 2.915112 1.000000 -0.079748 -0.399561 2.927140 1.000000 -0.038511 -0.793955 3.002347 1.000000 -0.028607 -0.846171 2.909629 1.000000
1642297721 -0.193717 0.200169 2.908141 1.000000 -0.195175 0.272067 2.916884 1.000000 -0.192668 0.632209 2.898462 1.000000 -0.166517 0.809026 2.829621 1.000000 -0.358611 0.527988 2.901689 1.000000 -0.443156 0.261107 2.901136 1.000000 -0.462014 0.013273 2.818829 1.000000 -0.453549 -0.075740 2.790904 1.000000 -0.033094 0.516834 2.939321 1.000000 0.004636 0.240819 2.916606 1.000000 0.025060 0.016631 2.839717 1.000000 0.026581 -0.081513 2.804698 1.000000 -0.267089 0.128562 2.898654 1.000000 -0.299709 -0.403504 2.929539 1.000000 -0.323493 -0.810175 3.018088 1.000000 -0.320437 -0.858995 2.941529 1.000000 -0.120381 0.124181 2.916964 1.000000 -0.079084 -0.399094 2.931254 1.000000 -0.038515 -0.794141 3.002763 1.000000 -0.027871 -0.846359 2.910112 1.000000
1642330787 -0.192068 0.202475 2.909562 1.000000 -0.193368 0.274582 2.917661 1.000000 -0.189888 0.635883 2.900965 1.000000 -0.165498 0.816676 2.830885 1.000000 -0.355172 0.530582 2.903042 1.000000 -0.439888 0.265517 2.903911 1.000000 -0.447728 -0.003471 2.801770 1.000000 -0.441844 -0.079266 2.789193 1.000000 -0.029923 0.520865 2.944592 1.000000 0.006424 0.244843 2.919935 1.000000 0.020330 0.013104 2.837351 1.000000 0.024639 -0.084607 2.801259 1.000000 -0.265394 0.131178 2.899755 1.000000 -0.298844 -0.401446 2.931456 1.000000 -0.323972 -0.809435 3.019104 1.000000 -0.299192 -0.893137 2.993843 1.000000 -0.119037 0.126463 2.918355 1.000000 -0.076859 -0.396181 2.938450 1.000000 -0.037955 -0.795670 3.006813 1.000000 -0.026146 -0.847845 2.914248 1.000000
1642374721 -0.191140 0.202817 2.911308 1.000000 -0.192648 0.274569 2.919058 1.000000 -0.191060 0.633751 2.904948 1.000000 -0.172709 0.794098 2.838447 1.000000 -0.355418 0.530245 2.903667 1.000000 -0.433523 0.266967 2.907389 1.000000 -0.437183 0.002914 2.797825 1.000000 -0.424994 -0.072379 2.786986 1.000000 -0.029595 0.521712 2.945694 1.000000 0.008803 0.255682 2.924147 1.000000 0.017991 0.003021 2.823283 1.000000 0.015775 -0.088732 2.790603 1.000000 -0.264653 0.131163 2.901177 1.000000 -0.297970 -0.402798 2.935547 1.000000 -0.322239 -0.807840 3.019820 1.000000 -0.343121 -0.855909 2.945574 1.000000 -0.117408 0.126820 2.919909 1.000000 -0.073090 -0.396316 2.947529 1.000000 -0.038482 -0.797871 3.017921 1.000000 -0.002844 -0.879533 3.000023 1.000000
1642407180 -0.190395 0.203854 2.912876 1.000000 -0.191852 0.275685 2.920387 1.000000 -0.190083 0.635410 2.907133 1.000000 -0.169389 0.813223 2.833011 1.000000 -0.353703 0.531562 2.905712 1.000000 -0.428148 0.271500 2.907279 1.000000 -0.407959 0.048462 2.827220 1.000000 -0.401841 -0.050717 2.795775 1.000000 -0.028941 0.524561 2.949061 1.000000 0.009143 0.263512 2.928505 1.000000 0.012922 0.051430 2.843620 1.000000 0.007077 -0.046215 2.807649 1.000000 -0.263797 0.132274 2.902477 1.000000 -0.296289 -0.407264 2.944205 1.000000 -0.321884 -0.807612 3.019469 1.000000 -0.342721 -0.870211 2.956961 1.000000 -0.116852 0.128185 2.921505 1.000000 -0.069346 -0.392286 2.957708 1.000000 -0.038409 -0.797645 3.017306 1.000000 -0.002568 -0.877808 2.993870 1.000000
1642438569 -0.189235 0.205570 2.915163 1.000000 -0.190643 0.277574 2.922420 1.000000 -0.189143 0.638411 2.909633 1.000000 -0.162410 0.823514 2.836380 1.000000 -0.349094 0.534071 2.909376 1.000000 -0.418894 0.274257 2.910733 1.000000 -0.400891 0.055806 2.828103 1.000000 -0.390716 -0.042033 2.793678 1.000000 -0.025689 0.527084 2.951508 1.000000 0.008913 0.271123 2.934570 1.000000 0.008450 0.058221 2.852062 1.000000 -0.005721 -0.035172 2.808038 1.000000 -0.262497 0.134635 2.905032 1.000000 -0.294859 -0.409517 2.954682 1.000000 -0.320666 -0.808358 3.019622 1.000000 -0.342371 -0.869695 2.956161 1.000000 -0.115756 0.129623 2.923419 1.000000 -0.067257 -0.393760 2.965174 1.000000 -0.038461 -0.797948 3.018928 1.000000 -0.002847 -0.878857 2.997808 1.000000
1642480641 -0.188149 0.206287 2.916633 1.000000 -0.189439 0.278238 2.923861 1.000000 -0.187721 0.638943 2.912091 1.000000 -0.162742 0.823090 2.837070 1.000000 -0.347459 0.535269 2.911423 1.000000 -0.410920 0.275801 2.911630 1.000000 -0.392175 0.064008 2.828276 1.000000 -0.377904 -0.032494 2.791625 1.000000 -0.025107 0.527644 2.952339 1.000000 0.008446 0.277922 2.938376 1.000000 0.004184 0.064848 2.856547 1.000000 -0.017469 -0.028437 2.815454 1.000000 -0.261450 0.135593 2.906343 1.000000 -0.293667 -0.413743 2.962130 1.000000 -0.320619 -0.808642 3.019528 1.000000 -0.330428 -0.862577 2.947029 1.000000 -0.114790 0.130356 2.924601 1.000000 -0.065575 -0.394386 2.971326 1.000000 -0.038166 -0.797607 3.019068 1.000000 -0.002409 -0.876761 2.992286 1.000000
1642513862 -0.185620 0.209410 2.920263 1.000000 -0.186782 0.281177 2.927621 1.000000 -0.184814 0.641215 2.916805 1.000000 -0.160913 0.823128 2.839697 1.000000 -0.344381 0.537746 2.914764 1.000000 -0.402591 0.277167 2.917551 1.000000 -0.383463 0.069206 2.823631 1.000000 -0.357063 -0.016096 2.769923 1.000000 -0.023025 0.530508 2.953607 1.000000 0.008009 0.287138 2.943779 1.000000 -0.003990 0.074124 2.862731 1.000000 -0.022954 -0.019164 2.820357 1.000000 -0.259144 0.138351 2.908849 1.000000 -0.293956 -0.411740 2.965677 1.000000 -0.320814 -0.808628 3.023747 1.000000 -0.328012 -0.861203 2.949950 1.000000 -0.112291 0.134056 2.928808 1.000000 -0.064582 -0.394017 2.977126 1.000000 -0.036023 -0.797847 3.023970 1.000000 -0.004821 -0.874484 2.986352 1.000000
1642547713 -0.182544 0.211741 2.923493 1.000000 -0.184332 0.283186 2.930555 1.000000 -0.184532 0.642096 2.919317 1.000000 -0.160028 0.825157 2.840764 1.000000 -0.342199 0.539181 2.916531 1.000000 -0.399562 0.279026 2.921900 1.000000 -0.374700 0.076136 2.817329 1.000000 -0.337021 -0.009127 2.772756 1.000000 -0.021608 0.533408 2.956272 1.000000 0.007151 0.285972 2.946197 1.000000 -0.010756 0.074043 2.863103 1.000000 -0.030815 -0.018853 2.820396 1.000000 -0.255310 0.140849 2.911746 1.000000 -0.294308 -0.408936 2.968822 1.000000 -0.319721 -0.805351 3.025528 1.000000 -0.329449 -0.858499 2.952433 1.000000 -0.108585 0.137249 2.932620 1.000000 -0.064203 -0.394159 2.978839 1.000000 -0.034917 -0.796024 3.028322 1.000000 -0.007025 -0.869743 2.983047 1.000000
1642590521 -0.178707 0.214078 2.926250 1.000000 -0.180721 0.285456 2.932550 1.000000 -0.182796 0.643574 2.919853 1.000000 -0.152289 0.829379 2.843640 1.000000 -0.336500 0.542437 2.920960 1.000000 -0.394616 0.281857 2.922839 1.000000 -0.345055 0.052922 2.788938 1.000000 -0.325837 -0.018457 2.767153 1.000000 -0.019443 0.534284 2.957820 1.000000 0.007746 0.286532 2.947104 1.000000 -0.012545 0.074439 2.865196 1.000000 -0.034205 -0.017951 2.822002 1.000000 -0.250881 0.143715 2.914018 1.000000 -0.293728 -0.407720 2.970998 1.000000 -0.317947 -0.801973 3.026835 1.000000 -0.330816 -0.856550 2.955290 1.000000 -0.104555 0.139772 2.936825 1.000000 -0.063164 -0.393874 2.980833 1.000000 -0.033170 -0.794141 3.030924 1.000000 -0.012096 -0.860708 2.972720 1.000000
1642621964 -0.176762 0.215902 2.929201 1.000000 -0.178612 0.287106 2.934740 1.000000 -0.181064 0.644186 2.921081 1.000000 -0.152094 0.829867 2.843830 1.000000 -0.334581 0.543910 2.924711 1.000000 -0.388074 0.283886 2.925807 1.000000 -0.348207 0.085961 2.815850 1.000000 -0.320589 -0.001504 2.773443 1.000000 -0.016534 0.534628 2.959079 1.000000 0.008730 0.287809 2.947646 1.000000 -0.023567 0.067250 2.865731 1.000000 -0.040638 -0.026229 2.822852 1.000000 -0.249698 0.144927 2.916210 1.000000 -0.291646 -0.403401 2.975009 1.000000 -0.317726 -0.800899 3.028763 1.000000 -0.341776 -0.858415 2.962609 1.000000 -0.102151 0.141383 2.940682 1.000000 -0.062204 -0.393551 2.982789 1.000000 -0.033218 -0.795045 3.032148 1.000000 -0.012513 -0.860895 2.973005 1.000000
1642663738 -0.175691 0.216032 2.931080 1.000000 -0.177640 0.287086 2.935791 1.000000 -0.180924 0.643492 2.921716 1.000000 -0.154054 0.817926 2.845123 1.000000 -0.334344 0.543829 2.926278 1.000000 -0.385520 0.284602 2.926938 1.000000 -0.345931 0.086945 2.816345 1.000000 -0.310607 -0.001789 2.774404 1.000000 -0.016503 0.534610 2.959146 1.000000 0.009562 0.288065 2.948286 1.000000 -0.031477 0.045742 2.856503 1.000000 -0.045222 -0.048232 2.813368 1.000000 -0.248419 0.144924 2.918425 1.000000 -0.291143 -0.400685 2.975829 1.000000 -0.317618 -0.799481 3.033486 1.000000 -0.339322 -0.853322 2.963529 1.000000 -0.100831 0.141820 2.942816 1.000000 -0.061461 -0.391951 2.984396 1.000000 -0.033137 -0.794985 3.032035 1.000000 -0.012197 -0.863460 2.976031 1.000000
1642697718 -0.173816 0.215978 2.932830 1.000000 -0.175844 0.287169 2.936625 1.000000 -0.179973 0.643783 2.922007 1.000000 -0.152457 0.819351 2.844579 1.000000 -0.333388 0.543926 2.927121 1.000000 -0.380495 0.286710 2.932112 1.000000 -0.342178 0.085711 2.828124 1.000000 -0.306466 -0.000433 2.781407 1.000000 -0.015833 0.534703 2.960438 1.000000 0.011133 0.287894 2.948602 1.000000 -0.031164 0.045255 2.857339 1.000000 -0.045612 -0.048948 2.815384 1.000000 -0.245913 0.145168 2.920996 1.000000 -0.291068 -0.398690 2.976357 1.000000 -0.319653 -0.796454 3.034722 1.000000 -0.334041 -0.850039 2.962709 1.000000 -0.099293 0.141857 2.944340 1.000000 -0.061199 -0.391987 2.984754 1.000000 -0.032975 -0.795996 3.033531 1.000000 -0.014486 -0.868265 2.981575 1.000000
1642730853 -0.172570 0.215851 2.934868 1.000000 -0.174573 0.287163 2.937793 1.000000 -0.179318 0.644037 2.922838 1.000000 -0.152128 0.820902 2.843829 1.000000 -0.332374 0.543585 2.928245 1.000000 -0.378547 0.289588 2.934481 1.000000 -0.333899 0.076525 2.841860 1.000000 -0.295907 -0.003240 2.786445 1.000000 -0.014894 0.535295 2.960798 1.000000 0.013256 0.288714 2.949817 1.000000 -0.002852 0.072924 2.879515 1.000000 -0.030113 -0.017951 2.836209 1.000000 -0.244621 0.145250 2.923051 1.000000 -0.291450 -0.400507 2.977166 1.000000 -0.318497 -0.797585 3.034597 1.000000 -0.332471 -0.845429 2.958569 1.000000 -0.097997 0.141492 2.946650 1.000000 -0.060670 -0.393215 2.985340 1.000000 -0.033678 -0.797423 3.032901 1.000000 -0.012467 -0.870793 2.983591 1.000000
1642763935 -0.171197 0.216945 2.936965 1.000000 -0.173186 0.288038 2.939013 1.000000 -0.178556 0.643958 2.923945 1.000000 -0.150374 0.821980 2.841893 1.000000 -0.331486 0.543301 2.929528 1.000000 -0.377274 0.291826 2.935884 1.000000 -0.333248 0.074389 2.844059 1.000000 -0.293565 -0.005648 2.790265 1.000000 -0.013130 0.535360 2.960804 1.000000 0.015318 0.289510 2.951768 1.000000 -0.002176 0.074435 2.879284 1.000000 -0.028354 -0.017792 2.838256 1.000000 -0.243571 0.146069 2.924966 1.000000 -0.291110 -0.401116 2.977899 1.000000 -0.318344 -0.798491 3.034785 1.000000 -0.333264 -0.846027 2.958744 1.000000 -0.096235 0.142430 2.948969 1.000000 -0.059912 -0.394714 2.985143 1.000000 -0.033850 -0.797921 3.033551 1.000000 -0.011721 -0.871731 2.985312 1.000000
1642807925 -0.170481 0.217701 2.937927 1.000000 -0.172151 0.288708 2.939665 1.000000 -0.176596 0.643979 2.926314 1.000000 -0.149906 0.822443 2.842498 1.000000 -0.329992 0.545740 2.934006 1.000000 -0.376445 0.292383 2.936238 1.000000 -0.337111 0.084100 2.851293 1.000000 -0.296791 0.002783 2.799969 1.000000 -0.012144 0.535331 2.960528 1.000000 0.018718 0.290648 2.954839 1.000000 -0.001537 0.076536 2.879858 1.000000 -0.027279 -0.016198 2.839732 1.000000 -0.242971 0.146849 2.925756 1.000000 -0.290764 -0.401207 2.978124 1.000000 -0.317013 -0.798790 3.034658 1.000000 -0.333071 -0.843843 2.957347 1.000000 -0.095770 0.142854 2.949642 1.000000 -0.059707 -0.394784 2.985214 1.000000 -0.032696 -0.798263 3.030793 1.000000 -0.012584 -0.873942 2.984610 1.000000
1642840554 -0.169470 0.218130 2.938782 1.000000 -0.170931 0.289097 2.940411 1.000000 -0.174687 0.644113 2.928524 1.000000 -0.149191 0.821828 2.844601 1.000000 -0.328890 0.546284 2.934948 1.000000 -0.374545 0.292402 2.936264 1.000000 -0.336570 0.082844 2.850913 1.000000 -0.295446 -0.000755 2.804107 1.000000 -0.010535 0.536030 2.960587 1.000000 0.021677 0.289345 2.956734 1.000000 0.000991 0.076161 2.878805 1.000000 -0.026055 -0.016466 2.839313 1.000000 -0.241413 0.147513 2.927637 1.000000 -0.290331 -0.401199 2.978346 1.000000 -0.316273 -0.798268 3.034573 1.000000 -0.332493 -0.843180 2.957209 1.000000 -0.095298 0.143163 2.949678 1.000000 -0.059222 -0.394496 2.985113 1.000000 -0.033365 -0.798445 3.030713 1.000000 -0.011989 -0.873855 2.984651 1.000000
1642871937 -0.168645 0.218063 2.939596 1.000000 -0.169927 0.288918 2.941260 1.000000 -0.173118 0.643299 2.930595 1.000000 -0.148583 0.821645 2.845427 1.000000 -0.327832 0.546905 2.936651 1.000000 -0.373967 0.293095 2.936852 1.000000 -0.335070 0.083587 2.850500 1.000000 -0.295115 -0.001007 2.804495 1.000000 -0.010054 0.535832 2.960820 1.000000 0.022349 0.288063 2.958134 1.000000 0.003727 0.074721 2.880152 1.000000 -0.023586 -0.018735 2.842885 1.000000 -0.240565 0.147761 2.928667 1.000000 -0.289646 -0.401526 2.979259 1.000000 -0.316179 -0.797979 3.034355 1.000000 -0.332507 -0.843267 2.957232 1.000000 -0.094778 0.143058 2.949937 1.000000 -0.057809 -0.396250 2.985777 1.000000 -0.032797 -0.798020 3.030876 1.000000 -0.012533 -0.873598 2.984584 1.000000
1642903716 -0.167718 0.217976 2.940292 1.000000 -0.168691 0.288792 2.942103 1.000000 -0.169984 0.643104 2.932430 1.000000 -0.146853 0.822432 2.845430 1.000000 -0.326252 0.547574 2.937568 1.000000 -0.373467 0.294056 2.937070 1.000000 -0.335875 0.078309 2.847851 1.000000 -0.295073 -0.006663 2.803331 1.000000 -0.008254 0.535895 2.962046 1.000000 0.023941 0.288295 2.958811 1.000000 0.004731 0.075184 2.880296 1.000000 -0.021756 -0.019474 2.845577 1.000000 -0.239919 0.147750 2.929248 1.000000 -0.288589 -0.405329 2.979570 1.000000 -0.316882 -0.800775 3.034746 1.000000 -0.328487 -0.845280 2.956320 1.000000 -0.094202 0.143004 2.950289 1.000000 -0.056846 -0.396570 2.986128 1.000000 -0.032833 -0.798046 3.030851 1.000000 -0.013702 -0.873631 2.984087 1.000000
1642946563 -0.165844 0.217674 2.940787 1.000000 -0.166837 0.288447 2.942835 1.000000 -0.168382 0.642686 2.933883 1.000000 -0.146914 0.822488 2.845916 1.000000 -0.324829 0.547110 2.937879 1.000000 -0.372700 0.293370 2.937250 1.000000 -0.335101 0.043313 2.840296 1.000000 -0.288326 -0.028379 2.804416 1.000000 -0.007225 0.536228 2.962456 1.000000 0.025087 0.286783 2.959827 1.000000 0.005948 0.073836 2.880798 1.000000 -0.020633 -0.021408 2.847823 1.000000 -0.237793 0.147635 2.929621 1.000000 -0.288525 -0.405284 2.979520 1.000000 -0.317137 -0.800776 3.033267 1.000000 -0.331286 -0.848221 2.957008 1.000000 -0.092645 0.142808 2.950440 1.000000 -0.056307 -0.396587 2.985929 1.000000 -0.032478 -0.798431 3.030977 1.000000 -0.013845 -0.873782 2.983631 1.000000
1642980902 -0.164375 0.217226 2.941460 1.000000 -0.165356 0.288025 2.943673 1.000000 -0.167092 0.642490 2.934873 1.000000 -0.146383 0.823744 2.847986 1.000000 -0.323673 0.547070 2.938806 1.000000 -0.371545 0.292429 2.937788 1.000000 -0.344736 0.079535 2.861371 1.000000 -0.303068 -0.006230 2.819274 1.000000 -0.007100 0.536160 2.962602 1.000000 0.025685 0.286738 2.959825 1.000000 0.006879 0.073549 2.881533 1.000000 -0.017488 -0.022731 2.849905 1.000000 -0.235788 0.147509 2.930340 1.000000 -0.288156 -0.405026 2.979601 1.000000 -0.316983 -0.796297 3.031034 1.000000 -0.331736 -0.848410 2.958000 1.000000 -0.091781 0.142590 2.950801 1.000000 -0.055973 -0.396578 2.986127 1.000000 -0.032366 -0.798451 3.031032 1.000000 -0.014415 -0.874086 2.983867 1.000000
1643024848 -0.163376 0.216958 2.941874 1.000000 -0.164282 0.287722 2.944489 1.000000 -0.165644 0.642192 2.936688 1.000000 -0.146951 0.819647 2.849250 1.000000 -0.323049 0.546274 2.939916 1.000000 -0.371263 0.291806 2.937851 1.000000 -0.344839 0.079071 2.860785 1.000000 -0.311471 -0.013760 2.826944 1.000000 -0.006194 0.536020 2.962899 1.000000 0.025811 0.286616 2.959824 1.000000 0.006284 0.063044 2.879979 1.000000 -0.020186 -0.032834 2.848628 1.000000 -0.234856 0.147111 2.930610 1.000000 -0.287986 -0.405072 2.979527 1.000000 -0.317018 -0.794808 3.029109 1.000000 -0.331224 -0.848941 2.957442 1.000000 -0.090846 0.142372 2.950969 1.000000 -0.055228 -0.397188 2.986418 1.000000 -0.032436 -0.798466 3.031075 1.000000 -0.015311 -0.874264 2.983854 1.000000
1643057353 -0.162151 0.216569 2.942395 1.000000 -0.162866 0.287320 2.945917 1.000000 -0.162607 0.642468 2.940607 1.000000 -0.142870 0.823609 2.850285 1.000000 -0.321623 0.546460 2.940155 1.000000 -0.369799 0.290466 2.938767 1.000000 -0.344765 0.077952 2.860448 1.000000 -0.316758 -0.019024 2.833986 1.000000 -0.005744 0.535654 2.963106 1.000000 0.026183 0.284448 2.960234 1.000000 0.017241 0.067573 2.893096 1.000000 0.000046 -0.031134 2.863939 1.000000 -0.233258 0.146921 2.930905 1.000000 -0.287465 -0.404564 2.979135 1.000000 -0.316758 -0.795368 3.029222 1.000000 -0.338861 -0.853059 2.962493 1.000000 -0.090357 0.142249 2.951068 1.000000 -0.054509 -0.397904 2.986108 1.000000 -0.032004 -0.798147 3.030976 1.000000 -0.015890 -0.874516 2.984310 1.000000
1643088823 -0.161391 0.215395 2.942901 1.000000 -0.162276 0.286086 2.947392 1.000000 -0.162904 0.640940 2.943172 1.000000 -0.146337 0.801728 2.858370 1.000000 -0.321154 0.545129 2.940352 1.000000 -0.368684 0.288577 2.939085 1.000000 -0.345273 0.075541 2.861912 1.000000 -0.317333 -0.023811 2.846529 1.000000 -0.005775 0.535478 2.963089 1.000000 0.026543 0.283648 2.960729 1.000000 0.019574 0.066128 2.895998 1.000000 0.000847 -0.032291 2.866823 1.000000 -0.232013 0.145585 2.931562 1.000000 -0.287165 -0.404581 2.979235 1.000000 -0.314721 -0.801119 3.030934 1.000000 -0.342120 -0.851856 2.960606 1.000000 -0.089912 0.141751 2.950948 1.000000 -0.053664 -0.398564 2.985837 1.000000 -0.032411 -0.798681 3.030877 1.000000 -0.015043 -0.875713 2.985761 1.000000
1643130657 -0.160960 0.214973 2.942984 1.000000 -0.161832 0.285515 2.948450 1.000000 -0.162069 0.639744 2.944835 1.000000 -0.145839 0.798863 2.859539 1.000000 -0.320660 0.544822 2.940691 1.000000 -0.367187 0.286286 2.939366 1.000000 -0.346904 0.072369 2.864119 1.000000 -0.318902 -0.026743 2.847395 1.000000 -0.005801 0.535348 2.963184 1.000000 0.026961 0.282370 2.960578 1.000000 0.022504 0.064982 2.895038 1.000000 0.002609 -0.033363 2.866411 1.000000 -0.231487 0.145465 2.931414 1.000000 -0.285743 -0.401196 2.977314 1.000000 -0.314977 -0.800561 3.030608 1.000000 -0.338281 -0.852357 2.959572 1.000000 -0.089672 0.141354 2.950874 1.000000 -0.053313 -0.398218 2.986085 1.000000 -0.031993 -0.798773 3.029919 1.000000 -0.014955 -0.876600 2.986046 1.000000
1643164662 -0.159620 0.215288 2.943494 1.000000 -0.160209 0.285953 2.949924 1.000000 -0.158323 0.641434 2.946094 1.000000 -0.129934 0.831643 2.863369 1.000000 -0.319020 0.545201 2.940446 1.000000 -0.367090 0.286230 2.939314 1.000000 -0.347276 0.071397 2.867194 1.000000 -0.336914 -0.006329 2.854550 1.000000 -0.004368 0.535574 2.963810 1.000000 0.027887 0.283355 2.960774 1.000000 0.024255 0.065612 2.896703 1.000000 0.003078 -0.032300 2.867406 1.000000 -0.230270 0.145785 2.931578 1.000000 -0.285477 -0.401011 2.977246 1.000000 -0.316003 -0.803173 3.031948 1.000000 -0.338029 -0.853635 2.959549 1.000000 -0.088843 0.141618 2.951300 1.000000 -0.052977 -0.398237 2.985930 1.000000 -0.031987 -0.798703 3.029636 1.000000 -0.014486 -0.875429 2.984029 1.000000
1643197594 -0.158711 0.215778 2.943865 1.000000 -0.159439 0.286466 2.951057 1.000000 -0.157837 0.642128 2.946512 1.000000 -0.129549 0.831349 2.863645 1.000000 -0.318176 0.545492 2.940301 1.000000 -0.366606 0.286096 2.939215 1.000000 -0.347442 0.070835 2.868485 1.000000 -0.336914 -0.006175 2.854495 1.000000 -0.002670 0.535795 2.965250 1.000000 0.027949 0.283399 2.960816 1.000000 0.024445 0.065337 2.898151 1.000000 0.002514 -0.032055 2.867575 1.000000 -0.229167 0.146332 2.931571 1.000000 -0.285299 -0.400679 2.977180 1.000000 -0.316318 -0.803449 3.032395 1.000000 -0.336444 -0.853050 2.958849 1.000000 -0.088075 0.141899 2.951796 1.000000 -0.052444 -0.398772 2.985970 1.000000 -0.032037 -0.798803 3.030038 1.000000 -0.013982 -0.875672 2.984874 1.000000
1643241593 -0.158158 0.215779 2.944263 1.000000 -0.158887 0.286526 2.952303 1.000000 -0.157053 0.643017 2.947710 1.000000 -0.129489 0.830759 2.863912 1.000000 -0.317574 0.545537 2.940415 1.000000 -0.366245 0.285524 2.939907 1.000000 -0.347460 0.070008 2.870038 1.000000 -0.325305 -0.030985 2.855553 1.000000 -0.002646 0.535790 2.965299 1.000000 0.027965 0.283489 2.960860 1.000000 0.024553 0.065310 2.898732 1.000000 0.003431 -0.032018 2.867407 1.000000 -0.228441 0.146516 2.931790 1.000000 -0.285190 -0.400728 2.977246 1.000000 -0.316220 -0.803094 3.032369 1.000000 -0.333299 -0.847691 2.954940 1.000000 -0.087766 0.141939 2.952082 1.000000 -0.051848 -0.398871 2.985781 1.000000 -0.032442 -0.798109 3.028657 1.000000 -0.013055 -0.876219 2.986245 1.000000
1643274052 -0.157639 0.215564 2.944315 1.000000 -0.158388 0.286394 2.953205 1.000000 -0.155942 0.644054 2.948731 1.000000 -0.129826 0.829370 2.862586 1.000000 -0.316888 0.545464 2.940524 1.000000 -0.366100 0.285301 2.939936 1.000000 -0.347494 0.069725 2.870252 1.000000 -0.327129 -0.031328 2.853487 1.000000 -0.002617 0.535757 2.965169 1.000000 0.028358 0.283982 2.960742 1.000000 0.024571 0.065693 2.899162 1.000000 0.005543 -0.031987 2.867477 1.000000 -0.227763 0.146385 2.931750 1.000000 -0.285098 -0.400970 2.977192 1.000000 -0.317323 -0.801210 3.031457 1.000000 -0.333862 -0.848836 2.955724 1.000000 -0.087542 0.141908 2.952009 1.000000 -0.051427 -0.398923 2.985642 1.000000 -0.031677 -0.797682 3.028855 1.000000 -0.013985 -0.876108 2.986268 1.000000
1643305190 -0.157411 0.214657 2.944183 1.000000 -0.158190 0.285462 2.954067 1.000000 -0.155621 0.642897 2.949873 1.000000 -0.143155 0.800843 2.860628 1.000000 -0.317229 0.544322 2.940650 1.000000 -0.364400 0.281797 2.938928 1.000000 -0.347831 0.065932 2.869726 1.000000 -0.326788 -0.034648 2.851076 1.000000 -0.002821 0.534849 2.964840 1.000000 0.029567 0.280962 2.958885 1.000000 0.031316 0.062475 2.898101 1.000000 0.008804 -0.034776 2.867399 1.000000 -0.227643 0.145496 2.931548 1.000000 -0.284694 -0.401402 2.976595 1.000000 -0.317197 -0.799488 3.031210 1.000000 -0.341250 -0.852821 2.961525 1.000000 -0.087254 0.140899 2.951396 1.000000 -0.050832 -0.399378 2.984424 1.000000 -0.031764 -0.797403 3.028630 1.000000 -0.014687 -0.876089 2.986255 1.000000
1643347754 -0.157337 0.214657 2.944038 1.000000 -0.158171 0.285442 2.954664 1.000000 -0.155691 0.642969 2.949707 1.000000 -0.144631 0.802331 2.860529 1.000000 -0.317277 0.544291 2.940676 1.000000 -0.363454 0.280873 2.935658 1.000000 -0.347916 0.064299 2.868974 1.000000 -0.319616 -0.034429 2.850045 1.000000 -0.002313 0.535127 2.964351 1.000000 0.031747 0.282032 2.951593 1.000000 0.034309 0.064557 2.886397 1.000000 0.009856 -0.032670 2.857151 1.000000 -0.227607 0.145425 2.931455 1.000000 -0.284520 -0.402182 2.976035 1.000000 -0.317615 -0.798216 3.029857 1.000000 -0.342385 -0.853213 2.961723 1.000000 -0.087047 0.140847 2.950997 1.000000 -0.050470 -0.399663 2.984414 1.000000 -0.031624 -0.797427 3.028608 1.000000 -0.013748 -0.876328 2.986948 1.000000
1643382041 -0.157183 0.214608 2.943323 1.000000 -0.158082 0.285339 2.954835 1.000000 -0.155772 0.642883 2.949551 1.000000 -0.146510 0.806293 2.856736 1.000000 -0.317135 0.544334 2.940855 1.000000 -0.364171 0.279493 2.934673 1.000000 -0.349175 0.063372 2.866018 1.000000 -0.323322 -0.036297 2.848600 1.000000 -0.001842 0.534553 2.963547 1.000000 0.034056 0.278587 2.944712 1.000000 0.035000 0.061625 2.877342 1.000000 -0.000588 -0.030969 2.844700 1.000000 -0.227474 0.145175 2.930716 1.000000 -0.284082 -0.403474 2.975440 1.000000 -0.316942 -0.804180 3.029953 1.000000 -0.345967 -0.855840 2.960882 1.000000 -0.086760 0.141006 2.949720 1.000000 -0.050256 -0.400018 2.984406 1.000000 -0.031309 -0.797203 3.028127 1.000000 -0.015054 -0.873209 2.980792 1.000000
1643414800 -0.157065 0.214294 2.941414 1.000000 -0.158105 0.285094 2.953573 1.000000 -0.156809 0.643033 2.947273 1.000000 -0.146443 0.809707 2.854972 1.000000 -0.317250 0.544145 2.940889 1.000000 -0.364997 0.279502 2.933188 1.000000 -0.348885 0.063764 2.863375 1.000000 -0.322573 -0.035971 2.847084 1.000000 -0.002217 0.534207 2.962568 1.000000 0.040266 0.284689 2.934252 1.000000 -0.000256 0.081359 2.837166 1.000000 -0.035526 -0.015446 2.820144 1.000000 -0.227257 0.144634 2.928607 1.000000 -0.283286 -0.402575 2.973620 1.000000 -0.317768 -0.802199 3.029156 1.000000 -0.344800 -0.855620 2.960609 1.000000 -0.086512 0.140941 2.947907 1.000000 -0.049868 -0.400461 2.983040 1.000000 -0.032199 -0.797469 3.029096 1.000000 -0.014537 -0.872230 2.980289 1.000000
1643458770 -0.156305 0.214545 2.940044 1.000000 -0.157485 0.285063 2.952780 1.000000 -0.157065 0.641299 2.945512 1.000000 -0.146240 0.807725 2.854002 1.000000 -0.317813 0.543775 2.940710 1.000000 -0.367945 0.281190 2.925820 1.000000 -0.346049 0.068534 2.846997 1.000000 -0.321289 0.011574 2.821353 1.000000 -0.000664 0.533784 2.960952 1.000000 0.053570 0.294485 2.903322 1.000000 -0.002705 0.088896 2.822482 1.000000 -0.056874 0.004121 2.794509 1.000000 -0.227058 0.144626 2.927768 1.000000 -0.282334 -0.400033 2.971865 1.000000 -0.315791 -0.801157 3.028524 1.000000 -0.343135 -0.853991 2.959641 1.000000 -0.084337 0.140426 2.945491 1.000000 -0.049635 -0.400562 2.982990 1.000000 -0.031522 -0.797317 3.029788 1.000000 -0.014555 -0.871804 2.980312 1.000000
1643491502 -0.155624 0.215058 2.938622 1.000000 -0.156863 0.285362 2.952346 1.000000 -0.157087 0.641319 2.945506 1.000000 -0.148011 0.807943 2.853289 1.000000 -0.318276 0.543633 2.940349 1.000000 -0.377890 0.286422 2.912433 1.000000 -0.345525 0.076753 2.828522 1.000000 -0.295071 -0.009720 2.798875 1.000000 0.001114 0.534346 2.956799 1.000000 0.057244 0.291896 2.865880 1.000000 -0.046206 0.105106 2.786241 1.000000 -0.099479 0.016342 2.772641 1.000000 -0.226703 0.144792 2.926032 1.000000 -0.281700 -0.398619 2.969812 1.000000 -0.315509 -0.801249 3.029675 1.000000 -0.355633 -0.862925 2.976093 1.000000 -0.082979 0.140589 2.943582 1.000000 -0.049529 -0.400630 2.982821 1.000000 -0.030723 -0.797646 3.031984 1.000000 -0.014921 -0.870779 2.980151 1.000000
1643524020 -0.155261 0.214455 2.936976 1.000000 -0.156439 0.284592 2.951723 1.000000 -0.157016 0.640182 2.945468 1.000000 -0.147522 0.800191 2.851343 1.000000 -0.320436 0.540635 2.937702 1.000000 -0.382262 0.285022 2.904160 1.000000 -0.330488 0.083726 2.808437 1.000000 -0.284693 -0.007478 2.786382 1.000000 0.002367 0.532480 2.951589 1.000000 0.061222 0.299234 2.849359 1.000000 -0.069529 0.145815 2.739281 1.000000 -0.136018 0.067720 2.719734 1.000000 -0.226581 0.143144 2.923968 1.000000 -0.281858 -0.400428 2.968784 1.000000 -0.315773 -0.805563 3.029811 1.000000 -0.333873 -0.848008 2.951343 1.000000 -0.082323 0.139741 2.940976 1.000000 -0.048986 -0.401131 2.981825 1.000000 -0.031223 -0.797872 3.031996 1.000000 -0.013008 -0.871315 2.981391 1.000000
1643555362 -0.154778 0.214454 2.936131 1.000000 -0.155525 0.284403 2.951801 1.000000 -0.156176 0.639433 2.945733 1.000000 -0.148563 0.792502 2.848574 1.000000 -0.321076 0.539927 2.937389 1.000000 -0.383519 0.283520 2.893887 1.000000 -0.327869 0.080688 2.804788 1.000000 -0.284175 -0.011088 2.780944 1.000000 0.004153 0.528936 2.942795 1.000000 0.076477 0.329834 2.809432 1.000000 -0.080633 0.186744 2.726688 1.000000 -0.153449 0.112646 2.716299 1.000000 -0.226327 0.142631 2.922849 1.000000 -0.280549 -0.399007 2.965533 1.000000 -0.314993 -0.803453 3.027383 1.000000 -0.340530 -0.853608 2.955829 1.000000 -0.081780 0.139645 2.939970 1.000000 -0.048713 -0.400993 2.981510 1.000000 -0.030413 -0.797557 3.027096 1.000000 -0.013667 -0.875165 2.982552 1.000000
1643597621 -0.152464 0.217136 2.932362 1.000000 -0.153709 0.286306 2.949490 1.000000 -0.156185 0.639587 2.944915 1.000000 -0.147284 0.804199 2.843022 1.000000 -0.320927 0.539854 2.935493 1.000000 -0.391627 0.287422 2.888275 1.000000 -0.319879 0.084817 2.799524 1.000000 -0.249023 0.027344 2.756904 1.000000 0.006005 0.532421 2.940598 1.000000 0.077975 0.352343 2.793459 1.000000 -0.097927 0.235723 2.706488 1.000000 -0.179302 0.172248 2.690743 1.000000 -0.223351 0.143990 2.919086 1.000000 -0.280224 -0.399873 2.962297 1.000000 -0.315140 -0.803208 3.027296 1.000000 -0.337692 -0.851792 2.953681 1.000000 -0.079545 0.142877 2.935831 1.000000 -0.048356 -0.401021 2.979120 1.000000 -0.029949 -0.798167 3.027823 1.000000 -0.014729 -0.875349 2.982006 1.000000
1643631768 -0.151280 0.217945 2.929399 1.000000 -0.152952 0.286947 2.947350 1.000000 -0.156952 0.639601 2.942220 1.000000 -0.145347 0.805301 2.841295 1.000000 -0.319527 0.539115 2.930376 1.000000 -0.404527 0.311688 2.875559 1.000000 -0.321482 0.101144 2.790809 1.000000 -0.268428 0.014983 2.765187 1.000000 0.004583 0.536444 2.938411 1.000000 0.082000 0.368320 2.767805 1.000000 -0.120269 0.291768 2.698177 1.000000 -0.178601 0.252120 2.666912 1.000000 -0.220840 0.144871 2.915829 1.000000 -0.280075 -0.400387 2.961132 1.000000 -0.315157 -0.803179 3.027265 1.000000 -0.337677 -0.852245 2.953965 1.000000 -0.078883 0.144661 2.932917 1.000000 -0.048130 -0.401618 2.974960 1.000000 -0.030507 -0.798721 3.027343 1.000000 -0.013949 -0.876420 2.982890 1.000000
1643674621 -0.150015 0.218029 2.926941 1.000000 -0.151789 0.286745 2.945867 1.000000 -0.157741 0.638317 2.940300 1.000000 -0.145401 0.806437 2.839247 1.000000 -0.319377 0.537243 2.924723 1.000000 -0.409803 0.321021 2.863521 1.000000 -0.274017 0.064759 2.764964 1.000000 -0.256634 -0.010238 2.760633 1.000000 0.001342 0.544410 2.929058 1.000000 0.086674 0.404425 2.744814 1.000000 -0.118736 0.358955 2.656217 1.000000 -0.187206 0.343798 2.631174 1.000000 -0.218663 0.144506 2.911813 1.000000 -0.280061 -0.400543 2.956084 1.000000 -0.314688 -0.802324 3.026048 1.000000 -0.336274 -0.848934 2.950902 1.000000 -0.077708 0.145425 2.931435 1.000000 -0.047601 -0.402871 2.968349 1.000000 -0.029945 -0.799002 3.026660 1.000000 -0.014500 -0.876652 2.981745 1.000000
1643706089 -0.148584 0.217513 2.922619 1.000000 -0.150679 0.286180 2.942104 1.000000 -0.156815 0.637689 2.935910 1.000000 -0.141985 0.806772 2.837142 1.000000 -0.318259 0.536825 2.917749 1.000000 -0.414533 0.326285 2.830130 1.000000 -0.303568 0.141410 2.758395 1.000000 -0.247037 0.053966 2.752258 1.000000 0.000356 0.550789 2.927846 1.000000 0.090543 0.409044 2.734332 1.000000 -0.108026 0.463646 2.634400 1.000000 -0.174216 0.481847 2.605579 1.000000 -0.217546 0.143974 2.907505 1.000000 -0.279616 -0.400280 2.951706 1.000000 -0.314828 -0.802929 3.025846 1.000000 -0.344497 -0.857082 2.958973 1.000000 -0.076265 0.145689 2.927986 1.000000 -0.046864 -0.404758 2.959187 1.000000 -0.029606 -0.799326 3.026149 1.000000 -0.014744 -0.877248 2.981519 1.000000
1643747784 -0.149066 0.213949 2.917483 1.000000 -0.151339 0.283182 2.938509 1.000000 -0.157597 0.637371 2.933686 1.000000 -0.141933 0.806628 2.837172 1.000000 -0.317696 0.536583 2.911646 1.000000 -0.419204 0.328685 2.817082 1.000000 -0.247803 0.117371 2.756905 1.000000 -0.215290 0.048628 2.744310 1.000000 -0.002030 0.550633 2.923473 1.000000 0.091556 0.415286 2.730106 1.000000 -0.096798 0.505856 2.637965 1.000000 -0.144955 0.550311 2.597394 1.000000 -0.218238 0.140399 2.902461 1.000000 -0.280065 -0.408716 2.942662 1.000000 -0.314946 -0.808316 3.025972 1.000000 -0.325794 -0.854726 2.948445 1.000000 -0.076487 0.144101 2.923161 1.000000 -0.045558 -0.404887 2.947872 1.000000 -0.028568 -0.799082 3.023262 1.000000 -0.016560 -0.878921 2.981268 1.000000
1643782113 -0.147821 0.215706 2.912481 1.000000 -0.150459 0.286063 2.932097 1.000000 -0.158085 0.644841 2.919029 1.000000 -0.140999 0.803872 2.833844 1.000000 -0.317576 0.536223 2.904316 1.000000 -0.426816 0.333388 2.802227 1.000000 -0.269817 0.181852 2.741347 1.000000 -0.195522 0.108746 2.738494 1.000000 0.003615 0.585004 2.922086 1.000000 0.084947 0.424094 2.722674 1.000000 -0.092554 0.538824 2.637165 1.000000 -0.135476 0.598760 2.614689 1.000000 -0.217250 0.140672 2.898544 1.000000 -0.280608 -0.408150 2.935477 1.000000 -0.315284 -0.808898 3.015208 1.000000 -0.336274 -0.862074 2.944405 1.000000 -0.074878 0.145529 2.918873 1.000000 -0.045792 -0.403642 2.937976 1.000000 -0.027964 -0.799026 3.020899 1.000000 -0.017376 -0.880296 2.981346 1.000000
1643815007 -0.148272 0.216358 2.909634 1.000000 -0.151436 0.285236 2.929896 1.000000 -0.155358 0.623484 2.918290 1.000000 -0.136227 0.806068 2.832538 1.000000 -0.319093 0.534526 2.898953 1.000000 -0.427278 0.351382 2.787075 1.000000 -0.252935 0.221591 2.722602 1.000000 -0.170550 0.157652 2.722602 1.000000 0.007352 0.564237 2.928383 1.000000 0.088528 0.426900 2.719730 1.000000 -0.064623 0.576751 2.643552 1.000000 -0.107551 0.636694 2.621073 1.000000 -0.218668 0.141236 2.893823 1.000000 -0.280964 -0.410036 2.927626 1.000000 -0.315549 -0.809203 3.014272 1.000000 -0.336057 -0.862095 2.943123 1.000000 -0.075157 0.145018 2.915648 1.000000 -0.045382 -0.401459 2.926271 1.000000 -0.027874 -0.797115 3.014090 1.000000 -0.019848 -0.882284 2.983074 1.000000
1643847835 -0.150139 0.212685 2.905021 1.000000 -0.151684 0.282160 2.928324 1.000000 -0.146953 0.627578 2.923536 1.000000 -0.134226 0.801778 2.825962 1.000000 -0.317124 0.534791 2.896961 1.000000 -0.425008 0.374626 2.752028 1.000000 -0.222641 0.280602 2.743552 1.000000 -0.140248 0.216657 2.743552 1.000000 -0.013298 0.500977 2.917902 1.000000 0.093360 0.422400 2.711834 1.000000 -0.026923 0.603914 2.649351 1.000000 -0.069855 0.663864 2.626869 1.000000 -0.220547 0.140435 2.886410 1.000000 -0.280877 -0.409458 2.918412 1.000000 -0.316922 -0.811417 3.013878 1.000000 -0.310098 -0.864297 2.940162 1.000000 -0.080849 0.141305 2.910510 1.000000 -0.045241 -0.402309 2.920965 1.000000 -0.027727 -0.797079 3.012987 1.000000 -0.018229 -0.881850 2.981354 1.000000
1643891820 -0.153379 0.208728 2.901149 1.000000 -0.154619 0.277928 2.926410 1.000000 -0.146973 0.627346 2.923698 1.000000 -0.136621 0.788091 2.814907 1.000000 -0.313668 0.535109 2.890928 1.000000 -0.429072 0.393760 2.736061 1.000000 -0.208743 0.359372 2.714562 1.000000 -0.139706 0.358374 2.748796 1.000000 -0.011640 0.500977 2.916718 1.000000 0.097708 0.414043 2.716277 1.000000 -0.017303 0.676270 2.649482 1.000000 -0.060223 0.736201 2.627008 1.000000 -0.224739 0.138148 2.880116 1.000000 -0.282026 -0.410540 2.910229 1.000000 -0.317645 -0.812232 3.013681 1.000000 -0.321402 -0.865814 2.940277 1.000000 -0.084574 0.136815 2.907809 1.000000 -0.043992 -0.403982 2.912204 1.000000 -0.027320 -0.795558 3.006324 1.000000 -0.018185 -0.883626 2.985490 1.000000
1643924273 -0.154033 0.207214 2.898725 1.000000 -0.156669 0.276167 2.925060 1.000000 -0.148844 0.627678 2.922464 1.000000 -0.126092 0.793444 2.813634 1.000000 -0.308899 0.538256 2.885304 1.000000 -0.438066 0.397804 2.717686 1.000000 -0.227322 0.469443 2.719270 1.000000 -0.158300 0.468444 2.753495 1.000000 -0.004213 0.520255 2.925351 1.000000 0.093291 0.387027 2.745457 1.000000 0.070068 0.602539 2.651435 1.000000 0.066734 0.679226 2.644767 1.000000 -0.224699 0.137786 2.878351 1.000000 -0.283902 -0.415572 2.899724 1.000000 -0.318295 -0.814365 3.012557 1.000000 -0.331319 -0.866391 2.939109 1.000000 -0.085301 0.135459 2.905658 1.000000 -0.046199 -0.405919 2.900707 1.000000 -0.026700 -0.795286 3.005067 1.000000 -0.018557 -0.883750 2.985607 1.000000
1643955739 -0.155846 0.203388 2.894206 1.000000 -0.158736 0.272435 2.921088 1.000000 -0.150956 0.627256 2.916793 1.000000 -0.123456 0.794927 2.815341 1.000000 -0.308352 0.536831 2.883464 1.000000 -0.434735 0.399224 2.716018 1.000000 -0.257382 0.524941 2.652634 1.000000 -0.188395 0.523944 2.686843 1.000000 -0.001447 0.517570 2.924352 1.000000 0.097178 0.382154 2.744595 1.000000 0.124257 0.589216 2.652752 1.000000 0.129393 0.664973 2.639912 1.000000 -0.226419 0.135346 2.875825 1.000000 -0.288633 -0.413596 2.889887 1.000000 -0.319845 -0.813855 3.010864 1.000000 -0.332050 -0.867126 2.938193 1.000000 -0.086766 0.129912 2.899864 1.000000 -0.046714 -0.406501 2.895524 1.000000 -0.022938 -0.789012 2.993746 1.000000 -0.010012 -0.839574 2.900366 1.000000
1643997664 -0.158961 0.197677 2.890030 1.000000 -0.161727 0.266315 2.918027 1.000000 -0.152266 0.621972 2.913734 1.000000 -0.124573 0.794049 2.816429 1.000000 -0.302055 0.528784 2.884023 1.000000 -0.430041 0.400385 2.712531 1.000000 -0.296778 0.565676 2.630821 1.000000 -0.227806 0.564678 2.665022 1.000000 -0.001414 0.516649 2.925182 1.000000 0.110056 0.346201 2.755379 1.000000 0.175659 0.572754 2.663155 1.000000 0.203739 0.642215 2.645420 1.000000 -0.228063 0.132658 2.872884 1.000000 -0.291306 -0.415530 2.880683 1.000000 -0.321973 -0.815472 3.006353 1.000000 -0.327734 -0.868171 2.932498 1.000000 -0.091328 0.125259 2.895747 1.000000 -0.046375 -0.405504 2.889861 1.000000 -0.023191 -0.789953 2.994215 1.000000 -0.010084 -0.840474 2.900859 1.000000
1644030812 -0.163003 0.193044 2.886493 1.000000 -0.164453 0.262671 2.917351 1.000000 -0.153105 0.622066 2.914722 1.000000 -0.123880 0.792444 2.816948 1.000000 -0.301782 0.527729 2.883525 1.000000 -0.416954 0.389369 2.710946 1.000000 -0.332799 0.581212 2.621057 1.000000 -0.263820 0.580215 2.655261 1.000000 0.000891 0.488448 2.916581 1.000000 0.105713 0.291748 2.772326 1.000000 0.201511 0.472941 2.671007 1.000000 0.259295 0.559277 2.663264 1.000000 -0.232712 0.128748 2.868765 1.000000 -0.293420 -0.415201 2.875480 1.000000 -0.322369 -0.814544 3.001583 1.000000 -0.340285 -0.874061 2.935238 1.000000 -0.096663 0.118677 2.889743 1.000000 -0.046856 -0.406648 2.886298 1.000000 -0.023024 -0.790396 2.993573 1.000000 -0.011727 -0.840765 2.899899 1.000000
1644064902 -0.164760 0.191041 2.885032 1.000000 -0.166686 0.260294 2.917294 1.000000 -0.154824 0.620983 2.914580 1.000000 -0.124212 0.792610 2.816699 1.000000 -0.309010 0.522109 2.882356 1.000000 -0.410300 0.382167 2.713072 1.000000 -0.394851 0.586336 2.611425 1.000000 -0.388475 0.662845 2.617093 1.000000 0.000840 0.486925 2.917583 1.000000 0.069097 0.288222 2.816599 1.000000 0.242920 0.413574 2.702219 1.000000 0.297112 0.465705 2.685726 1.000000 -0.235985 0.125016 2.867455 1.000000 -0.294360 -0.414796 2.871321 1.000000 -0.322513 -0.814186 3.001694 1.000000 -0.341948 -0.871287 2.933693 1.000000 -0.097659 0.115735 2.887199 1.000000 -0.047426 -0.409265 2.883740 1.000000 -0.022690 -0.790481 2.992695 1.000000 -0.011077 -0.840800 2.899053 1.000000
1644108049 -0.167525 0.184562 2.883427 1.000000 -0.170282 0.252721 2.917898 1.000000 -0.159461 0.612389 2.917868 1.000000 -0.136698 0.777287 2.814553 1.000000 -0.322331 0.504320 2.878693 1.000000 -0.403320 0.344396 2.715370 1.000000 -0.464914 0.537379 2.608956 1.000000 -0.458540 0.613871 2.614622 1.000000 -0.001216 0.483699 2.919386 1.000000 0.060097 0.276775 2.837289 1.000000 0.245425 0.281330 2.700095 1.000000 0.299605 0.333449 2.683606 1.000000 -0.240394 0.115630 2.865258 1.000000 -0.294914 -0.417536 2.870302 1.000000 -0.320031 -0.815821 3.005768 1.000000 -0.348018 -0.870224 2.938561 1.000000 -0.098897 0.108935 2.884599 1.000000 -0.047563 -0.414335 2.882800 1.000000 -0.025082 -0.806911 3.002626 1.000000 -0.051915 -0.893625 2.998123 1.000000
1644139615 -0.168318 0.183499 2.883017 1.000000 -0.171541 0.251422 2.918671 1.000000 -0.161940 0.610640 2.915760 1.000000 -0.136017 0.771189 2.812708 1.000000 -0.323863 0.503343 2.880500 1.000000 -0.388133 0.311802 2.741447 1.000000 -0.532305 0.425839 2.602025 1.000000 -0.573204 0.480371 2.566370 1.000000 -0.002761 0.482132 2.921418 1.000000 0.055620 0.270738 2.851613 1.000000 0.211135 0.137719 2.749970 1.000000 0.276431 0.122749 2.712152 1.000000 -0.241186 0.114169 2.864810 1.000000 -0.294787 -0.419072 2.870435 1.000000 -0.320015 -0.815823 3.005792 1.000000 -0.321327 -0.870324 2.933091 1.000000 -0.099199 0.108106 2.884593 1.000000 -0.049802 -0.416956 2.882792 1.000000 -0.026959 -0.802213 3.000055 1.000000 -0.014403 -0.852391 2.906494 1.000000
1644181883 -0.169670 0.179978 2.882984 1.000000 -0.173423 0.247496 2.919723 1.000000 -0.164981 0.605965 2.915177 1.000000 -0.140578 0.758970 2.811515 1.000000 -0.325705 0.501552 2.883272 1.000000 -0.392592 0.299158 2.759562 1.000000 -0.534374 0.414598 2.618791 1.000000 -0.581634 0.453077 2.576358 1.000000 -0.005309 0.479390 2.924611 1.000000 0.056726 0.260894 2.862701 1.000000 0.251465 0.126831 2.715896 1.000000 0.319824 0.089172 2.733474 1.000000 -0.242454 0.110247 2.864386 1.000000 -0.294936 -0.420480 2.870879 1.000000 -0.319578 -0.816153 3.005152 1.000000 -0.342983 -0.873629 2.938785 1.000000 -0.099842 0.104788 2.885289 1.000000 -0.050997 -0.418906 2.883651 1.000000 -0.027590 -0.800026 2.999809 1.000000 -0.014853 -0.850205 2.906286 1.000000
1644214890 -0.170819 0.177783 2.883411 1.000000 -0.174266 0.245153 2.920861 1.000000 -0.166770 0.602626 2.913736 1.000000 -0.144267 0.755726 2.808851 1.000000 -0.328701 0.500577 2.888587 1.000000 -0.397639 0.286918 2.785846 1.000000 -0.540777 0.402120 2.646427 1.000000 -0.588490 0.440521 2.604444 1.000000 -0.007250 0.479509 2.925235 1.000000 0.062372 0.232832 2.871362 1.000000 0.184689 0.076984 2.756045 1.000000 0.266988 0.014034 2.746026 1.000000 -0.243712 0.107668 2.865086 1.000000 -0.294986 -0.421356 2.873014 1.000000 -0.319546 -0.816193 3.005141 1.000000 -0.340711 -0.872166 2.936764 1.000000 -0.100530 0.102928 2.886117 1.000000 -0.052360 -0.419507 2.885054 1.000000 -0.027505 -0.798491 2.999295 1.000000 -0.016282 -0.848721 2.905601 1.000000
1644247843 -0.172054 0.176658 2.884248 1.000000 -0.175391 0.244046 2.921995 1.000000 -0.168968 0.600589 2.912298 1.000000 -0.158187 0.755390 2.801486 1.000000 -0.332428 0.499630 2.891665 1.000000 -0.394506 0.282618 2.823425 1.000000 -0.501234 0.132349 2.684898 1.000000 -0.577924 0.099254 2.622816 1.000000 -0.009628 0.479896 2.926242 1.000000 0.061946 0.230809 2.870669 1.000000 0.182129 -0.009827 2.745194 1.000000 0.226561 -0.067554 2.769898 1.000000 -0.245406 0.106009 2.866702 1.000000 -0.293800 -0.419511 2.876307 1.000000 -0.319427 -0.816047 3.005436 1.000000 -0.344735 -0.882886 2.949333 1.000000 -0.101223 0.101808 2.887184 1.000000 -0.054414 -0.420512 2.888244 1.000000 -0.030001 -0.795689 2.995278 1.000000 -0.019523 -0.845984 2.901540 1.000000
1644281872 -0.173396 0.178002 2.887762 1.000000 -0.176303 0.245211 2.924888 1.000000 -0.170367 0.600589 2.912588 1.000000 -0.158419 0.755371 2.801561 1.000000 -0.339339 0.498131 2.895107 1.000000 -0.411797 0.264358 2.830254 1.000000 -0.521387 0.114473 2.693783 1.000000 -0.594902 0.056108 2.648799 1.000000 -0.011086 0.480427 2.926152 1.000000 0.059046 0.230756 2.870028 1.000000 0.118774 -0.045990 2.766678 1.000000 0.155414 -0.110007 2.788553 1.000000 -0.246980 0.106453 2.870681 1.000000 -0.293916 -0.417014 2.879978 1.000000 -0.320153 -0.814626 3.005315 1.000000 -0.341360 -0.881442 2.947503 1.000000 -0.101664 0.102680 2.891692 1.000000 -0.055766 -0.419660 2.890700 1.000000 -0.030881 -0.795274 2.994639 1.000000 -0.021732 -0.845680 2.900815 1.000000
1644324942 -0.175064 0.176167 2.891389 1.000000 -0.177781 0.243990 2.926890 1.000000 -0.175109 0.597231 2.909570 1.000000 -0.165700 0.746001 2.799171 1.000000 -0.345259 0.495629 2.896294 1.000000 -0.416060 0.250594 2.842731 1.000000 -0.546985 0.014272 2.695831 1.000000 -0.590627 -0.064502 2.651355 1.000000 -0.018518 0.480539 2.924463 1.000000 0.033999 0.227493 2.865810 1.000000 0.060791 -0.054962 2.774491 1.000000 0.077759 -0.133301 2.797928 1.000000 -0.248827 0.104124 2.877831 1.000000 -0.293494 -0.416433 2.884246 1.000000 -0.319941 -0.814688 3.005123 1.000000 -0.340700 -0.877904 2.943237 1.000000 -0.102622 0.100585 2.895724 1.000000 -0.060482 -0.417712 2.894920 1.000000 -0.032022 -0.795035 2.995755 1.000000 -0.023830 -0.845697 2.901975 1.000000
1644356386 -0.178308 0.178332 2.894744 1.000000 -0.180673 0.246360 2.928116 1.000000 -0.180342 0.598598 2.906285 1.000000 -0.165537 0.753118 2.796285 1.000000 -0.347670 0.499376 2.898840 1.000000 -0.409553 0.241516 2.855081 1.000000 -0.511230 -0.011292 2.747146 1.000000 -0.544694 -0.080543 2.747146 1.000000 -0.021126 0.481414 2.923342 1.000000 0.007179 0.225197 2.864578 1.000000 0.022907 -0.064433 2.776216 1.000000 0.036652 -0.161743 2.788161 1.000000 -0.252383 0.107651 2.884787 1.000000 -0.294573 -0.413090 2.890247 1.000000 -0.319960 -0.814874 3.006246 1.000000 -0.336965 -0.880392 2.945621 1.000000 -0.105080 0.102387 2.898316 1.000000 -0.065505 -0.412369 2.901708 1.000000 -0.032863 -0.795166 2.996526 1.000000 -0.025786 -0.846126 2.902816 1.000000
1644387802 -0.183828 0.177896 2.897352 1.000000 -0.186946 0.246165 2.928491 1.000000 -0.193028 0.595551 2.902150 1.000000 -0.173161 0.736396 2.800125 1.000000 -0.351456 0.498129 2.900420 1.000000 -0.406337 0.230461 2.861765 1.000000 -0.487010 -0.022863 2.770133 1.000000 -0.501953 -0.108948 2.770582 1.000000 -0.030084 0.479427 2.921842 1.000000 -0.004610 0.228284 2.865321 1.000000 -0.017288 -0.000628 2.817457 1.000000 -0.007209 -0.100332 2.789090 1.000000 -0.256516 0.106835 2.888731 1.000000 -0.296975 -0.415330 2.900258 1.000000 -0.319937 -0.813702 3.005310 1.000000 -0.329809 -0.870034 2.934679 1.000000 -0.109981 0.103295 2.900402 1.000000 -0.068292 -0.404842 2.907119 1.000000 -0.033399 -0.795014 2.997062 1.000000 -0.027209 -0.846299 2.903449 1.000000
1644431890 -0.190236 0.178585 2.900200 1.000000 -0.193273 0.247696 2.928662 1.000000 -0.198306 0.599133 2.900788 1.000000 -0.178339 0.746722 2.792084 1.000000 -0.352337 0.498868 2.900706 1.000000 -0.405450 0.228172 2.864533 1.000000 -0.449383 -0.020068 2.782727 1.000000 -0.483197 -0.114412 2.775541 1.000000 -0.035586 0.484103 2.922576 1.000000 -0.015546 0.228920 2.868482 1.000000 -0.037942 -0.000626 2.808263 1.000000 -0.054149 -0.100168 2.782264 1.000000 -0.261212 0.107832 2.891811 1.000000 -0.298808 -0.415055 2.913359 1.000000 -0.320100 -0.813771 3.008754 1.000000 -0.336152 -0.866041 2.936147 1.000000 -0.118381 0.105550 2.904496 1.000000 -0.069859 -0.404315 2.912888 1.000000 -0.034039 -0.794998 2.998377 1.000000 -0.027720 -0.846540 2.904898 1.000000
1644464764 -0.197498 0.184147 2.904059 1.000000 -0.198792 0.253272 2.929031 1.000000 -0.198286 0.603604 2.899451 1.000000 -0.173845 0.767486 2.791259 1.000000 -0.356332 0.505954 2.902956 1.000000 -0.404766 0.228641 2.866440 1.000000 -0.418729 -0.023111 2.804390 1.000000 -0.426270 -0.118591 2.792063 1.000000 -0.038262 0.491690 2.925490 1.000000 -0.029648 0.239938 2.876786 1.000000 -0.063090 0.025989 2.811183 1.000000 -0.076415 -0.073673 2.784075 1.000000 -0.271620 0.114789 2.898707 1.000000 -0.299991 -0.410705 2.923994 1.000000 -0.321133 -0.813131 3.012617 1.000000 -0.326848 -0.857941 2.933745 1.000000 -0.125763 0.110558 2.908076 1.000000 -0.072812 -0.401974 2.920653 1.000000 -0.034658 -0.795405 3.000603 1.000000 -0.028238 -0.847290 2.907322 1.000000
1644498473 -0.198755 0.185957 2.905862 1.000000 -0.200057 0.255143 2.928369 1.000000 -0.199875 0.604420 2.899242 1.000000 -0.176831 0.767263 2.790154 1.000000 -0.359318 0.510467 2.905412 1.000000 -0.401790 0.229882 2.869172 1.000000 -0.392279 0.009123 2.794792 1.000000 -0.384501 -0.094544 2.788872 1.000000 -0.040995 0.495651 2.926165 1.000000 -0.034371 0.246948 2.881528 1.000000 -0.080312 0.038797 2.803437 1.000000 -0.114812 -0.051736 2.765282 1.000000 -0.272192 0.115855 2.899754 1.000000 -0.302275 -0.411497 2.930421 1.000000 -0.321176 -0.813493 3.016340 1.000000 -0.326386 -0.855266 2.935788 1.000000 -0.126760 0.112856 2.910994 1.000000 -0.076436 -0.402735 2.931486 1.000000 -0.035460 -0.794946 3.002118 1.000000 -0.029608 -0.846951 2.908872 1.000000
1644541823 -0.197599 0.190706 2.910487 1.000000 -0.199444 0.259935 2.930353 1.000000 -0.199482 0.607901 2.901202 1.000000 -0.176619 0.768053 2.790101 1.000000 -0.359521 0.513561 2.906611 1.000000 -0.399413 0.237857 2.874781 1.000000 -0.371161 0.018919 2.788834 1.000000 -0.357171 -0.081366 2.764714 1.000000 -0.043144 0.501607 2.931550 1.000000 -0.035134 0.249286 2.884204 1.000000 -0.140747 0.011688 2.747136 1.000000 -0.165103 -0.045448 2.701735 1.000000 -0.270643 0.120331 2.902918 1.000000 -0.305379 -0.403057 2.944703 1.000000 -0.321267 -0.810260 3.016368 1.000000 -0.320885 -0.851529 2.935396 1.000000 -0.124974 0.118649 2.918088 1.000000 -0.077990 -0.398616 2.947114 1.000000 -0.035800 -0.794941 3.003592 1.000000 -0.028672 -0.847117 2.910538 1.000000
1644573260 -0.196188 0.194133 2.915006 1.000000 -0.198565 0.263319 2.931301 1.000000 -0.200017 0.610278 2.900999 1.000000 -0.175690 0.773800 2.787554 1.000000 -0.359950 0.518513 2.908365 1.000000 -0.396279 0.249951 2.884088 1.000000 -0.350463 0.040625 2.772076 1.000000 -0.290039 -0.024246 2.725649 1.000000 -0.043478 0.504747 2.935187 1.000000 -0.036071 0.256898 2.887141 1.000000 -0.106000 0.059855 2.796873 1.000000 -0.177216 -0.011712 2.699291 1.000000 -0.268810 0.122903 2.907972 1.000000 -0.306757 -0.408276 2.954005 1.000000 -0.319624 -0.811547 3.020590 1.000000 -0.335297 -0.854932 2.942291 1.000000 -0.122459 0.123289 2.924186 1.000000 -0.080470 -0.398754 2.956711 1.000000 -0.037232 -0.794728 3.012261 1.000000 -0.020443 -0.879430 2.983936 1.000000
1644604634 -0.195910 0.194245 2.918945 1.000000 -0.198405 0.263777 2.933280 1.000000 -0.200976 0.612184 2.904847 1.000000 -0.175277 0.765403 2.802659 1.000000 -0.360114 0.519156 2.909174 1.000000 -0.394922 0.265097 2.894486 1.000000 -0.341877 0.061546 2.766377 1.000000 -0.293633 0.021859 2.712230 1.000000 -0.043517 0.504774 2.937201 1.000000 -0.037153 0.257519 2.890301 1.000000 -0.141928 0.099835 2.751795 1.000000 -0.177447 0.046379 2.709404 1.000000 -0.268221 0.122293 2.912326 1.000000 -0.307738 -0.410100 2.962661 1.000000 -0.320901 -0.803368 3.019697 1.000000 -0.335183 -0.855820 2.946875 1.000000 -0.122068 0.123584 2.927013 1.000000 -0.081378 -0.399607 2.961883 1.000000 -0.036860 -0.793512 3.015373 1.000000 -0.021533 -0.877267 2.983617 1.000000
1644647694 -0.194897 0.197513 2.925648 1.000000 -0.197257 0.267659 2.937942 1.000000 -0.197940 0.618682 2.910397 1.000000 -0.174238 0.781742 2.802006 1.000000 -0.360263 0.520737 2.910560 1.000000 -0.394876 0.269422 2.896572 1.000000 -0.329286 0.088265 2.771401 1.000000 -0.280718 0.035571 2.695956 1.000000 -0.042880 0.512144 2.944394 1.000000 -0.035363 0.271120 2.898710 1.000000 -0.108423 0.084626 2.787877 1.000000 -0.132777 0.022462 2.755420 1.000000 -0.267058 0.124395 2.917397 1.000000 -0.307262 -0.414045 2.971198 1.000000 -0.320855 -0.803152 3.020573 1.000000 -0.322246 -0.861318 2.950764 1.000000 -0.121894 0.127183 2.935402 1.000000 -0.081667 -0.400446 2.968782 1.000000 -0.036542 -0.791795 3.017442 1.000000 -0.021790 -0.874950 2.983883 1.000000
1644681704 -0.194969 0.199751 2.929758 1.000000 -0.197097 0.269900 2.939684 1.000000 -0.197609 0.620043 2.911427 1.000000 -0.177350 0.788715 2.802578 1.000000 -0.361016 0.522662 2.913605 1.000000 -0.396689 0.273720 2.902034 1.000000 -0.331877 0.097365 2.769055 1.000000 -0.271417 0.058142 2.694009 1.000000 -0.044025 0.517852 2.948372 1.000000 -0.032605 0.280844 2.908276 1.000000 -0.106769 0.098248 2.791156 1.000000 -0.205078 0.113647 2.698302 1.000000 -0.266435 0.126772 2.922214 1.000000 -0.307575 -0.412365 2.974960 1.000000 -0.321904 -0.802170 3.023518 1.000000 -0.323100 -0.858985 2.952600 1.000000 -0.122807 0.129456 2.939885 1.000000 -0.082463 -0.399995 2.974943 1.000000 -0.035712 -0.792285 3.018205 1.000000 -0.021775 -0.875501 2.984446 1.000000
1644714631 -0.195372 0.202191 2.934468 1.000000 -0.197126 0.272252 2.942703 1.000000 -0.197550 0.621509 2.914742 1.000000 -0.177290 0.790353 2.805647 1.000000 -0.361614 0.527920 2.919085 1.000000 -0.400109 0.279929 2.905599 1.000000 -0.311853 0.129584 2.753639 1.000000 -0.304350 0.113178 2.678866 1.000000 -0.044668 0.519215 2.950939 1.000000 -0.031138 0.283357 2.910617 1.000000 -0.114366 0.106950 2.789789 1.000000 -0.183958 0.088596 2.714622 1.000000 -0.266128 0.129558 2.926068 1.000000 -0.307699 -0.405708 2.981526 1.000000 -0.321941 -0.798275 3.026893 1.000000 -0.309220 -0.871260 2.974259 1.000000 -0.124119 0.131329 2.945557 1.000000 -0.082169 -0.399710 2.978477 1.000000 -0.035397 -0.792029 3.018041 1.000000 -0.021767 -0.875076 2.983743 1.000000
1644747553 -0.195231 0.204448 2.938573 1.000000 -0.196951 0.274484 2.945370 1.000000 -0.197466 0.623532 2.918522 1.000000 -0.177013 0.791056 2.811069 1.000000 -0.361370 0.530978 2.923027 1.000000 -0.402444 0.287151 2.912452 1.000000 -0.316616 0.148375 2.747547 1.000000 -0.251746 0.129632 2.668347 1.000000 -0.044142 0.523485 2.957031 1.000000 -0.028020 0.288702 2.915398 1.000000 -0.110413 0.111632 2.795083 1.000000 -0.155999 0.118427 2.733492 1.000000 -0.264967 0.131921 2.929416 1.000000 -0.307755 -0.402322 2.986578 1.000000 -0.322864 -0.795152 3.030279 1.000000 -0.310677 -0.865204 2.973684 1.000000 -0.125005 0.133049 2.950401 1.000000 -0.082058 -0.399583 2.987669 1.000000 -0.034545 -0.792548 3.024556 1.000000 -0.022138 -0.870819 2.980077 1.000000
1644792004 -0.194440 0.207371 2.942993 1.000000 -0.195999 0.277419 2.949031 1.000000 -0.196975 0.627202 2.926409 1.000000 -0.175343 0.797919 2.818160 1.000000 -0.360568 0.535598 2.929590 1.000000 -0.402692 0.289904 2.915355 1.000000 -0.328197 0.144829 2.750404 1.000000 -0.255872 0.127875 2.677524 1.000000 -0.043800 0.526738 2.961579 1.000000 -0.022049 0.296011 2.920604 1.000000 -0.112360 0.119609 2.805794 1.000000 -0.155558 0.117333 2.742192 1.000000 -0.263549 0.134900 2.933372 1.000000 -0.307441 -0.401895 2.988429 1.000000 -0.322795 -0.794821 3.032158 1.000000 -0.315882 -0.859391 2.968586 1.000000 -0.124667 0.135623 2.954152 1.000000 -0.082043 -0.399844 2.989084 1.000000 -0.034151 -0.791578 3.027348 1.000000 -0.022840 -0.868040 2.979556 1.000000
1644823616 -0.194281 0.207785 2.946646 1.000000 -0.195727 0.277824 2.951898 1.000000 -0.197491 0.627951 2.932178 1.000000 -0.176700 0.799903 2.824101 1.000000 -0.362629 0.535778 2.934855 1.000000 -0.406021 0.302976 2.925262 1.000000 -0.332835 0.149926 2.767762 1.000000 -0.209755 0.189344 2.660803 1.000000 -0.044871 0.528758 2.963892 1.000000 -0.021355 0.296746 2.921235 1.000000 -0.130965 0.139900 2.794141 1.000000 -0.175346 0.133208 2.731688 1.000000 -0.261687 0.135111 2.937492 1.000000 -0.307072 -0.400467 2.990013 1.000000 -0.322897 -0.794404 3.032583 1.000000 -0.313938 -0.860276 2.970630 1.000000 -0.125684 0.136081 2.957038 1.000000 -0.081954 -0.399942 2.990676 1.000000 -0.034854 -0.791510 3.027452 1.000000 -0.022202 -0.867050 2.978553 1.000000
1644855121 -0.193994 0.207727 2.948704 1.000000 -0.195429 0.277831 2.952869 1.000000 -0.197700 0.628220 2.933899 1.000000 -0.175314 0.801138 2.833448 1.000000 -0.362740 0.535921 2.936301 1.000000 -0.407687 0.305674 2.926654 1.000000 -0.325441 0.159301 2.767179 1.000000 -0.213819 0.203252 2.645967 1.000000 -0.045138 0.529209 2.964925 1.000000 -0.020158 0.297348 2.922224 1.000000 -0.128838 0.140641 2.794131 1.000000 -0.173809 0.132559 2.732280 1.000000 -0.259694 0.135066 2.940194 1.000000 -0.307260 -0.400740 2.992861 1.000000 -0.322928 -0.791300 3.035998 1.000000 -0.324615 -0.853449 2.969734 1.000000 -0.126506 0.136112 2.958883 1.000000 -0.081784 -0.400081 2.991775 1.000000 -0.035111 -0.791767 3.028961 1.000000 -0.021991 -0.866059 2.978316 1.000000
1644897630 -0.195034 0.206553 2.951233 1.000000 -0.196737 0.276382 2.954580 1.000000 -0.201779 0.625041 2.937203 1.000000 -0.179957 0.782935 2.847801 1.000000 -0.363150 0.535060 2.938853 1.000000 -0.407667 0.306103 2.926659 1.000000 -0.318618 0.168450 2.762822 1.000000 -0.219271 0.211048 2.633820 1.000000 -0.045617 0.529385 2.966206 1.000000 -0.019503 0.297498 2.922528 1.000000 -0.141612 0.160233 2.783615 1.000000 -0.186866 0.152249 2.721974 1.000000 -0.259564 0.133809 2.943274 1.000000 -0.307214 -0.406162 2.996078 1.000000 -0.323290 -0.791759 3.036225 1.000000 -0.322345 -0.843317 2.961566 1.000000 -0.128076 0.135284 2.960655 1.000000 -0.081907 -0.399997 2.992573 1.000000 -0.035616 -0.792483 3.030189 1.000000 -0.019157 -0.865453 2.978832 1.000000
1644931793 -0.194970 0.207050 2.953225 1.000000 -0.196754 0.276941 2.955659 1.000000 -0.202722 0.626051 2.938897 1.000000 -0.175835 0.789740 2.846116 1.000000 -0.363744 0.535707 2.941992 1.000000 -0.407242 0.306614 2.927526 1.000000 -0.319067 0.169094 2.763116 1.000000 -0.219545 0.212833 2.632612 1.000000 -0.046071 0.529906 2.967750 1.000000 -0.018764 0.298018 2.922832 1.000000 -0.144812 0.171941 2.776374 1.000000 -0.190138 0.163855 2.714812 1.000000 -0.258412 0.134551 2.945904 1.000000 -0.307402 -0.406213 2.996435 1.000000 -0.323251 -0.791001 3.036729 1.000000 -0.324963 -0.847079 2.965425 1.000000 -0.128531 0.135681 2.962105 1.000000 -0.081777 -0.399616 2.993268 1.000000 -0.035362 -0.792340 3.030573 1.000000 -0.019522 -0.865906 2.979888 1.000000
1644964806 -0.194699 0.207316 2.954183 1.000000 -0.196472 0.277217 2.956265 1.000000 -0.203589 0.626794 2.942091 1.000000 -0.175428 0.790911 2.847067 1.000000 -0.363899 0.536279 2.946543 1.000000 -0.406974 0.307945 2.929462 1.000000 -0.318412 0.173740 2.762388 1.000000 -0.219505 0.212895 2.632187 1.000000 -0.046075 0.530097 2.968268 1.000000 -0.015763 0.305909 2.930184 1.000000 -0.133533 0.167669 2.788386 1.000000 -0.178892 0.159515 2.726874 1.000000 -0.257668 0.134799 2.946631 1.000000 -0.307115 -0.404390 2.996374 1.000000 -0.323407 -0.791120 3.036993 1.000000 -0.307168 -0.859227 2.979304 1.000000 -0.128515 0.135865 2.962676 1.000000 -0.081842 -0.399482 2.993476 1.000000 -0.036083 -0.793091 3.031953 1.000000 -0.018599 -0.865433 2.980078 1.000000
1645008780 -0.193979 0.208012 2.955948 1.000000 -0.195647 0.275822 2.958428 1.000000 -0.198455 0.575991 2.951045 1.000000 -0.177022 0.782103 2.856603 1.000000 -0.363980 0.537239 2.948908 1.000000 -0.405795 0.308732 2.931420 1.000000 -0.324731 0.169912 2.764382 1.000000 -0.209508 0.205803 2.644762 1.000000 -0.046011 0.530126 2.969638 1.000000 -0.014184 0.308525 2.934887 1.000000 -0.124063 0.164487 2.792558 1.000000 -0.169442 0.156301 2.731077 1.000000 -0.256222 0.135614 2.948334 1.000000 -0.306923 -0.403175 2.996636 1.000000 -0.323310 -0.790631 3.036675 1.000000 -0.307761 -0.859711 2.979966 1.000000 -0.128480 0.136323 2.964074 1.000000 -0.081496 -0.399308 2.993993 1.000000 -0.036176 -0.793166 3.031853 1.000000 -0.018007 -0.865912 2.980788 1.000000
1645040123 -0.193603 0.208422 2.956792 1.000000 -0.195151 0.276645 2.960066 1.000000 -0.199829 0.631348 2.955058 1.000000 -0.176374 0.797098 2.846835 1.000000 -0.364553 0.538481 2.954146 1.000000 -0.404580 0.309543 2.934105 1.000000 -0.331982 0.165363 2.767849 1.000000 -0.204631 0.179667 2.639626 1.000000 -0.045926 0.530284 2.970611 1.000000 -0.012830 0.309923 2.936563 1.000000 -0.116821 0.153736 2.803960 1.000000 -0.155249 0.116140 2.749061 1.000000 -0.256367 0.135739 2.948557 1.000000 -0.306958 -0.403293 2.996612 1.000000 -0.323143 -0.790354 3.036182 1.000000 -0.324649 -0.851016 2.968760 1.000000 -0.127153 0.136852 2.965261 1.000000 -0.081498 -0.399303 2.993930 1.000000 -0.036188 -0.793195 3.031792 1.000000 -0.018012 -0.866469 2.981509 1.000000
1645082707 -0.193846 0.208539 2.957276 1.000000 -0.195436 0.277069 2.961165 1.000000 -0.199860 0.631421 2.955160 1.000000 -0.176991 0.796197 2.846943 1.000000 -0.364372 0.538584 2.955685 1.000000 -0.404716 0.310081 2.935013 1.000000 -0.332227 0.162772 2.771802 1.000000 -0.196293 0.148906 2.642842 1.000000 -0.045867 0.530475 2.972560 1.000000 -0.011671 0.308808 2.939597 1.000000 -0.108968 0.147858 2.807784 1.000000 -0.133193 0.086140 2.768976 1.000000 -0.257608 0.136170 2.948983 1.000000 -0.306802 -0.402648 2.996315 1.000000 -0.323218 -0.790724 3.036347 1.000000 -0.314162 -0.864195 2.983945 1.000000 -0.127108 0.136836 2.965483 1.000000 -0.081396 -0.399191 2.993827 1.000000 -0.036345 -0.793519 3.031651 1.000000 -0.019428 -0.866901 2.981105 1.000000
1645115928 -0.193801 0.208843 2.957804 1.000000 -0.195137 0.277752 2.962458 1.000000 -0.199019 0.631980 2.956123 1.000000 -0.176783 0.798184 2.848124 1.000000 -0.362467 0.540955 2.960898 1.000000 -0.403333 0.306304 2.937214 1.000000 -0.337976 0.153487 2.776322 1.000000 -0.188232 0.102661 2.672941 1.000000 -0.045676 0.530633 2.973305 1.000000 -0.011910 0.304546 2.942314 1.000000 -0.097814 0.135698 2.812791 1.000000 -0.127018 0.078199 2.771064 1.000000 -0.258325 0.136807 2.949627 1.000000 -0.306419 -0.406420 2.995709 1.000000 -0.324427 -0.792539 3.037589 1.000000 -0.313392 -0.859401 2.977318 1.000000 -0.126833 0.137118 2.965597 1.000000 -0.081400 -0.399451 2.992670 1.000000 -0.036513 -0.793762 3.031857 1.000000 -0.017741 -0.870754 2.987760 1.000000
1645148723 -0.193361 0.209385 2.958416 1.000000 -0.194504 0.278632 2.963804 1.000000 -0.198255 0.632646 2.957318 1.000000 -0.175826 0.798956 2.847713 1.000000 -0.361833 0.541946 2.963076 1.000000 -0.402392 0.302152 2.938131 1.000000 -0.338096 0.137347 2.790328 1.000000 -0.275399 0.084382 2.726600 1.000000 -0.045177 0.530757 2.973668 1.000000 -0.011407 0.300635 2.947123 1.000000 -0.080936 0.120219 2.824311 1.000000 -0.111391 0.063668 2.782202 1.000000 -0.258598 0.137204 2.949776 1.000000 -0.306554 -0.406428 2.995091 1.000000 -0.325389 -0.792769 3.036696 1.000000 -0.313074 -0.859473 2.976504 1.000000 -0.125314 0.137747 2.966171 1.000000 -0.081668 -0.400163 2.992053 1.000000 -0.036996 -0.794119 3.030595 1.000000 -0.016032 -0.873034 2.991134 1.000000
1645182680 -0.193155 0.209593 2.958464 1.000000 -0.194298 0.278884 2.964389 1.000000 -0.198170 0.632554 2.957945 1.000000 -0.175855 0.798909 2.847992 1.000000 -0.361262 0.542566 2.964436 1.000000 -0.401513 0.298712 2.939262 1.000000 -0.344945 0.119301 2.807736 1.000000 -0.266113 0.032562 2.713955 1.000000 -0.043336 0.530558 2.974655 1.000000 -0.010964 0.297610 2.948957 1.000000 -0.053400 0.100709 2.841923 1.000000 -0.093688 0.031883 2.775327 1.000000 -0.259032 0.137466 2.949604 1.000000 -0.306435 -0.406588 2.994578 1.000000 -0.325464 -0.792882 3.036256 1.000000 -0.318982 -0.858866 2.974385 1.000000 -0.123609 0.137878 2.965768 1.000000 -0.081601 -0.400143 2.991755 1.000000 -0.036908 -0.794029 3.030678 1.000000 -0.015917 -0.873614 2.992603 1.000000
1645225668 -0.193048 0.209852 2.958538 1.000000 -0.194115 0.279242 2.965220 1.000000 -0.197134 0.632807 2.959751 1.000000 -0.176490 0.799183 2.849223 1.000000 -0.360980 0.542620 2.965258 1.000000 -0.398875 0.292604 2.939647 1.000000 -0.361932 0.093290 2.835486 1.000000 -0.322710 0.009584 2.788071 1.000000 -0.041891 0.530784 2.975761 1.000000 -0.008511 0.286828 2.954361 1.000000 -0.022214 0.079013 2.863814 1.000000 -0.060594 0.000196 2.808063 1.000000 -0.260156 0.138030 2.948989 1.000000 -0.305786 -0.408008 2.992767 1.000000 -0.324710 -0.798548 3.035512 1.000000 -0.322353 -0.849617 2.960610 1.000000 -0.122804 0.137948 2.965765 1.000000 -0.080832 -0.400144 2.990473 1.000000 -0.036793 -0.794113 3.030262 1.000000 -0.016800 -0.873556 2.991364 1.000000
1645257022 -0.192923 0.209461 2.958853 1.000000 -0.193979 0.278866 2.966487 1.000000 -0.196756 0.632592 2.962177 1.000000 -0.176857 0.789977 2.859662 1.000000 -0.360458 0.541863 2.965465 1.000000 -0.394115 0.275694 2.937724 1.000000 -0.366191 0.071520 2.841488 1.000000 -0.347831 -0.026979 2.814053 1.000000 -0.041656 0.530538 2.975824 1.000000 -0.007139 0.275273 2.957043 1.000000 -0.016391 0.065854 2.870260 1.000000 -0.038652 -0.028326 2.832491 1.000000 -0.260514 0.137717 2.948787 1.000000 -0.305469 -0.408425 2.992208 1.000000 -0.324326 -0.798797 3.036420 1.000000 -0.324072 -0.849338 2.961120 1.000000 -0.122200 0.137137 2.966187 1.000000 -0.079518 -0.400190 2.989329 1.000000 -0.037088 -0.793981 3.030253 1.000000 -0.016645 -0.872686 2.990102 1.000000
1645298572 -0.192279 0.208749 2.958714 1.000000 -0.193395 0.278331 2.967276 1.000000 -0.195774 0.632318 2.962905 1.000000 -0.177637 0.789553 2.859023 1.000000 -0.358951 0.539914 2.964881 1.000000 -0.393835 0.269633 2.937948 1.000000 -0.376387 0.058481 2.857918 1.000000 -0.363693 -0.043819 2.845076 1.000000 -0.040846 0.530024 2.975652 1.000000 -0.006594 0.273944 2.958372 1.000000 -0.005326 0.057440 2.895463 1.000000 -0.024887 -0.036312 2.855223 1.000000 -0.260307 0.137160 2.948024 1.000000 -0.304649 -0.408069 2.990758 1.000000 -0.324856 -0.797985 3.036365 1.000000 -0.321385 -0.852125 2.963685 1.000000 -0.121267 0.135986 2.965952 1.000000 -0.078684 -0.399843 2.988128 1.000000 -0.037191 -0.794036 3.030137 1.000000 -0.016633 -0.872856 2.990256 1.000000
1645331658 -0.191760 0.207837 2.958977 1.000000 -0.193110 0.277662 2.968154 1.000000 -0.195740 0.632143 2.962906 1.000000 -0.180686 0.785716 2.856861 1.000000 -0.356773 0.537984 2.962773 1.000000 -0.395080 0.258456 2.945246 1.000000 -0.396767 0.037881 2.905820 1.000000 -0.379977 -0.060378 2.876592 1.000000 -0.040637 0.530271 2.976192 1.000000 -0.002244 0.265855 2.961612 1.000000 0.001187 0.049035 2.900105 1.000000 -0.008310 -0.046571 2.860605 1.000000 -0.259937 0.136713 2.948027 1.000000 -0.303281 -0.404123 2.988135 1.000000 -0.324555 -0.798353 3.036334 1.000000 -0.302445 -0.877639 2.998227 1.000000 -0.120911 0.135287 2.966175 1.000000 -0.077597 -0.399525 2.986646 1.000000 -0.036913 -0.793784 3.027379 1.000000 -0.015079 -0.873412 2.989830 1.000000
1645365802 -0.191557 0.207864 2.959033 1.000000 -0.193027 0.277760 2.968792 1.000000 -0.195473 0.632710 2.962905 1.000000 -0.170107 0.807733 2.854432 1.000000 -0.354015 0.535799 2.959851 1.000000 -0.395276 0.256344 2.948941 1.000000 -0.404522 0.034941 2.920025 1.000000 -0.406735 -0.068415 2.909183 1.000000 -0.037846 0.531229 2.976760 1.000000 0.002014 0.259459 2.968892 1.000000 0.027512 0.000000 2.911221 1.000000 0.027420 -0.092834 2.881924 1.000000 -0.259767 0.136788 2.947918 1.000000 -0.302402 -0.402214 2.986867 1.000000 -0.322843 -0.798863 3.035039 1.000000 -0.309994 -0.869431 2.979506 1.000000 -0.120742 0.135195 2.966275 1.000000 -0.077012 -0.399386 2.986110 1.000000 -0.036927 -0.794561 3.029033 1.000000 -0.015373 -0.872295 2.987538 1.000000
1645398940 -0.191467 0.207927 2.958992 1.000000 -0.192948 0.277944 2.969104 1.000000 -0.194868 0.633668 2.961877 1.000000 -0.169782 0.807576 2.854515 1.000000 -0.352993 0.535617 2.959084 1.000000 -0.400137 0.254399 2.957237 1.000000 -0.412598 -0.011353 2.938566 1.000000 -0.413773 -0.097654 2.917308 1.000000 -0.035560 0.531668 2.977583 1.000000 0.007405 0.252447 2.978160 1.000000 0.038485 -0.037000 2.923528 1.000000 0.035661 -0.107265 2.892655 1.000000 -0.259736 0.136940 2.947824 1.000000 -0.301874 -0.402512 2.986579 1.000000 -0.321887 -0.795792 3.033181 1.000000 -0.322560 -0.845080 2.957018 1.000000 -0.120686 0.135134 2.966258 1.000000 -0.075533 -0.399748 2.985436 1.000000 -0.037229 -0.795010 3.029155 1.000000 -0.014638 -0.872588 2.987899 1.000000
1645442838 -0.190856 0.208216 2.958763 1.000000 -0.192131 0.278577 2.968586 1.000000 -0.192488 0.635569 2.957852 1.000000 -0.167862 0.810300 2.854736 1.000000 -0.349869 0.537031 2.959056 1.000000 -0.407902 0.257861 2.970920 1.000000 -0.424899 -0.011007 2.954761 1.000000 -0.429177 -0.113624 2.970882 1.000000 -0.032722 0.531685 2.978280 1.000000 0.017177 0.256916 2.994979 1.000000 0.058899 0.001896 2.965911 1.000000 0.056396 -0.099487 2.952239 1.000000 -0.259253 0.137301 2.947440 1.000000 -0.301163 -0.403107 2.985958 1.000000 -0.321023 -0.796878 3.032279 1.000000 -0.324381 -0.845826 2.955949 1.000000 -0.120338 0.135210 2.966377 1.000000 -0.073757 -0.399532 2.984429 1.000000 -0.037306 -0.795465 3.029470 1.000000 -0.013842 -0.872674 2.987977 1.000000
1645475509 -0.189385 0.209258 2.957497 1.000000 -0.190366 0.280023 2.965772 1.000000 -0.189545 0.636487 2.949064 1.000000 -0.166250 0.812158 2.851987 1.000000 -0.348547 0.538257 2.957281 1.000000 -0.420251 0.266312 2.988670 1.000000 -0.450304 -0.014277 2.993873 1.000000 -0.449902 -0.089834 2.979825 1.000000 -0.030557 0.531591 2.977490 1.000000 0.025853 0.268817 3.004213 1.000000 0.071960 0.043976 2.997161 1.000000 0.086871 -0.058711 2.990511 1.000000 -0.258533 0.138053 2.946798 1.000000 -0.299659 -0.402008 2.984293 1.000000 -0.320492 -0.796979 3.032264 1.000000 -0.327506 -0.850247 2.959122 1.000000 -0.118878 0.135770 2.965705 1.000000 -0.071763 -0.399063 2.984417 1.000000 -0.037008 -0.795415 3.029176 1.000000 -0.011774 -0.872861 2.989152 1.000000
1645506691 -0.187338 0.210747 2.956064 1.000000 -0.188076 0.281806 2.962251 1.000000 -0.186882 0.637794 2.941049 1.000000 -0.167130 0.814132 2.850527 1.000000 -0.347731 0.539102 2.956184 1.000000 -0.427211 0.274152 2.999718 1.000000 -0.471150 -0.013300 3.034253 1.000000 -0.456035 -0.077337 2.992463 1.000000 -0.028673 0.532309 2.977302 1.000000 0.032029 0.270735 3.011309 1.000000 0.089940 0.011338 3.007467 1.000000 0.090658 -0.083692 2.995227 1.000000 -0.257323 0.138915 2.945768 1.000000 -0.298367 -0.400999 2.983133 1.000000 -0.319211 -0.795563 3.031439 1.000000 -0.327560 -0.861280 2.969398 1.000000 -0.116590 0.136993 2.965463 1.000000 -0.071258 -0.398998 2.984207 1.000000 -0.035792 -0.794824 3.026583 1.000000 -0.012209 -0.874519 2.990114 1.000000
1645548614 -0.186372 0.210999 2.955236 1.000000 -0.187240 0.281955 2.960102 1.000000 -0.187161 0.636967 2.939105 1.000000 -0.166686 0.814343 2.851321 1.000000 -0.347086 0.539676 2.954412 1.000000 -0.431998 0.279280 3.008646 1.000000 -0.469727 0.059204 3.047943 1.000000 -0.466033 -0.044045 3.036370 1.000000 -0.027970 0.532230 2.976659 1.000000 0.033821 0.275900 3.013785 1.000000 0.094720 0.034563 3.021575 1.000000 0.094876 -0.068498 3.007928 1.000000 -0.256384 0.139113 2.944643 1.000000 -0.297940 -0.401726 2.981496 1.000000 -0.319048 -0.795289 3.031674 1.000000 -0.327160 -0.852388 2.961586 1.000000 -0.115244 0.137142 2.965326 1.000000 -0.070154 -0.399096 2.984231 1.000000 -0.035249 -0.794951 3.027009 1.000000 -0.012820 -0.874098 2.988652 1.000000
1645582728 -0.185496 0.211722 2.954288 1.000000 -0.186253 0.282627 2.957884 1.000000 -0.186148 0.636914 2.937110 1.000000 -0.165553 0.815973 2.851151 1.000000 -0.346741 0.540213 2.953244 1.000000 -0.432892 0.282955 3.017048 1.000000 -0.477307 -0.009346 3.059067 1.000000 -0.476686 -0.086180 3.061373 1.000000 -0.026891 0.532229 2.976350 1.000000 0.037894 0.279446 3.017616 1.000000 0.096283 0.044783 3.027814 1.000000 0.100707 -0.059009 3.022898 1.000000 -0.256059 0.139606 2.944055 1.000000 -0.296767 -0.400981 2.980136 1.000000 -0.317938 -0.796027 3.031748 1.000000 -0.329523 -0.852919 2.961958 1.000000 -0.114086 0.137610 2.964717 1.000000 -0.069384 -0.399043 2.984000 1.000000 -0.034902 -0.795093 3.027321 1.000000 -0.013046 -0.874131 2.988376 1.000000
1645615876 -0.185017 0.212284 2.953636 1.000000 -0.185834 0.283065 2.956354 1.000000 -0.186175 0.636935 2.936860 1.000000 -0.163983 0.816168 2.849561 1.000000 -0.346694 0.540323 2.952900 1.000000 -0.436852 0.280772 3.023975 1.000000 -0.477124 0.027345 3.066689 1.000000 -0.478890 -0.072876 3.064775 1.000000 -0.024372 0.532118 2.976839 1.000000 0.040359 0.277950 3.019354 1.000000 0.111877 0.000243 3.047943 1.000000 0.104315 -0.090650 3.023700 1.000000 -0.255861 0.139839 2.943153 1.000000 -0.296272 -0.401793 2.979242 1.000000 -0.317951 -0.796088 3.031492 1.000000 -0.331113 -0.852878 2.961878 1.000000 -0.113269 0.137831 2.964447 1.000000 -0.068274 -0.398986 2.983442 1.000000 -0.034559 -0.795037 3.027232 1.000000 -0.013290 -0.873831 2.987439 1.000000
1645659539 -0.184202 0.212156 2.952229 1.000000 -0.185119 0.282901 2.954208 1.000000 -0.186133 0.636750 2.936285 1.000000 -0.162122 0.811478 2.847952 1.000000 -0.346488 0.539787 2.951633 1.000000 -0.437405 0.280306 3.024553 1.000000 -0.478443 0.024796 3.067857 1.000000 -0.477853 -0.072252 3.063889 1.000000 -0.023451 0.531366 2.976487 1.000000 0.043952 0.273845 3.020355 1.000000 0.108398 0.005380 3.038742 1.000000 0.107385 -0.092182 3.027794 1.000000 -0.255223 0.139484 2.941066 1.000000 -0.295110 -0.400023 2.977159 1.000000 -0.317278 -0.796827 3.031304 1.000000 -0.331148 -0.853414 2.961641 1.000000 -0.111981 0.137426 2.963385 1.000000 -0.067223 -0.398776 2.982634 1.000000 -0.034474 -0.795291 3.026701 1.000000 -0.013836 -0.874977 2.988340 1.000000
1645692222 -0.183231 0.212803 2.950723 1.000000 -0.184213 0.283377 2.951926 1.000000 -0.185899 0.636397 2.934764 1.000000 -0.159964 0.812056 2.847866 1.000000 -0.346100 0.539662 2.950206 1.000000 -0.438742 0.278930 3.023237 1.000000 -0.478755 0.020561 3.061648 1.000000 -0.474711 -0.075833 3.057534 1.000000 -0.021302 0.530898 2.975176 1.000000 0.044969 0.273694 3.019377 1.000000 0.107906 0.007131 3.036813 1.000000 0.107235 -0.092643 3.027432 1.000000 -0.254618 0.139680 2.939482 1.000000 -0.294525 -0.402507 2.975574 1.000000 -0.315059 -0.799702 3.029898 1.000000 -0.340404 -0.854010 2.961643 1.000000 -0.110540 0.137839 2.962297 1.000000 -0.066144 -0.398201 2.980367 1.000000 -0.034274 -0.795940 3.027481 1.000000 -0.015197 -0.874615 2.986289 1.000000
1645723738 -0.182384 0.213236 2.949259 1.000000 -0.183427 0.283745 2.949816 1.000000 -0.185557 0.636445 2.933720 1.000000 -0.160397 0.813083 2.846774 1.000000 -0.345350 0.539527 2.947778 1.000000 -0.439978 0.276237 3.018300 1.000000 -0.478231 0.009536 3.052143 1.000000 -0.471233 -0.085505 3.043959 1.000000 -0.020293 0.531018 2.975093 1.000000 0.046958 0.272832 3.015673 1.000000 0.100798 0.008415 3.012952 1.000000 0.105245 -0.095598 3.013007 1.000000 -0.253902 0.139871 2.937398 1.000000 -0.294225 -0.402998 2.974933 1.000000 -0.315410 -0.804931 3.036394 1.000000 -0.337853 -0.851155 2.961470 1.000000 -0.109521 0.138079 2.961379 1.000000 -0.064937 -0.397656 2.978804 1.000000 -0.034238 -0.795965 3.027632 1.000000 -0.015644 -0.874075 2.985124 1.000000
1645765662 -0.181420 0.212319 2.948317 1.000000 -0.182772 0.282974 2.948400 1.000000 -0.185883 0.636078 2.933250 1.000000 -0.159683 0.809024 2.844957 1.000000 -0.345869 0.536744 2.944841 1.000000 -0.441935 0.273774 3.008723 1.000000 -0.470215 0.008324 2.991303 1.000000 -0.464139 -0.095571 2.987565 1.000000 -0.020181 0.530857 2.974918 1.000000 0.048936 0.269166 3.007766 1.000000 0.100983 -0.018518 2.987616 1.000000 0.092448 -0.108084 2.986285 1.000000 -0.252734 0.138725 2.936226 1.000000 -0.293951 -0.403699 2.973965 1.000000 -0.315926 -0.803650 3.034679 1.000000 -0.335327 -0.852148 2.960325 1.000000 -0.107944 0.136854 2.960423 1.000000 -0.064561 -0.398138 2.977376 1.000000 -0.034279 -0.796048 3.027659 1.000000 -0.015918 -0.875097 2.986781 1.000000
1645799766 -0.180921 0.212524 2.946930 1.000000 -0.182139 0.283120 2.946445 1.000000 -0.185070 0.635933 2.931932 1.000000 -0.158236 0.811286 2.843416 1.000000 -0.345648 0.537192 2.943668 1.000000 -0.443243 0.270857 2.998977 1.000000 -0.464785 0.006755 2.979182 1.000000 -0.458692 -0.096915 2.971608 1.000000 -0.019320 0.531525 2.973836 1.000000 0.053804 0.265835 2.988527 1.000000 0.087384 -0.031443 2.940414 1.000000 0.085740 -0.108365 2.942228 1.000000 -0.252487 0.139016 2.935074 1.000000 -0.293917 -0.404320 2.973245 1.000000 -0.315957 -0.803721 3.033842 1.000000 -0.337370 -0.852516 2.960231 1.000000 -0.107409 0.136778 2.958944 1.000000 -0.064199 -0.398696 2.975764 1.000000 -0.034302 -0.796038 3.027435 1.000000 -0.016608 -0.872528 2.981673 1.000000
1645832466 -0.180283 0.212183 2.945933 1.000000 -0.181471 0.282754 2.945045 1.000000 -0.184735 0.635562 2.931434 1.000000 -0.158099 0.811586 2.843358 1.000000 -0.345458 0.536791 2.943186 1.000000 -0.447652 0.275022 2.986674 1.000000 -0.449463 0.017670 2.926852 1.000000 -0.444092 -0.080994 2.920992 1.000000 -0.018237 0.531878 2.971948 1.000000 0.056884 0.262948 2.969330 1.000000 0.076942 -0.035336 2.918952 1.000000 0.082915 -0.112905 2.922755 1.000000 -0.251951 0.138669 2.934136 1.000000 -0.293798 -0.405220 2.972161 1.000000 -0.315696 -0.803861 3.033491 1.000000 -0.335787 -0.850490 2.958117 1.000000 -0.106613 0.136244 2.957740 1.000000 -0.063469 -0.398405 2.974003 1.000000 -0.034386 -0.796074 3.026913 1.000000 -0.018453 -0.874151 2.983217 1.000000
1645876189 -0.179828 0.211540 2.945239 1.000000 -0.181055 0.282055 2.944316 1.000000 -0.184571 0.633744 2.932716 1.000000 -0.163545 0.781456 2.846654 1.000000 -0.346117 0.535757 2.942905 1.000000 -0.457003 0.287633 2.944611 1.000000 -0.441406 0.034637 2.866305 1.000000 -0.425489 -0.068198 2.872007 1.000000 -0.017494 0.531032 2.970624 1.000000 0.065270 0.264118 2.938187 1.000000 0.062988 0.032410 2.848727 1.000000 0.054613 -0.071469 2.848727 1.000000 -0.251702 0.137659 2.933211 1.000000 -0.292766 -0.403157 2.969772 1.000000 -0.314018 -0.799873 3.026661 1.000000 -0.335451 -0.852300 2.955571 1.000000 -0.105466 0.134991 2.956077 1.000000 -0.063071 -0.398409 2.973356 1.000000 -0.034525 -0.796395 3.023838 1.000000 -0.017744 -0.876491 2.984280 1.000000
1645908570 -0.179814 0.211104 2.944742 1.000000 -0.181078 0.281575 2.944048 1.000000 -0.184906 0.632080 2.934701 1.000000 -0.163758 0.781581 2.846578 1.000000 -0.346737 0.533481 2.938859 1.000000 -0.466064 0.300293 2.895411 1.000000 -0.427246 0.070984 2.807712 1.000000 -0.399308 -0.029412 2.807712 1.000000 -0.017047 0.531474 2.968653 1.000000 0.074871 0.287036 2.911724 1.000000 0.054504 0.077454 2.811618 1.000000 0.031851 -0.022936 2.795228 1.000000 -0.252024 0.136728 2.932073 1.000000 -0.293204 -0.404758 2.967751 1.000000 -0.316221 -0.800000 3.030684 1.000000 -0.333151 -0.850927 2.957319 1.000000 -0.105197 0.134525 2.955235 1.000000 -0.062404 -0.398148 2.971060 1.000000 -0.034740 -0.796491 3.024274 1.000000 -0.014909 -0.875187 2.983332 1.000000
1645939862 -0.179285 0.210853 2.943399 1.000000 -0.180711 0.281289 2.943158 1.000000 -0.184922 0.632009 2.934652 1.000000 -0.156836 0.803370 2.841905 1.000000 -0.344498 0.534495 2.937077 1.000000 -0.473702 0.326372 2.884978 1.000000 -0.407629 0.097080 2.770898 1.000000 -0.380127 -0.000185 2.776460 1.000000 -0.016163 0.531522 2.967243 1.000000 0.081682 0.302397 2.882164 1.000000 0.028688 0.105963 2.778234 1.000000 0.008499 0.020599 2.768648 1.000000 -0.251654 0.137216 2.930967 1.000000 -0.293314 -0.405416 2.965361 1.000000 -0.316384 -0.801096 3.029549 1.000000 -0.333108 -0.851697 2.955908 1.000000 -0.104179 0.133897 2.952928 1.000000 -0.061930 -0.397884 2.967083 1.000000 -0.034902 -0.796695 3.024276 1.000000 -0.014697 -0.875243 2.983225 1.000000
1645982612 -0.178827 0.211206 2.940590 1.000000 -0.180297 0.281399 2.941315 1.000000 -0.184835 0.631890 2.934429 1.000000 -0.153907 0.808320 2.842827 1.000000 -0.343165 0.535088 2.934952 1.000000 -0.476492 0.351428 2.861121 1.000000 -0.376465 0.123413 2.710053 1.000000 -0.343122 0.047408 2.664190 1.000000 -0.012397 0.530196 2.962164 1.000000 0.089133 0.336671 2.864472 1.000000 0.021375 0.153978 2.743345 1.000000 -0.019155 0.059505 2.726300 1.000000 -0.251860 0.137883 2.928558 1.000000 -0.292904 -0.409467 2.962768 1.000000 -0.316615 -0.802717 3.027434 1.000000 -0.325821 -0.849109 2.949810 1.000000 -0.102867 0.133820 2.948455 1.000000 -0.061491 -0.398360 2.964964 1.000000 -0.035050 -0.797364 3.024514 1.000000 -0.014528 -0.879751 2.992053 1.000000
1646015932 -0.176873 0.212841 2.936774 1.000000 -0.178929 0.282575 2.939009 1.000000 -0.184951 0.632032 2.934220 1.000000 -0.154008 0.809879 2.842797 1.000000 -0.343296 0.535433 2.932446 1.000000 -0.480595 0.357826 2.843743 1.000000 -0.351318 0.173584 2.686615 1.000000 -0.308226 0.112170 2.638732 1.000000 -0.011464 0.532501 2.957193 1.000000 0.094082 0.338325 2.846231 1.000000 -0.051697 0.164307 2.713959 1.000000 -0.087284 0.100657 2.689202 1.000000 -0.249271 0.138884 2.924311 1.000000 -0.292766 -0.410865 2.961183 1.000000 -0.317125 -0.806436 3.025377 1.000000 -0.323473 -0.849727 2.945706 1.000000 -0.100505 0.136183 2.943720 1.000000 -0.060992 -0.399301 2.961982 1.000000 -0.034436 -0.797251 3.024263 1.000000 -0.015567 -0.879282 2.989963 1.000000
1646049786 -0.174585 0.213797 2.934386 1.000000 -0.177015 0.283217 2.937480 1.000000 -0.184713 0.631802 2.933323 1.000000 -0.154092 0.809572 2.839974 1.000000 -0.343175 0.536082 2.931397 1.000000 -0.483524 0.371512 2.817188 1.000000 -0.360457 0.257283 2.657659 1.000000 -0.351737 0.191397 2.696415 1.000000 -0.010979 0.533499 2.955633 1.000000 0.099964 0.345213 2.820538 1.000000 -0.032147 0.234759 2.666095 1.000000 -0.047363 0.219116 2.676851 1.000000 -0.245571 0.139455 2.921724 1.000000 -0.292819 -0.412135 2.958087 1.000000 -0.318476 -0.807825 3.025554 1.000000 -0.323503 -0.850773 2.945608 1.000000 -0.098860 0.137368 2.941501 1.000000 -0.060649 -0.399582 2.958692 1.000000 -0.034533 -0.797860 3.024271 1.000000 -0.016044 -0.881427 2.993680 1.000000
1646093022 -0.173687 0.213998 2.932310 1.000000 -0.176297 0.283307 2.936218 1.000000 -0.184978 0.631577 2.932138 1.000000 -0.153712 0.807763 2.836697 1.000000 -0.343199 0.535965 2.927788 1.000000 -0.506836 0.377686 2.772363 1.000000 -0.342518 0.333593 2.615436 1.000000 -0.271610 0.303632 2.615436 1.000000 -0.010749 0.532092 2.950217 1.000000 0.112567 0.360661 2.783527 1.000000 -0.060273 0.297422 2.644953 1.000000 -0.153343 0.277705 2.602576 1.000000 -0.244105 0.139496 2.919635 1.000000 -0.292741 -0.411291 2.955611 1.000000 -0.317562 -0.808970 3.024117 1.000000 -0.336598 -0.857524 2.949667 1.000000 -0.098223 0.137696 2.939388 1.000000 -0.060630 -0.399170 2.956853 1.000000 -0.034513 -0.797969 3.024384 1.000000 -0.016750 -0.882598 2.996366 1.000000
1646125705 -0.173117 0.213272 2.929474 1.000000 -0.175893 0.282622 2.934905 1.000000 -0.185033 0.631429 2.931971 1.000000 -0.155061 0.803482 2.835541 1.000000 -0.342955 0.537628 2.921357 1.000000 -0.502401 0.376355 2.754621 1.000000 -0.219849 0.395996 2.645601 1.000000 -0.161051 0.395996 2.595924 1.000000 -0.011879 0.532327 2.943218 1.000000 0.121364 0.364954 2.783772 1.000000 -0.056183 0.402832 2.639742 1.000000 -0.127277 0.400991 2.610292 1.000000 -0.243709 0.138737 2.915181 1.000000 -0.292596 -0.411949 2.951518 1.000000 -0.316765 -0.810818 3.023347 1.000000 -0.333541 -0.858370 2.947712 1.000000 -0.097417 0.137195 2.936866 1.000000 -0.059631 -0.399016 2.951976 1.000000 -0.034141 -0.798060 3.024789 1.000000 -0.016996 -0.882535 2.995924 1.000000
1646157293 -0.171751 0.211355 2.924985 1.000000 -0.174451 0.281097 2.932009 1.000000 -0.184298 0.631683 2.930473 1.000000 -0.156347 0.805177 2.829858 1.000000 -0.341790 0.535615 2.919592 1.000000 -0.504153 0.378436 2.737433 1.000000 -0.219849 0.401449 2.642082 1.000000 -0.161058 0.401449 2.592411 1.000000 -0.013667 0.533665 2.935393 1.000000 0.121906 0.370400 2.775048 1.000000 -0.038311 0.463335 2.638224 1.000000 -0.123057 0.499414 2.589652 1.000000 -0.242735 0.137556 2.911211 1.000000 -0.291212 -0.408812 2.946692 1.000000 -0.316488 -0.810260 3.022995 1.000000 -0.333738 -0.855532 2.946085 1.000000 -0.096022 0.136133 2.931957 1.000000 -0.059449 -0.398256 2.946518 1.000000 -0.034230 -0.798283 3.024351 1.000000 -0.015463 -0.882239 2.995002 1.000000
1646199002 -0.172370 0.208182 2.919415 1.000000 -0.175318 0.278960 2.926360 1.000000 -0.186733 0.635536 2.919696 1.000000 -0.158086 0.806804 2.827957 1.000000 -0.343058 0.522426 2.909662 1.000000 -0.492605 0.385162 2.740906 1.000000 -0.358398 0.533203 2.608491 1.000000 -0.299613 0.533203 2.558824 1.000000 -0.014692 0.523575 2.928730 1.000000 0.118992 0.378453 2.765873 1.000000 -0.071899 0.533203 2.606538 1.000000 -0.138043 0.560109 2.577838 1.000000 -0.243888 0.134980 2.907578 1.000000 -0.290821 -0.401867 2.941168 1.000000 -0.316289 -0.806783 3.018004 1.000000 -0.341404 -0.864072 2.952053 1.000000 -0.095657 0.132967 2.925878 1.000000 -0.059414 -0.397806 2.944067 1.000000 -0.034322 -0.798470 3.023627 1.000000 -0.014832 -0.882535 2.995071 1.000000
1646232710 -0.172061 0.209315 2.915017 1.000000 -0.173963 0.279952 2.922504 1.000000 -0.178923 0.635623 2.915694 1.000000 -0.159467 0.808465 2.824692 1.000000 -0.342031 0.525822 2.908168 1.000000 -0.473543 0.400551 2.745181 1.000000 -0.389985 0.575472 2.622561 1.000000 -0.336065 0.621421 2.592553 1.000000 -0.017785 0.521712 2.921089 1.000000 0.101058 0.391514 2.758924 1.000000 -0.074444 0.537166 2.608402 1.000000 -0.089539 0.614258 2.612396 1.000000 -0.244274 0.136796 2.902724 1.000000 -0.290695 -0.401474 2.939951 1.000000 -0.317583 -0.806588 3.018759 1.000000 -0.338317 -0.861052 2.949012 1.000000 -0.096677 0.135130 2.920834 1.000000 -0.059425 -0.397693 2.938723 1.000000 -0.034536 -0.798509 3.023053 1.000000 -0.012775 -0.882233 2.995167 1.000000
1646265822 -0.172324 0.209641 2.908338 1.000000 -0.174451 0.279517 2.916978 1.000000 -0.180662 0.632126 2.911937 1.000000 -0.159269 0.806304 2.822936 1.000000 -0.339284 0.524983 2.902673 1.000000 -0.467703 0.408747 2.736704 1.000000 -0.399037 0.594738 2.622438 1.000000 -0.357601 0.656712 2.603600 1.000000 -0.015527 0.524024 2.917753 1.000000 0.106695 0.397534 2.755177 1.000000 0.047363 0.573580 2.619415 1.000000 0.036659 0.649725 2.619415 1.000000 -0.244438 0.136917 2.897231 1.000000 -0.290506 -0.403704 2.936412 1.000000 -0.317410 -0.807103 3.018727 1.000000 -0.344513 -0.862564 2.952040 1.000000 -0.096715 0.135954 2.912083 1.000000 -0.058995 -0.396709 2.936105 1.000000 -0.034156 -0.798537 3.022991 1.000000 -0.012697 -0.882548 2.995802 1.000000
1646309773 -0.171472 0.206023 2.902620 1.000000 -0.174261 0.275814 2.913683 1.000000 -0.181908 0.628307 2.911983 1.000000 -0.162786 0.774963 2.822312 1.000000 -0.341440 0.520252 2.893576 1.000000 -0.472770 0.412635 2.723553 1.000000 -0.449229 0.615085 2.621197 1.000000 -0.422372 0.685763 2.607298 1.000000 -0.016056 0.523397 2.915773 1.000000 0.115817 0.408302 2.752192 1.000000 0.060974 0.616211 2.655364 1.000000 0.032319 0.684066 2.633357 1.000000 -0.243160 0.131904 2.889372 1.000000 -0.290610 -0.400951 2.929129 1.000000 -0.317662 -0.806709 3.018241 1.000000 -0.335124 -0.865405 2.951128 1.000000 -0.095380 0.132629 2.905521 1.000000 -0.059645 -0.395818 2.929429 1.000000 -0.032625 -0.797413 3.018541 1.000000 -0.013348 -0.882882 2.994506 1.000000
1646342121 -0.171404 0.204458 2.896619 1.000000 -0.174278 0.273991 2.909497 1.000000 -0.182013 0.627014 2.909812 1.000000 -0.162163 0.787328 2.812301 1.000000 -0.342257 0.518331 2.889859 1.000000 -0.475330 0.411166 2.721207 1.000000 -0.478838 0.621318 2.635372 1.000000 -0.470054 0.695925 2.619129 1.000000 -0.014891 0.520826 2.913118 1.000000 0.122658 0.409031 2.752518 1.000000 0.108975 0.618965 2.667260 1.000000 0.093432 0.693575 2.657312 1.000000 -0.243708 0.129774 2.883159 1.000000 -0.289711 -0.404776 2.922408 1.000000 -0.318160 -0.807706 3.017654 1.000000 -0.344082 -0.863421 2.950757 1.000000 -0.094853 0.130636 2.899166 1.000000 -0.058670 -0.398727 2.923996 1.000000 -0.032045 -0.797235 3.017174 1.000000 -0.013313 -0.883600 2.996159 1.000000
1646373422 -0.172097 0.202457 2.892594 1.000000 -0.175179 0.271605 2.906712 1.000000 -0.183343 0.623280 2.906046 1.000000 -0.166971 0.773559 2.805108 1.000000 -0.343171 0.516577 2.886951 1.000000 -0.486398 0.396992 2.720438 1.000000 -0.516142 0.604843 2.634137 1.000000 -0.529483 0.679471 2.621571 1.000000 -0.015400 0.519052 2.911617 1.000000 0.134528 0.415042 2.758301 1.000000 0.139150 0.625920 2.669036 1.000000 0.141139 0.702572 2.674103 1.000000 -0.244270 0.128194 2.879947 1.000000 -0.290928 -0.403593 2.915635 1.000000 -0.319897 -0.807263 3.016133 1.000000 -0.342247 -0.862791 2.947819 1.000000 -0.095607 0.128449 2.894748 1.000000 -0.058215 -0.400509 2.918706 1.000000 -0.031949 -0.796256 3.013961 1.000000 -0.013091 -0.883648 2.997939 1.000000
1646416788 -0.172948 0.200852 2.888379 1.000000 -0.176164 0.269808 2.904626 1.000000 -0.183980 0.621917 2.904952 1.000000 -0.167479 0.772994 2.803231 1.000000 -0.343460 0.515616 2.884748 1.000000 -0.487417 0.378913 2.727218 1.000000 -0.552205 0.575776 2.633638 1.000000 -0.555933 0.651590 2.621716 1.000000 -0.015636 0.518814 2.911283 1.000000 0.144920 0.417508 2.769380 1.000000 0.191040 0.641602 2.694426 1.000000 0.199814 0.717641 2.687741 1.000000 -0.245178 0.126269 2.874275 1.000000 -0.291228 -0.405813 2.909346 1.000000 -0.321873 -0.808940 3.015306 1.000000 -0.339593 -0.862991 2.944502 1.000000 -0.096529 0.127214 2.890876 1.000000 -0.057627 -0.401533 2.913219 1.000000 -0.031080 -0.795694 3.009325 1.000000 -0.014404 -0.883930 2.995719 1.000000
1646449917 -0.172660 0.201070 2.885158 1.000000 -0.175997 0.270087 2.902633 1.000000 -0.183327 0.622994 2.901664 1.000000 -0.160787 0.792252 2.792168 1.000000 -0.342263 0.517068 2.882330 1.000000 -0.487147 0.357852 2.746591 1.000000 -0.601074 0.560547 2.628019 1.000000 -0.607204 0.636143 2.615760 1.000000 -0.015157 0.518522 2.910616 1.000000 0.168098 0.398317 2.785984 1.000000 0.233154 0.607910 2.710050 1.000000 0.255523 0.681300 2.706029 1.000000 -0.244955 0.126938 2.870445 1.000000 -0.291028 -0.412837 2.902860 1.000000 -0.321747 -0.810338 3.013458 1.000000 -0.344403 -0.864706 2.944326 1.000000 -0.096390 0.127144 2.888650 1.000000 -0.057226 -0.404087 2.908277 1.000000 -0.030510 -0.795422 3.007074 1.000000 -0.022668 -0.846092 2.913332 1.000000
1646482655 -0.173351 0.201397 2.881748 1.000000 -0.176760 0.270256 2.899819 1.000000 -0.183842 0.621829 2.895807 1.000000 -0.162229 0.794699 2.788510 1.000000 -0.342161 0.519409 2.882005 1.000000 -0.484604 0.359879 2.769368 1.000000 -0.628486 0.473293 2.630297 1.000000 -0.680277 0.528616 2.617741 1.000000 -0.015010 0.518458 2.910450 1.000000 0.157350 0.384992 2.817419 1.000000 0.284488 0.545772 2.718359 1.000000 0.322849 0.641515 2.705608 1.000000 -0.245737 0.127466 2.867067 1.000000 -0.291416 -0.414208 2.899585 1.000000 -0.321720 -0.811047 3.013844 1.000000 -0.346997 -0.864907 2.945231 1.000000 -0.097042 0.127040 2.886108 1.000000 -0.056989 -0.405121 2.904352 1.000000 -0.031412 -0.795097 3.004848 1.000000 -0.014108 -0.883305 2.991914 1.000000
1646526771 -0.173324 0.202302 2.879203 1.000000 -0.176515 0.271264 2.897608 1.000000 -0.182802 0.622982 2.891090 1.000000 -0.159388 0.797939 2.782179 1.000000 -0.341947 0.520219 2.882375 1.000000 -0.475752 0.331397 2.803956 1.000000 -0.650698 0.374109 2.660518 1.000000 -0.709014 0.388346 2.617198 1.000000 -0.013354 0.517818 2.908612 1.000000 0.143105 0.364964 2.843732 1.000000 0.331485 0.437549 2.737709 1.000000 0.393506 0.516936 2.712025 1.000000 -0.246056 0.128313 2.865122 1.000000 -0.291503 -0.413725 2.896228 1.000000 -0.321729 -0.811584 3.012721 1.000000 -0.342179 -0.864046 2.941474 1.000000 -0.096941 0.127330 2.883832 1.000000 -0.057146 -0.406782 2.899173 1.000000 -0.031265 -0.794660 3.003530 1.000000 -0.015257 -0.883335 2.992259 1.000000
1646559517 -0.173199 0.202616 2.877007 1.000000 -0.176366 0.271498 2.895779 1.000000 -0.182547 0.622758 2.888091 1.000000 -0.159600 0.796492 2.775780 1.000000 -0.341338 0.520847 2.882167 1.000000 -0.461864 0.335272 2.837349 1.000000 -0.585814 0.182752 2.720549 1.000000 -0.627131 0.131912 2.686107 1.000000 -0.012277 0.517780 2.907916 1.000000 0.147364 0.338816 2.854856 1.000000 0.372070 0.417725 2.751064 1.000000 0.441425 0.450502 2.747263 1.000000 -0.246082 0.128758 2.862884 1.000000 -0.291239 -0.414081 2.892590 1.000000 -0.321484 -0.811765 3.011947 1.000000 -0.335362 -0.859139 2.935736 1.000000 -0.096774 0.127323 2.882073 1.000000 -0.056775 -0.407395 2.895982 1.000000 -0.030641 -0.794228 3.000354 1.000000 -0.023523 -0.845144 2.906713 1.000000
1646591039 -0.173894 0.200907 2.875080 1.000000 -0.176919 0.268972 2.893762 1.000000 -0.182752 0.612540 2.883750 1.000000 -0.175415 0.739014 2.783070 1.000000 -0.343137 0.519975 2.881490 1.000000 -0.457927 0.330466 2.841222 1.000000 -0.583335 0.171446 2.736825 1.000000 -0.641739 0.141694 2.696815 1.000000 -0.012367 0.509442 2.904724 1.000000 0.124559 0.319629 2.870492 1.000000 0.363281 0.319580 2.770594 1.000000 0.437322 0.329843 2.753000 1.000000 -0.247642 0.126264 2.860440 1.000000 -0.291460 -0.415214 2.890413 1.000000 -0.321158 -0.811951 3.010857 1.000000 -0.342808 -0.863319 2.939193 1.000000 -0.097114 0.124884 2.880139 1.000000 -0.056894 -0.407666 2.894867 1.000000 -0.031090 -0.793591 2.997733 1.000000 -0.024638 -0.844601 2.904109 1.000000
1646632818 -0.174647 0.200434 2.873648 1.000000 -0.177629 0.268554 2.892291 1.000000 -0.183181 0.612919 2.881380 1.000000 -0.167236 0.781250 2.754745 1.000000 -0.344251 0.519394 2.880702 1.000000 -0.456757 0.320668 2.846731 1.000000 -0.579790 0.157124 2.747366 1.000000 -0.656689 0.093502 2.718476 1.000000 -0.012280 0.509613 2.904304 1.000000 0.109472 0.311669 2.879946 1.000000 0.276414 0.177387 2.808509 1.000000 0.349780 0.163156 2.790823 1.000000 -0.248679 0.125397 2.859185 1.000000 -0.291674 -0.415778 2.889606 1.000000 -0.320406 -0.812172 3.008728 1.000000 -0.355568 -0.870975 2.949160 1.000000 -0.097657 0.124364 2.879082 1.000000 -0.057200 -0.407885 2.894397 1.000000 -0.030958 -0.793581 2.997958 1.000000 -0.024444 -0.844643 2.904371 1.000000
1646665824 -0.174756 0.200269 2.872901 1.000000 -0.177414 0.268627 2.890682 1.000000 -0.180687 0.613567 2.875643 1.000000 -0.162663 0.783851 2.757427 1.000000 -0.344648 0.519495 2.880712 1.000000 -0.457710 0.292316 2.840655 1.000000 -0.577148 0.087402 2.756920 1.000000 -0.614775 0.021008 2.748673 1.000000 -0.011993 0.508362 2.902717 1.000000 0.090494 0.302991 2.883646 1.000000 0.230293 0.136578 2.825332 1.000000 0.293281 0.095588 2.809700 1.000000 -0.248873 0.125313 2.859074 1.000000 -0.291567 -0.415061 2.888493 1.000000 -0.320571 -0.812454 3.008324 1.000000 -0.342851 -0.866227 2.938653 1.000000 -0.097876 0.123937 2.878363 1.000000 -0.057752 -0.407758 2.893587 1.000000 -0.031093 -0.793519 2.997900 1.000000 -0.025087 -0.844867 2.904440 1.000000
1646698731 -0.174779 0.199786 2.872664 1.000000 -0.177310 0.268135 2.889857 1.000000 -0.180201 0.613059 2.874609 1.000000 -0.162197 0.783715 2.757351 1.000000 -0.344819 0.519104 2.879459 1.000000 -0.449028 0.248922 2.825597 1.000000 -0.537598 0.027939 2.764732 1.000000 -0.561876 -0.072470 2.775326 1.000000 -0.012315 0.506911 2.901485 1.000000 0.093249 0.265856 2.873371 1.000000 0.220921 0.087391 2.826591 1.000000 0.297108 0.017093 2.832704 1.000000 -0.248930 0.125018 2.859025 1.000000 -0.291370 -0.413934 2.888214 1.000000 -0.319331 -0.811609 3.008043 1.000000 -0.334388 -0.866516 2.937327 1.000000 -0.098037 0.123402 2.878371 1.000000 -0.058027 -0.407599 2.893844 1.000000 -0.031845 -0.794185 3.000402 1.000000 -0.025826 -0.845582 2.906967 1.000000
1646742969 -0.175403 0.197611 2.872978 1.000000 -0.177735 0.266573 2.889357 1.000000 -0.180253 0.612918 2.873985 1.000000 -0.161757 0.782461 2.756335 1.000000 -0.344172 0.517836 2.877659 1.000000 -0.435410 0.236801 2.824103 1.000000 -0.479492 -0.052124 2.788168 1.000000 -0.470947 -0.145508 2.815512 1.000000 -0.013291 0.506664 2.900675 1.000000 0.075721 0.252442 2.861282 1.000000 0.165161 0.022415 2.829184 1.000000 0.206233 -0.042336 2.829184 1.000000 -0.249227 0.123395 2.860185 1.000000 -0.291127 -0.413135 2.888531 1.000000 -0.321301 -0.810555 3.007762 1.000000 -0.333106 -0.866919 2.937574 1.000000 -0.099196 0.121932 2.878796 1.000000 -0.059238 -0.407347 2.893638 1.000000 -0.033088 -0.793892 3.001152 1.000000 -0.015651 -0.882448 2.991333 1.000000
1646774531 -0.177061 0.193530 2.873741 1.000000 -0.179105 0.263320 2.888929 1.000000 -0.180568 0.612159 2.872837 1.000000 -0.161751 0.775565 2.758707 1.000000 -0.340501 0.516068 2.873376 1.000000 -0.402653 0.230937 2.824900 1.000000 -0.409180 -0.053253 2.794028 1.000000 -0.404541 -0.134277 2.794028 1.000000 -0.014346 0.504751 2.898702 1.000000 0.049103 0.234981 2.852496 1.000000 0.094971 -0.059784 2.817465 1.000000 0.102661 -0.158936 2.838950 1.000000 -0.249886 0.121460 2.861171 1.000000 -0.291108 -0.414103 2.889525 1.000000 -0.320519 -0.811593 3.009619 1.000000 -0.344024 -0.870338 2.944495 1.000000 -0.102502 0.117984 2.880690 1.000000 -0.059798 -0.407133 2.893966 1.000000 -0.033788 -0.794428 3.002503 1.000000 -0.015109 -0.882647 2.991869 1.000000
1646805826 -0.176694 0.192080 2.873755 1.000000 -0.178729 0.262042 2.888158 1.000000 -0.180550 0.611806 2.872118 1.000000 -0.159521 0.772924 2.757360 1.000000 -0.338138 0.516543 2.871897 1.000000 -0.393184 0.231760 2.827585 1.000000 -0.376185 0.012175 2.785748 1.000000 -0.361240 -0.088532 2.765822 1.000000 -0.015210 0.504568 2.896518 1.000000 0.033895 0.229287 2.849079 1.000000 0.032288 0.005127 2.801840 1.000000 0.034941 -0.097543 2.787199 1.000000 -0.248971 0.120615 2.861439 1.000000 -0.290925 -0.412927 2.890376 1.000000 -0.320808 -0.811119 3.009519 1.000000 -0.341881 -0.868496 2.942368 1.000000 -0.102678 0.117252 2.880920 1.000000 -0.061349 -0.405883 2.895944 1.000000 -0.033971 -0.794327 3.002391 1.000000 -0.014666 -0.882125 2.989563 1.000000
1646848597 -0.176691 0.191999 2.873673 1.000000 -0.178633 0.261975 2.887347 1.000000 -0.180532 0.611808 2.871159 1.000000 -0.158939 0.774576 2.753440 1.000000 -0.337465 0.516935 2.871528 1.000000 -0.387233 0.238026 2.834719 1.000000 -0.365297 0.025080 2.762130 1.000000 -0.340102 -0.071837 2.735055 1.000000 -0.015444 0.507865 2.895469 1.000000 0.017098 0.239880 2.848723 1.000000 0.004416 0.022597 2.791103 1.000000 -0.008113 -0.077982 2.769014 1.000000 -0.248937 0.120579 2.861580 1.000000 -0.290459 -0.412152 2.891370 1.000000 -0.320621 -0.811175 3.009464 1.000000 -0.338066 -0.866406 2.939528 1.000000 -0.102735 0.117273 2.880725 1.000000 -0.062624 -0.403542 2.897527 1.000000 -0.034252 -0.794541 3.003243 1.000000 -0.014486 -0.882052 2.989217 1.000000
1646882636 -0.176320 0.193052 2.873442 1.000000 -0.178205 0.262822 2.886273 1.000000 -0.179692 0.612173 2.869676 1.000000 -0.155029 0.777886 2.753215 1.000000 -0.336256 0.519988 2.871901 1.000000 -0.394324 0.257803 2.848676 1.000000 -0.347893 0.063910 2.737357 1.000000 -0.302148 -0.025607 2.711825 1.000000 -0.015255 0.509844 2.896059 1.000000 0.010395 0.250711 2.854838 1.000000 -0.012620 0.038202 2.781083 1.000000 -0.054508 -0.043530 2.732884 1.000000 -0.248991 0.121625 2.861672 1.000000 -0.289762 -0.412726 2.894799 1.000000 -0.320076 -0.811429 3.009372 1.000000 -0.338394 -0.866472 2.939521 1.000000 -0.101936 0.118895 2.880686 1.000000 -0.062976 -0.403811 2.899087 1.000000 -0.034419 -0.795176 3.004473 1.000000 -0.027596 -0.846944 2.911283 1.000000
1646915639 -0.173973 0.193638 2.873506 1.000000 -0.176079 0.263372 2.885523 1.000000 -0.178713 0.612720 2.869280 1.000000 -0.146524 0.776944 2.755060 1.000000 -0.333480 0.522552 2.872199 1.000000 -0.399903 0.273175 2.854320 1.000000 -0.321257 0.096642 2.731429 1.000000 -0.272150 0.047075 2.699668 1.000000 -0.014876 0.510140 2.896295 1.000000 0.010115 0.254267 2.859298 1.000000 -0.060117 0.066569 2.750128 1.000000 -0.104454 -0.003272 2.687562 1.000000 -0.246575 0.122270 2.862074 1.000000 -0.289038 -0.412558 2.898436 1.000000 -0.318100 -0.812112 3.012336 1.000000 -0.345798 -0.867555 2.945985 1.000000 -0.099018 0.120228 2.880939 1.000000 -0.062398 -0.403186 2.901643 1.000000 -0.034489 -0.795332 3.004854 1.000000 -0.027618 -0.847119 2.911685 1.000000
1646959827 -0.172057 0.195494 2.875110 1.000000 -0.174461 0.264877 2.885898 1.000000 -0.178413 0.613050 2.869258 1.000000 -0.146003 0.777968 2.755149 1.000000 -0.333066 0.523673 2.872319 1.000000 -0.426514 0.316650 2.879755 1.000000 -0.308350 0.164429 2.731520 1.000000 -0.225952 0.132568 2.690504 1.000000 -0.014194 0.510668 2.896310 1.000000 0.028523 0.294167 2.894312 1.000000 -0.069457 0.143866 2.750058 1.000000 -0.139537 0.113337 2.679977 1.000000 -0.244017 0.124272 2.864153 1.000000 -0.289045 -0.410749 2.902496 1.000000 -0.317877 -0.812308 3.012516 1.000000 -0.342302 -0.865021 2.942756 1.000000 -0.097217 0.121888 2.883101 1.000000 -0.062292 -0.401546 2.905039 1.000000 -0.034679 -0.795644 3.005247 1.000000 -0.027859 -0.847518 2.912135 1.000000
1646991268 -0.170668 0.198172 2.877547 1.000000 -0.172937 0.267317 2.886717 1.000000 -0.177124 0.614443 2.868839 1.000000 -0.144353 0.782169 2.756829 1.000000 -0.332479 0.526138 2.873394 1.000000 -0.427315 0.317732 2.879755 1.000000 -0.220710 0.211801 2.675818 1.000000 -0.159201 0.204944 2.630644 1.000000 -0.012907 0.513277 2.896338 1.000000 0.030575 0.297468 2.898266 1.000000 -0.066806 0.144959 2.756238 1.000000 -0.099266 0.094123 2.713385 1.000000 -0.241220 0.127700 2.868624 1.000000 -0.289333 -0.411009 2.905174 1.000000 -0.317811 -0.811872 3.013314 1.000000 -0.340636 -0.865160 2.943460 1.000000 -0.096991 0.124068 2.885360 1.000000 -0.062029 -0.399825 2.908709 1.000000 -0.034803 -0.795741 3.005517 1.000000 -0.028349 -0.847792 2.912490 1.000000
1647033799 -0.170724 0.201912 2.880458 1.000000 -0.172615 0.270685 2.888018 1.000000 -0.176271 0.615846 2.869247 1.000000 -0.145168 0.783116 2.757119 1.000000 -0.332595 0.527124 2.873922 1.000000 -0.427271 0.317762 2.879448 1.000000 -0.200877 0.261604 2.676947 1.000000 -0.153544 0.274226 2.618044 1.000000 -0.011170 0.518410 2.897018 1.000000 0.034829 0.303529 2.901479 1.000000 -0.089792 0.232755 2.718581 1.000000 -0.122859 0.237396 2.649629 1.000000 -0.240473 0.130180 2.870603 1.000000 -0.289521 -0.415717 2.911935 1.000000 -0.318004 -0.812421 3.013448 1.000000 -0.339332 -0.865331 2.942849 1.000000 -0.099089 0.127940 2.890093 1.000000 -0.061984 -0.399457 2.911230 1.000000 -0.034796 -0.795779 3.005559 1.000000 -0.028373 -0.847995 2.912633 1.000000
1647066807 -0.170204 0.204883 2.882385 1.000000 -0.171748 0.273530 2.888566 1.000000 -0.174398 0.617746 2.869665 1.000000 -0.144446 0.785640 2.759626 1.000000 -0.332471 0.528279 2.874079 1.000000 -0.426515 0.316946 2.878499 1.000000 -0.220581 0.316650 2.653396 1.000000 -0.145823 0.300827 2.648052 1.000000 -0.010843 0.518681 2.897366 1.000000 0.038818 0.304593 2.901285 1.000000 -0.088081 0.240526 2.717479 1.000000 -0.182861 0.307129 2.624099 1.000000 -0.239933 0.132962 2.872206 1.000000 -0.289383 -0.414193 2.913110 1.000000 -0.317965 -0.812425 3.013635 1.000000 -0.333045 -0.863267 2.939980 1.000000 -0.099172 0.130422 2.892614 1.000000 -0.061719 -0.398484 2.914523 1.000000 -0.034697 -0.796759 3.006810 1.000000 -0.010445 -0.883273 2.993985 1.000000
1647099954 -0.169516 0.208420 2.884267 1.000000 -0.170570 0.276728 2.888973 1.000000 -0.171068 0.619617 2.869504 1.000000 -0.144196 0.794680 2.759193 1.000000 -0.331843 0.530965 2.874751 1.000000 -0.419499 0.311959 2.873873 1.000000 -0.222148 0.339462 2.664540 1.000000 -0.151193 0.316245 2.647443 1.000000 -0.009780 0.521014 2.898049 1.000000 0.040385 0.306827 2.900000 1.000000 -0.087761 0.241591 2.717646 1.000000 -0.185028 0.328475 2.626666 1.000000 -0.239574 0.136543 2.874085 1.000000 -0.289138 -0.412968 2.914387 1.000000 -0.316308 -0.812439 3.014164 1.000000 -0.344168 -0.867180 2.947357 1.000000 -0.099090 0.133570 2.895139 1.000000 -0.061545 -0.398550 2.915603 1.000000 -0.034672 -0.797327 3.010535 1.000000 -0.011855 -0.883255 2.992326 1.000000
1647133644 -0.169127 0.209319 2.884739 1.000000 -0.169924 0.277807 2.888418 1.000000 -0.169443 0.621314 2.869413 1.000000 -0.143396 0.795681 2.760131 1.000000 -0.331173 0.531381 2.875027 1.000000 -0.416250 0.310393 2.872229 1.000000 -0.221401 0.357918 2.658823 1.000000 -0.146008 0.347998 2.649781 1.000000 -0.008932 0.521940 2.898101 1.000000 0.040408 0.307233 2.897038 1.000000 -0.087587 0.247709 2.712536 1.000000 -0.153118 0.297279 2.649427 1.000000 -0.239242 0.137889 2.875137 1.000000 -0.289316 -0.409881 2.916407 1.000000 -0.316872 -0.811692 3.014488 1.000000 -0.339569 -0.862758 2.942993 1.000000 -0.098845 0.134269 2.895365 1.000000 -0.061184 -0.397664 2.917833 1.000000 -0.034846 -0.797330 3.010204 1.000000 -0.010826 -0.882845 2.991635 1.000000
1647176738 -0.168726 0.209586 2.884822 1.000000 -0.169415 0.278203 2.887556 1.000000 -0.168839 0.622367 2.869049 1.000000 -0.144084 0.796729 2.760354 1.000000 -0.330680 0.531469 2.875221 1.000000 -0.410816 0.307778 2.868434 1.000000 -0.209744 0.369945 2.660205 1.000000 -0.134775 0.356348 2.652627 1.000000 -0.008256 0.522959 2.898457 1.000000 0.036409 0.305170 2.892844 1.000000 -0.091026 0.259889 2.703684 1.000000 -0.151687 0.311024 2.637074 1.000000 -0.238844 0.138149 2.875211 1.000000 -0.288961 -0.409004 2.917737 1.000000 -0.317169 -0.811331 3.014295 1.000000 -0.336555 -0.865323 2.943995 1.000000 -0.098415 0.134572 2.895538 1.000000 -0.061062 -0.397626 2.918172 1.000000 -0.034859 -0.797592 3.011028 1.000000 -0.010749 -0.882662 2.990659 1.000000
1647208054 -0.168205 0.209872 2.884695 1.000000 -0.168802 0.278584 2.886676 1.000000 -0.168252 0.623272 2.869347 1.000000 -0.143268 0.797359 2.763826 1.000000 -0.329700 0.531973 2.875793 1.000000 -0.408962 0.306959 2.868354 1.000000 -0.208100 0.383850 2.662825 1.000000 -0.133295 0.370005 2.654258 1.000000 -0.007647 0.523912 2.898446 1.000000 0.036264 0.307220 2.887931 1.000000 -0.093177 0.264893 2.699560 1.000000 -0.153977 0.317024 2.633879 1.000000 -0.238237 0.138362 2.875079 1.000000 -0.287944 -0.413265 2.921028 1.000000 -0.317411 -0.813358 3.013943 1.000000 -0.342356 -0.871682 2.949076 1.000000 -0.097849 0.135144 2.895201 1.000000 -0.060711 -0.397428 2.918557 1.000000 -0.034832 -0.797598 3.011018 1.000000 -0.010665 -0.882307 2.989290 1.000000
1647249694 -0.167757 0.209129 2.884329 1.000000 -0.168435 0.278029 2.885728 1.000000 -0.168289 0.623101 2.869456 1.000000 -0.143844 0.781739 2.775144 1.000000 -0.329471 0.531513 2.876132 1.000000 -0.404904 0.305022 2.867669 1.000000 -0.252523 0.352932 2.700565 1.000000 -0.160849 0.376410 2.658492 1.000000 -0.007637 0.523990 2.898443 1.000000 0.034597 0.301561 2.885717 1.000000 -0.091602 0.271927 2.692485 1.000000 -0.153127 0.324401 2.627781 1.000000 -0.237774 0.137560 2.874773 1.000000 -0.287929 -0.412275 2.921430 1.000000 -0.317302 -0.813367 3.013700 1.000000 -0.338011 -0.867006 2.943525 1.000000 -0.097204 0.134531 2.894455 1.000000 -0.060544 -0.397530 2.918822 1.000000 -0.034870 -0.797605 3.011007 1.000000 -0.010998 -0.882343 2.989095 1.000000
1647282587 -0.167415 0.208975 2.884368 1.000000 -0.168082 0.277952 2.885283 1.000000 -0.167986 0.624130 2.871459 1.000000 -0.143864 0.783371 2.775156 1.000000 -0.328981 0.531379 2.876427 1.000000 -0.402025 0.304466 2.867283 1.000000 -0.147892 0.359127 2.704474 1.000000 -0.183997 0.388896 2.643909 1.000000 -0.007695 0.524556 2.898437 1.000000 0.035274 0.307192 2.882900 1.000000 -0.091919 0.268808 2.692096 1.000000 -0.154534 0.322761 2.629716 1.000000 -0.237249 0.137524 2.874873 1.000000 -0.287533 -0.410631 2.922265 1.000000 -0.316982 -0.812830 3.013792 1.000000 -0.346927 -0.871086 2.951031 1.000000 -0.096898 0.134494 2.894158 1.000000 -0.060552 -0.397711 2.919051 1.000000 -0.033453 -0.805833 3.013281 1.000000 -0.018724 -0.892380 2.990430 1.000000
1647316755 -0.166268 0.210023 2.884264 1.000000 -0.166906 0.279256 2.884678 1.000000 -0.167247 0.626707 2.871361 1.000000 -0.138795 0.804012 2.781027 1.000000 -0.327587 0.532299 2.877274 1.000000 -0.395091 0.301823 2.867573 1.000000 -0.217651 0.375732 2.686597 1.000000 -0.146507 0.378117 2.658505 1.000000 -0.006355 0.524787 2.899107 1.000000 0.035177 0.305146 2.883896 1.000000 -0.091553 0.266804 2.692804 1.000000 -0.159278 0.316793 2.632518 1.000000 -0.236065 0.138254 2.874436 1.000000 -0.287069 -0.412976 2.925445 1.000000 -0.316729 -0.813889 3.014546 1.000000 -0.330784 -0.864495 2.940588 1.000000 -0.095606 0.135795 2.894317 1.000000 -0.060476 -0.397667 2.919000 1.000000 -0.033604 -0.804835 3.013179 1.000000 -0.017554 -0.891315 2.991001 1.000000
1647349683 -0.165652 0.210379 2.884453 1.000000 -0.166176 0.279743 2.884704 1.000000 -0.166250 0.628016 2.872969 1.000000 -0.138594 0.804374 2.783389 1.000000 -0.326796 0.532356 2.877756 1.000000 -0.390957 0.302655 2.867708 1.000000 -0.156616 0.374268 2.688550 1.000000 -0.140801 0.381575 2.614044 1.000000 -0.005624 0.524983 2.899261 1.000000 0.037159 0.307883 2.882684 1.000000 -0.117597 0.363696 2.711693 1.000000 -0.178509 0.385082 2.649595 1.000000 -0.235469 0.138423 2.874324 1.000000 -0.287013 -0.415558 2.928209 1.000000 -0.316915 -0.814508 3.014544 1.000000 -0.335749 -0.866957 2.942981 1.000000 -0.095056 0.136271 2.894516 1.000000 -0.060025 -0.398179 2.920073 1.000000 -0.033593 -0.803504 3.012751 1.000000 -0.017311 -0.890239 2.991806 1.000000
1647393981 -0.165047 0.210000 2.885025 1.000000 -0.165654 0.279279 2.885331 1.000000 -0.166735 0.626632 2.875250 1.000000 -0.148042 0.772781 2.793637 1.000000 -0.327101 0.531666 2.879489 1.000000 -0.381195 0.299227 2.866071 1.000000 -0.213759 0.353675 2.709177 1.000000 -0.148003 0.375057 2.652852 1.000000 -0.005434 0.524813 2.899810 1.000000 0.038934 0.308081 2.883273 1.000000 -0.091777 0.257609 2.698320 1.000000 -0.162415 0.305540 2.639785 1.000000 -0.234614 0.137757 2.875227 1.000000 -0.286872 -0.413226 2.928959 1.000000 -0.319104 -0.807095 3.011339 1.000000 -0.341878 -0.868772 2.948869 1.000000 -0.094370 0.135978 2.894575 1.000000 -0.059648 -0.398025 2.921295 1.000000 -0.032881 -0.799910 3.011619 1.000000 -0.018982 -0.887444 2.992383 1.000000
1647426677 -0.164503 0.210718 2.885759 1.000000 -0.165109 0.280045 2.885943 1.000000 -0.166387 0.627342 2.875743 1.000000 -0.145615 0.791375 2.786941 1.000000 -0.325914 0.532300 2.880438 1.000000 -0.379419 0.304575 2.867405 1.000000 -0.150738 0.354264 2.688061 1.000000 -0.147683 0.366376 2.612595 1.000000 -0.004943 0.525069 2.900366 1.000000 0.040589 0.308907 2.888726 1.000000 -0.184112 0.359695 2.683799 1.000000 -0.150829 0.376480 2.617003 1.000000 -0.233783 0.138597 2.876238 1.000000 -0.286608 -0.412722 2.931209 1.000000 -0.317595 -0.808178 3.012901 1.000000 -0.346291 -0.868693 2.951759 1.000000 -0.094035 0.136900 2.895060 1.000000 -0.059454 -0.396822 2.923676 1.000000 -0.033034 -0.799775 3.011554 1.000000 -0.017207 -0.886799 2.991546 1.000000
1647459333 -0.164233 0.211182 2.886715 1.000000 -0.164926 0.280482 2.886984 1.000000 -0.166654 0.627539 2.877387 1.000000 -0.145314 0.790746 2.787623 1.000000 -0.325796 0.532295 2.880580 1.000000 -0.378924 0.303839 2.869722 1.000000 -0.203430 0.331787 2.697341 1.000000 -0.146654 0.352054 2.650274 1.000000 -0.004397 0.524789 2.901702 1.000000 0.040756 0.308669 2.891049 1.000000 -0.184079 0.355540 2.685387 1.000000 -0.139410 0.360389 2.623493 1.000000 -0.233364 0.139046 2.877209 1.000000 -0.285975 -0.411319 2.932987 1.000000 -0.315853 -0.806412 3.013265 1.000000 -0.338990 -0.885453 2.975322 1.000000 -0.093861 0.137266 2.895596 1.000000 -0.059221 -0.396915 2.926483 1.000000 -0.033333 -0.798921 3.011428 1.000000 -0.018232 -0.886307 2.992506 1.000000
1647490652 -0.163587 0.211600 2.888375 1.000000 -0.164399 0.280802 2.888067 1.000000 -0.166554 0.627509 2.877464 1.000000 -0.145227 0.790963 2.788667 1.000000 -0.325553 0.532407 2.880757 1.000000 -0.378215 0.302995 2.870394 1.000000 -0.198975 0.341309 2.645584 1.000000 -0.126534 0.320362 2.658291 1.000000 -0.003753 0.524721 2.903238 1.000000 0.044427 0.309884 2.899114 1.000000 -0.179394 0.350914 2.691051 1.000000 -0.254000 0.364590 2.626188 1.000000 -0.232500 0.139459 2.878845 1.000000 -0.285523 -0.411888 2.936085 1.000000 -0.315461 -0.808212 3.015428 1.000000 -0.352271 -0.874687 2.965959 1.000000 -0.093321 0.137670 2.897958 1.000000 -0.059216 -0.397371 2.930933 1.000000 -0.033809 -0.798995 3.013098 1.000000 -0.016047 -0.885254 2.991538 1.000000
1647533419 -0.162430 0.213341 2.889933 1.000000 -0.163276 0.282671 2.889027 1.000000 -0.165589 0.629961 2.877337 1.000000 -0.141624 0.806379 2.788796 1.000000 -0.324867 0.532945 2.881330 1.000000 -0.377614 0.310005 2.874133 1.000000 -0.215162 0.317778 2.702198 1.000000 -0.160460 0.320396 2.648839 1.000000 -0.003067 0.526036 2.904623 1.000000 0.044177 0.311142 2.901407 1.000000 -0.093819 0.218173 2.742110 1.000000 -0.173037 0.324343 2.642410 1.000000 -0.230933 0.141170 2.880516 1.000000 -0.285455 -0.411839 2.937774 1.000000 -0.313201 -0.810196 3.019488 1.000000 -0.352121 -0.867743 2.961236 1.000000 -0.092444 0.139728 2.899995 1.000000 -0.058750 -0.397033 2.932468 1.000000 -0.033792 -0.800158 3.017796 1.000000 -0.016238 -0.883931 2.987901 1.000000
1647566655 -0.162174 0.214235 2.890784 1.000000 -0.163074 0.283586 2.889603 1.000000 -0.165825 0.630780 2.878179 1.000000 -0.141311 0.807579 2.789294 1.000000 -0.324554 0.533561 2.882555 1.000000 -0.377288 0.307665 2.877393 1.000000 -0.216621 0.306691 2.703464 1.000000 -0.162509 0.306363 2.649422 1.000000 -0.002973 0.526662 2.905868 1.000000 0.044718 0.312049 2.903818 1.000000 -0.105963 0.302286 2.728704 1.000000 -0.173158 0.303337 2.650030 1.000000 -0.230301 0.142448 2.881944 1.000000 -0.284094 -0.406227 2.939009 1.000000 -0.312349 -0.806718 3.018673 1.000000 -0.350410 -0.867994 2.963760 1.000000 -0.092345 0.140427 2.900323 1.000000 -0.058161 -0.396930 2.934149 1.000000 -0.033972 -0.800712 3.019325 1.000000 -0.014906 -0.884105 2.989309 1.000000
1647610659 -0.161923 0.214646 2.891788 1.000000 -0.162827 0.284065 2.890138 1.000000 -0.165667 0.631454 2.878508 1.000000 -0.139457 0.812802 2.793984 1.000000 -0.323656 0.535151 2.883383 1.000000 -0.379016 0.313359 2.884221 1.000000 -0.217505 0.280456 2.714634 1.000000 -0.155796 0.267884 2.654986 1.000000 -0.002415 0.527342 2.908069 1.000000 0.044541 0.312915 2.908466 1.000000 -0.071276 0.191210 2.751193 1.000000 -0.168275 0.271909 2.659129 1.000000 -0.229927 0.142773 2.882976 1.000000 -0.284540 -0.406575 2.940460 1.000000 -0.312366 -0.807207 3.019090 1.000000 -0.339402 -0.861042 2.951353 1.000000 -0.092251 0.141020 2.901448 1.000000 -0.057891 -0.397005 2.937581 1.000000 -0.034103 -0.800370 3.018353 1.000000 -0.013563 -0.881799 2.984222 1.000000
1647643109 -0.161741 0.214355 2.892641 1.000000 -0.162682 0.283907 2.890423 1.000000 -0.165696 0.631529 2.878525 1.000000 -0.139571 0.813000 2.794664 1.000000 -0.323810 0.535295 2.884443 1.000000 -0.379319 0.312392 2.887800 1.000000 -0.247925 0.207153 2.715900 1.000000 -0.167217 0.226790 2.654252 1.000000 -0.002749 0.527837 2.908934 1.000000 0.043515 0.313554 2.911176 1.000000 -0.072572 0.188629 2.756996 1.000000 -0.184082 0.221191 2.645588 1.000000 -0.229710 0.142477 2.884163 1.000000 -0.284247 -0.406564 2.941420 1.000000 -0.313714 -0.807740 3.020064 1.000000 -0.337557 -0.861657 2.951213 1.000000 -0.092031 0.140756 2.902275 1.000000 -0.057771 -0.397230 2.938792 1.000000 -0.034237 -0.800280 3.019611 1.000000 -0.014003 -0.883443 2.989770 1.000000
1647674446 -0.161467 0.214198 2.893467 1.000000 -0.162439 0.283924 2.890748 1.000000 -0.165608 0.632420 2.878572 1.000000 -0.140367 0.815053 2.796287 1.000000 -0.323873 0.535517 2.884848 1.000000 -0.380173 0.313832 2.890822 1.000000 -0.256247 0.195488 2.725006 1.000000 -0.170581 0.182826 2.668457 1.000000 -0.002716 0.527939 2.909154 1.000000 0.042267 0.313515 2.911990 1.000000 -0.066926 0.185449 2.755217 1.000000 -0.179660 0.181505 2.629260 1.000000 -0.229711 0.142237 2.884959 1.000000 -0.284148 -0.410587 2.944516 1.000000 -0.313477 -0.808764 3.021652 1.000000 -0.344462 -0.862766 2.955786 1.000000 -0.091308 0.140527 2.903532 1.000000 -0.057615 -0.397065 2.939662 1.000000 -0.034401 -0.800281 3.019806 1.000000 -0.012925 -0.883568 2.991228 1.000000
1647716735 -0.161096 0.213800 2.894191 1.000000 -0.162122 0.283714 2.891219 1.000000 -0.165674 0.633276 2.879571 1.000000 -0.139011 0.815758 2.797537 1.000000 -0.323643 0.535722 2.885220 1.000000 -0.380397 0.312039 2.890575 1.000000 -0.288605 0.156483 2.749767 1.000000 -0.205000 0.133009 2.693615 1.000000 -0.002451 0.527637 2.909732 1.000000 0.041579 0.312822 2.910739 1.000000 -0.028593 0.129890 2.795043 1.000000 -0.186279 0.130981 2.639729 1.000000 -0.229595 0.141934 2.886020 1.000000 -0.284274 -0.409832 2.944366 1.000000 -0.312838 -0.806491 3.021377 1.000000 -0.343085 -0.861533 2.956041 1.000000 -0.090590 0.140060 2.903841 1.000000 -0.057437 -0.396997 2.940318 1.000000 -0.034379 -0.799897 3.020312 1.000000 -0.015080 -0.879892 2.982345 1.000000
1647750796 -0.160924 0.213790 2.894455 1.000000 -0.161939 0.283745 2.891365 1.000000 -0.165784 0.633733 2.880668 1.000000 -0.138942 0.815565 2.798077 1.000000 -0.323679 0.535820 2.885803 1.000000 -0.380453 0.308790 2.890307 1.000000 -0.293128 0.143701 2.758771 1.000000 -0.219801 0.095579 2.703965 1.000000 -0.002038 0.527369 2.910241 1.000000 0.037147 0.303961 2.906865 1.000000 -0.062378 0.114441 2.747150 1.000000 -0.078500 0.063829 2.692177 1.000000 -0.229758 0.141829 2.886269 1.000000 -0.283963 -0.408733 2.944502 1.000000 -0.313202 -0.807346 3.020618 1.000000 -0.339508 -0.861191 2.952633 1.000000 -0.089614 0.139994 2.904001 1.000000 -0.057424 -0.396870 2.940822 1.000000 -0.034389 -0.799577 3.019581 1.000000 -0.015314 -0.878451 2.979228 1.000000
1647783743 -0.161252 0.213541 2.894705 1.000000 -0.162198 0.283657 2.891613 1.000000 -0.165808 0.635336 2.882394 1.000000 -0.139353 0.815627 2.799538 1.000000 -0.323699 0.535939 2.885988 1.000000 -0.379525 0.295407 2.889901 1.000000 -0.315430 0.105896 2.766679 1.000000 -0.248864 0.041673 2.720433 1.000000 -0.002111 0.527366 2.910898 1.000000 0.034772 0.296027 2.908569 1.000000 -0.015034 0.108564 2.789340 1.000000 -0.057127 0.037703 2.726879 1.000000 -0.231550 0.141303 2.886641 1.000000 -0.284017 -0.411558 2.945653 1.000000 -0.312724 -0.811343 3.024445 1.000000 -0.328014 -0.857014 2.947677 1.000000 -0.089588 0.139902 2.904004 1.000000 -0.057565 -0.396949 2.941242 1.000000 -0.034440 -0.799332 3.019019 1.000000 -0.015350 -0.878600 2.979457 1.000000
1647827354 -0.162188 0.212523 2.895603 1.000000 -0.163146 0.282723 2.892694 1.000000 -0.166805 0.634731 2.884032 1.000000 -0.141975 0.807541 2.808919 1.000000 -0.323703 0.535628 2.886889 1.000000 -0.377657 0.286777 2.886325 1.000000 -0.331874 0.090257 2.774815 1.000000 -0.299827 0.001540 2.732451 1.000000 -0.002860 0.527578 2.911638 1.000000 0.027024 0.290237 2.903295 1.000000 0.002020 0.085433 2.810892 1.000000 -0.026409 -0.004129 2.767734 1.000000 -0.233317 0.140613 2.887263 1.000000 -0.284165 -0.410191 2.945584 1.000000 -0.313154 -0.809923 3.024074 1.000000 -0.333738 -0.857974 2.950047 1.000000 -0.089774 0.139160 2.904562 1.000000 -0.057905 -0.396425 2.941749 1.000000 -0.034551 -0.799004 3.018967 1.000000 -0.015402 -0.878604 2.980110 1.000000
1647859742 -0.162916 0.211760 2.896449 1.000000 -0.163744 0.282157 2.893572 1.000000 -0.166944 0.634801 2.884902 1.000000 -0.142198 0.807487 2.809751 1.000000 -0.323898 0.536013 2.887626 1.000000 -0.374122 0.270996 2.877608 1.000000 -0.353126 0.061996 2.795713 1.000000 -0.331593 -0.035735 2.769703 1.000000 -0.003330 0.527492 2.912150 1.000000 0.017849 0.268255 2.896345 1.000000 0.011812 0.058383 2.814168 1.000000 0.007486 -0.040734 2.785036 1.000000 -0.234050 0.140119 2.887706 1.000000 -0.284304 -0.411768 2.946248 1.000000 -0.314210 -0.811635 3.024514 1.000000 -0.326512 -0.855109 2.945951 1.000000 -0.090562 0.138255 2.905505 1.000000 -0.057954 -0.396512 2.942354 1.000000 -0.034581 -0.799114 3.018812 1.000000 -0.013771 -0.878469 2.980303 1.000000
1647891274 -0.163414 0.211603 2.897232 1.000000 -0.164263 0.282095 2.894661 1.000000 -0.167225 0.635386 2.886838 1.000000 -0.143304 0.807469 2.810146 1.000000 -0.324022 0.535988 2.887831 1.000000 -0.373058 0.266151 2.875766 1.000000 -0.362696 0.051053 2.812932 1.000000 -0.349255 -0.048306 2.787676 1.000000 -0.003449 0.529013 2.916104 1.000000 0.018398 0.261688 2.894545 1.000000 0.027321 0.028717 2.825101 1.000000 0.024771 -0.071266 2.798877 1.000000 -0.234599 0.140028 2.888297 1.000000 -0.284357 -0.411729 2.946430 1.000000 -0.315282 -0.812473 3.023788 1.000000 -0.326814 -0.855467 2.944841 1.000000 -0.091001 0.137964 2.906060 1.000000 -0.058110 -0.396475 2.943297 1.000000 -0.034863 -0.798994 3.019148 1.000000 -0.013554 -0.878144 2.980479 1.000000
1647933525 -0.163928 0.211236 2.897921 1.000000 -0.164749 0.281910 2.895744 1.000000 -0.167361 0.636533 2.888941 1.000000 -0.143306 0.810101 2.812230 1.000000 -0.324319 0.536169 2.888360 1.000000 -0.373155 0.264095 2.875385 1.000000 -0.373929 0.038434 2.842207 1.000000 -0.371759 -0.063454 2.824756 1.000000 -0.005054 0.529195 2.918380 1.000000 0.020877 0.254937 2.894864 1.000000 0.032885 0.024263 2.833405 1.000000 0.034174 -0.078407 2.821249 1.000000 -0.234896 0.139961 2.888680 1.000000 -0.284361 -0.411560 2.946361 1.000000 -0.314779 -0.809626 3.021210 1.000000 -0.328671 -0.856734 2.945031 1.000000 -0.091811 0.137528 2.906614 1.000000 -0.057817 -0.396573 2.943689 1.000000 -0.034950 -0.799366 3.019086 1.000000 -0.013179 -0.880298 2.984571 1.000000
1647966703 -0.164495 0.210908 2.898637 1.000000 -0.165133 0.281762 2.896476 1.000000 -0.167227 0.636777 2.889071 1.000000 -0.142554 0.811272 2.812755 1.000000 -0.324399 0.536349 2.889136 1.000000 -0.374322 0.262475 2.875877 1.000000 -0.381781 0.041857 2.851997 1.000000 -0.379245 -0.060696 2.839093 1.000000 -0.005085 0.529066 2.919471 1.000000 0.028222 0.248374 2.901837 1.000000 0.041319 0.012979 2.853811 1.000000 0.039054 -0.089176 2.838017 1.000000 -0.235613 0.139929 2.889656 1.000000 -0.284636 -0.405574 2.945982 1.000000 -0.313268 -0.806210 3.019271 1.000000 -0.341576 -0.864131 2.955551 1.000000 -0.092700 0.136833 2.907300 1.000000 -0.057638 -0.396304 2.944034 1.000000 -0.035061 -0.799363 3.018923 1.000000 -0.013053 -0.880400 2.984789 1.000000
1648000755 -0.165081 0.211047 2.899633 1.000000 -0.165523 0.282015 2.897479 1.000000 -0.166692 0.637555 2.889578 1.000000 -0.142552 0.814538 2.814209 1.000000 -0.324532 0.536206 2.889232 1.000000 -0.378934 0.258654 2.882459 1.000000 -0.391357 -0.007820 2.868241 1.000000 -0.397970 -0.111004 2.869844 1.000000 -0.004567 0.529197 2.919729 1.000000 0.030123 0.246011 2.907063 1.000000 0.056152 -0.045502 2.876054 1.000000 0.049382 -0.116181 2.847763 1.000000 -0.236513 0.139956 2.890361 1.000000 -0.284675 -0.405390 2.945786 1.000000 -0.313289 -0.806058 3.018798 1.000000 -0.341442 -0.866256 2.957129 1.000000 -0.093470 0.136527 2.908897 1.000000 -0.057506 -0.396134 2.944119 1.000000 -0.035233 -0.799457 3.019020 1.000000 -0.010409 -0.880639 2.987195 1.000000
1648043683 -0.165349 0.211372 2.900616 1.000000 -0.165651 0.282375 2.898523 1.000000 -0.165965 0.638017 2.890319 1.000000 -0.140777 0.817114 2.812963 1.000000 -0.324642 0.536552 2.889868 1.000000 -0.382496 0.256035 2.891949 1.000000 -0.414932 -0.024245 2.891816 1.000000 -0.404562 -0.126018 2.876611 1.000000 -0.003708 0.529583 2.921227 1.000000 0.032479 0.244786 2.911458 1.000000 0.058566 -0.046497 2.881474 1.000000 0.067139 -0.135986 2.889726 1.000000 -0.237001 0.140204 2.891223 1.000000 -0.284648 -0.404966 2.946144 1.000000 -0.313283 -0.806485 3.019177 1.000000 -0.341289 -0.865918 2.956679 1.000000 -0.093783 0.136606 2.909887 1.000000 -0.057439 -0.396169 2.944636 1.000000 -0.035356 -0.799777 3.019137 1.000000 -0.008478 -0.882187 2.992512 1.000000
1648075072 -0.165105 0.211133 2.901661 1.000000 -0.165527 0.282270 2.899366 1.000000 -0.166149 0.638231 2.890502 1.000000 -0.141036 0.817870 2.812759 1.000000 -0.325050 0.536212 2.891407 1.000000 -0.386397 0.258237 2.911395 1.000000 -0.421952 -0.020589 2.897856 1.000000 -0.423306 -0.096456 2.906732 1.000000 -0.004012 0.529937 2.923427 1.000000 0.035786 0.243877 2.918070 1.000000 0.063757 -0.046354 2.892162 1.000000 0.069914 -0.119827 2.912165 1.000000 -0.236650 0.139829 2.892569 1.000000 -0.284570 -0.404750 2.946395 1.000000 -0.313472 -0.807356 3.019078 1.000000 -0.340020 -0.866860 2.956005 1.000000 -0.093359 0.136467 2.910912 1.000000 -0.057558 -0.396468 2.945130 1.000000 -0.035558 -0.799715 3.019092 1.000000 -0.008215 -0.881721 2.991685 1.000000
1648116809 -0.164949 0.210389 2.902615 1.000000 -0.165392 0.281624 2.900100 1.000000 -0.166121 0.638015 2.890651 1.000000 -0.141884 0.813017 2.815581 1.000000 -0.325394 0.535747 2.892079 1.000000 -0.388439 0.258688 2.920531 1.000000 -0.423831 -0.018822 2.904279 1.000000 -0.424617 -0.094230 2.916190 1.000000 -0.004263 0.530074 2.924793 1.000000 0.037161 0.245192 2.923732 1.000000 0.065434 -0.050034 2.896786 1.000000 0.069415 -0.124835 2.911549 1.000000 -0.236451 0.138612 2.893621 1.000000 -0.284269 -0.407063 2.947008 1.000000 -0.313368 -0.807340 3.019313 1.000000 -0.329201 -0.861534 2.948339 1.000000 -0.093168 0.136002 2.911941 1.000000 -0.057339 -0.397170 2.946555 1.000000 -0.035597 -0.799567 3.019654 1.000000 -0.009197 -0.881430 2.990904 1.000000
1648149710 -0.164810 0.210388 2.903332 1.000000 -0.165277 0.281642 2.900565 1.000000 -0.166132 0.638042 2.890729 1.000000 -0.142068 0.813063 2.816036 1.000000 -0.325795 0.535373 2.893008 1.000000 -0.388497 0.260539 2.923029 1.000000 -0.424033 0.010866 2.923210 1.000000 -0.423661 -0.067223 2.932374 1.000000 -0.003909 0.530287 2.926380 1.000000 0.037289 0.244665 2.930622 1.000000 0.066990 -0.049871 2.900208 1.000000 0.061730 -0.125610 2.907803 1.000000 -0.236357 0.138374 2.894543 1.000000 -0.283808 -0.409529 2.947500 1.000000 -0.314200 -0.807651 3.018919 1.000000 -0.325897 -0.859934 2.945735 1.000000 -0.092894 0.136028 2.912649 1.000000 -0.056993 -0.398123 2.948926 1.000000 -0.035845 -0.799545 3.019382 1.000000 -0.008322 -0.880979 2.990447 1.000000
1648183825 -0.164659 0.210883 2.904435 1.000000 -0.165096 0.282142 2.901385 1.000000 -0.166030 0.638417 2.891127 1.000000 -0.141572 0.812764 2.815956 1.000000 -0.326243 0.535519 2.894797 1.000000 -0.388058 0.262975 2.926302 1.000000 -0.427531 0.005425 2.926868 1.000000 -0.427021 -0.071963 2.937019 1.000000 -0.003819 0.530357 2.926619 1.000000 0.037320 0.245197 2.932569 1.000000 0.066793 -0.049539 2.905909 1.000000 0.057377 -0.125179 2.903747 1.000000 -0.236261 0.138776 2.895262 1.000000 -0.283773 -0.405126 2.946837 1.000000 -0.313277 -0.805214 3.017880 1.000000 -0.334906 -0.864015 2.952291 1.000000 -0.092662 0.136311 2.914259 1.000000 -0.056937 -0.397099 2.950485 1.000000 -0.035769 -0.799714 3.019446 1.000000 -0.008497 -0.880931 2.989655 1.000000
1648216518 -0.165034 0.211271 2.905644 1.000000 -0.165296 0.282582 2.902164 1.000000 -0.165720 0.639126 2.891306 1.000000 -0.141509 0.818597 2.815724 1.000000 -0.326323 0.535825 2.896615 1.000000 -0.388562 0.261426 2.928754 1.000000 -0.424329 -0.010853 2.936532 1.000000 -0.420199 -0.103340 2.927070 1.000000 -0.003316 0.530572 2.927699 1.000000 0.036801 0.245377 2.936310 1.000000 0.058628 -0.014120 2.922909 1.000000 0.062797 -0.117165 2.919401 1.000000 -0.237035 0.139202 2.897019 1.000000 -0.283703 -0.404824 2.947040 1.000000 -0.314215 -0.806559 3.018344 1.000000 -0.333997 -0.863835 2.950826 1.000000 -0.093018 0.136549 2.915412 1.000000 -0.056708 -0.397082 2.951362 1.000000 -0.035863 -0.800447 3.020558 1.000000 -0.006485 -0.881895 2.993472 1.000000
1648260931 -0.165155 0.210961 2.907092 1.000000 -0.165367 0.282238 2.903345 1.000000 -0.165681 0.638709 2.891942 1.000000 -0.140734 0.817470 2.816514 1.000000 -0.326262 0.535797 2.897788 1.000000 -0.387940 0.259256 2.930603 1.000000 -0.422276 -0.015593 2.937186 1.000000 -0.416368 -0.117043 2.919083 1.000000 -0.003334 0.530554 2.927700 1.000000 0.036464 0.245823 2.938329 1.000000 0.057974 -0.012097 2.923750 1.000000 0.062259 -0.115181 2.920567 1.000000 -0.237151 0.138860 2.898664 1.000000 -0.283641 -0.404846 2.947149 1.000000 -0.314563 -0.806300 3.017926 1.000000 -0.334339 -0.862373 2.949383 1.000000 -0.093165 0.136413 2.916742 1.000000 -0.056768 -0.396897 2.952025 1.000000 -0.035953 -0.800308 3.020419 1.000000 -0.006667 -0.882095 2.994213 1.000000
1648293488 -0.165793 0.210980 2.908427 1.000000 -0.165755 0.282334 2.904347 1.000000 -0.165262 0.639073 2.892511 1.000000 -0.139888 0.817459 2.816741 1.000000 -0.325945 0.536380 2.898793 1.000000 -0.387415 0.258421 2.932690 1.000000 -0.415268 -0.012834 2.936199 1.000000 -0.412320 -0.114607 2.918987 1.000000 -0.003469 0.530343 2.928071 1.000000 0.035204 0.247596 2.940861 1.000000 0.057591 -0.011938 2.923856 1.000000 0.061298 -0.115060 2.920038 1.000000 -0.237803 0.139188 2.899892 1.000000 -0.283752 -0.405667 2.947715 1.000000 -0.314481 -0.807219 3.017729 1.000000 -0.337069 -0.863429 2.950152 1.000000 -0.094362 0.136368 2.918553 1.000000 -0.056640 -0.396793 2.952252 1.000000 -0.036084 -0.800127 3.021133 1.000000 -0.004819 -0.880580 2.993089 1.000000
1648324952 -0.166204 0.210780 2.909795 1.000000 -0.166157 0.282044 2.905448 1.000000 -0.165628 0.638424 2.893047 1.000000 -0.140528 0.813569 2.817436 1.000000 -0.326548 0.536339 2.900024 1.000000 -0.387358 0.258065 2.933411 1.000000 -0.413199 -0.011950 2.936286 1.000000 -0.411040 -0.113830 2.919338 1.000000 -0.003579 0.530423 2.928164 1.000000 0.034475 0.246792 2.941752 1.000000 0.056732 -0.011450 2.924002 1.000000 0.061569 -0.114553 2.919788 1.000000 -0.238266 0.139070 2.902287 1.000000 -0.283697 -0.405312 2.948058 1.000000 -0.314641 -0.807374 3.017464 1.000000 -0.337293 -0.863119 2.949503 1.000000 -0.094662 0.136111 2.919342 1.000000 -0.056528 -0.396884 2.953163 1.000000 -0.036153 -0.800208 3.021357 1.000000 -0.003801 -0.880610 2.994373 1.000000
1648366552 -0.166320 0.211119 2.910823 1.000000 -0.166308 0.282358 2.906323 1.000000 -0.165891 0.638569 2.893684 1.000000 -0.141581 0.812808 2.818702 1.000000 -0.326818 0.536376 2.900835 1.000000 -0.387324 0.257707 2.933502 1.000000 -0.409001 -0.008081 2.931975 1.000000 -0.403032 -0.109535 2.913274 1.000000 -0.003609 0.530776 2.929298 1.000000 0.034126 0.246809 2.942236 1.000000 0.056088 -0.011283 2.924106 1.000000 0.060910 -0.114407 2.919584 1.000000 -0.238318 0.139413 2.902961 1.000000 -0.283622 -0.405279 2.948109 1.000000 -0.315903 -0.808280 3.017637 1.000000 -0.334705 -0.864710 2.949049 1.000000 -0.094717 0.136227 2.920663 1.000000 -0.056273 -0.395556 2.953479 1.000000 -0.036188 -0.799779 3.019762 1.000000 -0.003065 -0.880956 2.996198 1.000000
1648400490 -0.166463 0.211411 2.911607 1.000000 -0.166457 0.282748 2.907241 1.000000 -0.166032 0.639605 2.896123 1.000000 -0.141759 0.813606 2.819336 1.000000 -0.326755 0.536393 2.901080 1.000000 -0.386943 0.257367 2.935115 1.000000 -0.406048 -0.004969 2.933367 1.000000 -0.398187 -0.106094 2.913747 1.000000 -0.003655 0.530942 2.929457 1.000000 0.033974 0.247343 2.942713 1.000000 0.051121 0.004245 2.923437 1.000000 0.035851 -0.065935 2.897508 1.000000 -0.238396 0.139652 2.903207 1.000000 -0.283532 -0.405450 2.948347 1.000000 -0.315566 -0.808730 3.017724 1.000000 -0.334427 -0.862534 2.947066 1.000000 -0.094886 0.136499 2.921643 1.000000 -0.056241 -0.395341 2.953784 1.000000 -0.036200 -0.799780 3.019774 1.000000 -0.003333 -0.881367 2.997271 1.000000
1648433943 -0.166246 0.211659 2.912277 1.000000 -0.166206 0.283070 2.907819 1.000000 -0.165612 0.640308 2.896730 1.000000 -0.140763 0.814832 2.821272 1.000000 -0.326674 0.536481 2.901147 1.000000 -0.386083 0.256278 2.937131 1.000000 -0.402552 -0.002074 2.932572 1.000000 -0.398417 -0.103595 2.913847 1.000000 -0.003020 0.531170 2.930881 1.000000 0.033550 0.247434 2.943874 1.000000 0.051075 -0.002378 2.922541 1.000000 0.057113 -0.105511 2.921401 1.000000 -0.238175 0.139944 2.903735 1.000000 -0.283513 -0.405412 2.948511 1.000000 -0.315049 -0.807640 3.017532 1.000000 -0.351390 -0.864557 2.956824 1.000000 -0.094717 0.136562 2.922335 1.000000 -0.056326 -0.394902 2.954436 1.000000 -0.036209 -0.799789 3.019788 1.000000 -0.003131 -0.881174 2.996808 1.000000
1648477860 -0.166130 0.211854 2.913210 1.000000 -0.166199 0.283141 2.908617 1.000000 -0.166264 0.639654 2.897629 1.000000 -0.144720 0.808618 2.826151 1.000000 -0.327087 0.536201 2.902237 1.000000 -0.385983 0.255451 2.938352 1.000000 -0.401362 -0.001552 2.932276 1.000000 -0.397844 -0.102868 2.912329 1.000000 -0.002338 0.530910 2.932488 1.000000 0.033761 0.247556 2.945230 1.000000 0.050602 -0.002921 2.922083 1.000000 0.057772 -0.105992 2.921823 1.000000 -0.238030 0.140063 2.904732 1.000000 -0.282996 -0.402926 2.949116 1.000000 -0.314452 -0.804599 3.016252 1.000000 -0.347387 -0.867386 2.959496 1.000000 -0.094377 0.136466 2.923143 1.000000 -0.056256 -0.394748 2.954877 1.000000 -0.036282 -0.799653 3.019824 1.000000 -0.004113 -0.880567 2.994015 1.000000
1648510281 -0.166198 0.211831 2.913780 1.000000 -0.166215 0.283158 2.909180 1.000000 -0.166001 0.639933 2.898583 1.000000 -0.144602 0.808811 2.826380 1.000000 -0.327442 0.536089 2.904214 1.000000 -0.385773 0.255497 2.938494 1.000000 -0.399616 -0.000861 2.930625 1.000000 -0.397297 -0.102444 2.911803 1.000000 -0.002346 0.530870 2.932679 1.000000 0.034103 0.247962 2.946847 1.000000 0.050619 -0.003097 2.922016 1.000000 0.051620 -0.087860 2.908290 1.000000 -0.238153 0.139933 2.905125 1.000000 -0.282658 -0.412221 2.951728 1.000000 -0.314607 -0.808499 3.019427 1.000000 -0.331339 -0.858442 2.945425 1.000000 -0.094440 0.136462 2.923691 1.000000 -0.056159 -0.394729 2.955226 1.000000 -0.036388 -0.799475 3.020268 1.000000 -0.005982 -0.878921 2.988419 1.000000
1648541563 -0.166471 0.211555 2.914244 1.000000 -0.166645 0.282824 2.909575 1.000000 -0.167834 0.639084 2.898948 1.000000 -0.146236 0.804430 2.827491 1.000000 -0.328664 0.535277 2.905873 1.000000 -0.385356 0.254559 2.939076 1.000000 -0.398780 -0.000316 2.930364 1.000000 -0.391306 -0.093160 2.910551 1.000000 -0.003940 0.531459 2.935370 1.000000 0.034259 0.248150 2.947434 1.000000 0.050374 -0.005022 2.921814 1.000000 0.064013 -0.107414 2.917999 1.000000 -0.238263 0.139717 2.905473 1.000000 -0.282730 -0.411833 2.951856 1.000000 -0.314666 -0.809008 3.019329 1.000000 -0.332591 -0.858109 2.945026 1.000000 -0.094597 0.136148 2.924242 1.000000 -0.056213 -0.395264 2.956498 1.000000 -0.036788 -0.799321 3.021081 1.000000 -0.005950 -0.878580 2.989142 1.000000
1648583717 -0.166634 0.211006 2.915286 1.000000 -0.166899 0.282352 2.910504 1.000000 -0.168449 0.638958 2.899694 1.000000 -0.146697 0.804115 2.828687 1.000000 -0.328770 0.534271 2.906539 1.000000 -0.385191 0.253714 2.939865 1.000000 -0.397001 0.001057 2.927958 1.000000 -0.387821 -0.099071 2.903869 1.000000 -0.003984 0.531401 2.935711 1.000000 0.034295 0.247928 2.947906 1.000000 0.055088 -0.039051 2.912890 1.000000 0.066017 -0.135420 2.914489 1.000000 -0.238330 0.139138 2.906643 1.000000 -0.282591 -0.410882 2.952034 1.000000 -0.314502 -0.809632 3.019453 1.000000 -0.336610 -0.859256 2.946621 1.000000 -0.094620 0.135647 2.925117 1.000000 -0.056281 -0.395353 2.956906 1.000000 -0.036747 -0.799321 3.020660 1.000000 -0.005630 -0.878356 2.988398 1.000000
1648617810 -0.166770 0.211111 2.915805 1.000000 -0.167072 0.282535 2.910992 1.000000 -0.168825 0.639702 2.900367 1.000000 -0.144934 0.813778 2.826634 1.000000 -0.328492 0.534925 2.907829 1.000000 -0.385134 0.253820 2.939889 1.000000 -0.396183 0.001801 2.927124 1.000000 -0.388310 -0.098383 2.902664 1.000000 -0.004440 0.531536 2.936959 1.000000 0.034407 0.248634 2.948464 1.000000 0.054128 -0.028169 2.913939 1.000000 0.065463 -0.130972 2.914414 1.000000 -0.238353 0.139428 2.907078 1.000000 -0.282795 -0.410690 2.952302 1.000000 -0.315027 -0.810249 3.019576 1.000000 -0.336425 -0.858885 2.945850 1.000000 -0.094808 0.135747 2.925720 1.000000 -0.056295 -0.395620 2.957664 1.000000 -0.036791 -0.799335 3.020653 1.000000 -0.004877 -0.877767 2.987655 1.000000
1648650751 -0.166832 0.211329 2.916317 1.000000 -0.167135 0.282768 2.911383 1.000000 -0.168873 0.639967 2.900523 1.000000 -0.143612 0.814649 2.829093 1.000000 -0.328311 0.534754 2.908252 1.000000 -0.385223 0.253848 2.939816 1.000000 -0.395643 0.002639 2.924095 1.000000 -0.389465 -0.097502 2.898847 1.000000 -0.004338 0.531263 2.937171 1.000000 0.034412 0.248618 2.948521 1.000000 0.056336 -0.034829 2.917512 1.000000 0.065387 -0.135756 2.914757 1.000000 -0.238385 0.139686 2.907199 1.000000 -0.282043 -0.403993 2.951158 1.000000 -0.315008 -0.807852 3.019758 1.000000 -0.339312 -0.860512 2.949773 1.000000 -0.094880 0.135752 2.927183 1.000000 -0.056184 -0.395612 2.957900 1.000000 -0.036826 -0.799403 3.020735 1.000000 -0.004559 -0.877751 2.987838 1.000000
1648694584 -0.166912 0.211339 2.916832 1.000000 -0.167322 0.282770 2.911911 1.000000 -0.169851 0.639915 2.901467 1.000000 -0.144143 0.814786 2.832310 1.000000 -0.328107 0.534818 2.908388 1.000000 -0.385272 0.253831 2.939760 1.000000 -0.396263 0.001492 2.921440 1.000000 -0.385587 -0.095696 2.887602 1.000000 -0.004163 0.531354 2.937570 1.000000 0.034830 0.247628 2.948755 1.000000 0.061372 -0.001833 2.917162 1.000000 0.064310 -0.105204 2.913929 1.000000 -0.238375 0.139710 2.907478 1.000000 -0.282235 -0.404736 2.951694 1.000000 -0.314240 -0.808954 3.022228 1.000000 -0.340015 -0.858808 2.950715 1.000000 -0.094844 0.135771 2.927722 1.000000 -0.056248 -0.395504 2.957958 1.000000 -0.036825 -0.799436 3.020796 1.000000 -0.003966 -0.877289 2.987282 1.000000
1648727327 -0.166911 0.211424 2.917419 1.000000 -0.167395 0.282846 2.912681 1.000000 -0.170485 0.639856 2.903811 1.000000 -0.144170 0.814081 2.831732 1.000000 -0.328194 0.534634 2.908715 1.000000 -0.386487 0.254642 2.939523 1.000000 -0.396082 -0.001819 2.898553 1.000000 -0.384948 -0.103365 2.882124 1.000000 -0.004038 0.531518 2.938269 1.000000 0.035685 0.246944 2.948956 1.000000 0.064805 -0.028492 2.914232 1.000000 0.056242 -0.103180 2.900197 1.000000 -0.238358 0.139815 2.907880 1.000000 -0.282228 -0.404752 2.951740 1.000000 -0.314756 -0.809792 3.022844 1.000000 -0.340272 -0.860562 2.951870 1.000000 -0.094747 0.135744 2.928009 1.000000 -0.056492 -0.395781 2.958049 1.000000 -0.036891 -0.799272 3.021912 1.000000 -0.004888 -0.876785 2.986792 1.000000
1648760118 -0.167061 0.211634 2.917985 1.000000 -0.167548 0.283024 2.913208 1.000000 -0.170566 0.639881 2.904205 1.000000 -0.145442 0.813482 2.831434 1.000000 -0.328147 0.534421 2.909800 1.000000 -0.388075 0.255323 2.937438 1.000000 -0.397646 -0.002937 2.891405 1.000000 -0.391406 -0.075139 2.867092 1.000000 -0.003896 0.531571 2.938503 1.000000 0.039369 0.243186 2.946697 1.000000 0.065208 -0.031629 2.911711 1.000000 0.055329 -0.105875 2.896449 1.000000 -0.238529 0.139990 2.908136 1.000000 -0.282508 -0.403433 2.951646 1.000000 -0.313150 -0.805339 3.022090 1.000000 -0.340429 -0.861148 2.955696 1.000000 -0.094784 0.135810 2.928818 1.000000 -0.056679 -0.396096 2.958130 1.000000 -0.036878 -0.799205 3.021665 1.000000 -0.005471 -0.877378 2.987467 1.000000
1648791709 -0.166848 0.211743 2.918078 1.000000 -0.167439 0.283122 2.913289 1.000000 -0.170969 0.640135 2.904666 1.000000 -0.145861 0.814459 2.830911 1.000000 -0.327833 0.534291 2.910255 1.000000 -0.393266 0.258836 2.934114 1.000000 -0.397991 -0.000695 2.882154 1.000000 -0.390967 -0.074749 2.864733 1.000000 -0.003255 0.531753 2.939590 1.000000 0.042794 0.240862 2.940453 1.000000 0.063402 -0.033096 2.898125 1.000000 0.056408 -0.107884 2.884174 1.000000 -0.238108 0.140125 2.908050 1.000000 -0.282524 -0.403532 2.951900 1.000000 -0.312457 -0.803793 3.022900 1.000000 -0.339198 -0.858449 2.955330 1.000000 -0.094404 0.135892 2.928970 1.000000 -0.056864 -0.396547 2.958216 1.000000 -0.036461 -0.799771 3.023250 1.000000 -0.006996 -0.876831 2.985017 1.000000
1648833829 -0.166787 0.211702 2.918146 1.000000 -0.167452 0.283080 2.913466 1.000000 -0.172219 0.640049 2.905646 1.000000 -0.145458 0.814963 2.829573 1.000000 -0.327718 0.534322 2.910567 1.000000 -0.399396 0.267971 2.926159 1.000000 -0.400239 0.041661 2.870967 1.000000 -0.390586 -0.060728 2.860438 1.000000 -0.003057 0.531795 2.939924 1.000000 0.044787 0.241536 2.933875 1.000000 0.056288 -0.015469 2.856453 1.000000 0.055547 -0.093790 2.865955 1.000000 -0.237959 0.140073 2.908113 1.000000 -0.282871 -0.405690 2.952158 1.000000 -0.313848 -0.806783 3.022763 1.000000 -0.345634 -0.861772 2.957682 1.000000 -0.094168 0.135811 2.928945 1.000000 -0.057074 -0.396903 2.958108 1.000000 -0.036253 -0.800191 3.023573 1.000000 -0.005774 -0.878160 2.988052 1.000000
1648867571 -0.166631 0.211592 2.918374 1.000000 -0.167421 0.282950 2.913839 1.000000 -0.173037 0.639618 2.906331 1.000000 -0.145953 0.814082 2.829352 1.000000 -0.327769 0.534080 2.910382 1.000000 -0.409277 0.279134 2.912906 1.000000 -0.402654 0.054390 2.858894 1.000000 -0.382556 -0.043837 2.833475 1.000000 -0.002884 0.531557 2.940044 1.000000 0.045932 0.242392 2.929157 1.000000 0.056326 0.014453 2.843939 1.000000 0.048646 -0.088650 2.840881 1.000000 -0.237771 0.139986 2.908324 1.000000 -0.282745 -0.403797 2.951966 1.000000 -0.313130 -0.805074 3.021893 1.000000 -0.347732 -0.866602 2.964552 1.000000 -0.093649 0.135496 2.929117 1.000000 -0.057570 -0.397407 2.958214 1.000000 -0.036240 -0.800380 3.023774 1.000000 -0.005244 -0.878116 2.988175 1.000000
1648910326 -0.166789 0.211382 2.918516 1.000000 -0.167695 0.282719 2.914191 1.000000 -0.173695 0.639431 2.906828 1.000000 -0.147471 0.814149 2.828761 1.000000 -0.327898 0.534168 2.910370 1.000000 -0.427204 0.292796 2.898711 1.000000 -0.397114 0.076037 2.829026 1.000000 -0.374555 -0.023576 2.812704 1.000000 -0.003211 0.531406 2.939993 1.000000 0.052818 0.258916 2.893961 1.000000 0.047737 0.051558 2.801103 1.000000 0.033135 -0.050229 2.789953 1.000000 -0.237992 0.139753 2.908535 1.000000 -0.282831 -0.404087 2.952250 1.000000 -0.313287 -0.804270 3.023445 1.000000 -0.347728 -0.860813 2.961088 1.000000 -0.093656 0.135439 2.929096 1.000000 -0.057608 -0.397488 2.958160 1.000000 -0.036199 -0.800392 3.023791 1.000000 -0.005049 -0.877411 2.986784 1.000000
1648941571 -0.166851 0.211380 2.918609 1.000000 -0.167797 0.282706 2.914386 1.000000 -0.173859 0.639356 2.906792 1.000000 -0.147286 0.815269 2.827560 1.000000 -0.328723 0.534406 2.909387 1.000000 -0.442582 0.328285 2.875118 1.000000 -0.384706 0.087757 2.789173 1.000000 -0.368997 0.015837 2.768513 1.000000 -0.003141 0.530113 2.937580 1.000000 0.057916 0.267830 2.873989 1.000000 0.026603 0.063679 2.778894 1.000000 0.002679 -0.035749 2.763315 1.000000 -0.238362 0.139670 2.908637 1.000000 -0.282598 -0.411512 2.952585 1.000000 -0.313363 -0.805548 3.022565 1.000000 -0.334727 -0.859721 2.952701 1.000000 -0.093458 0.135307 2.929287 1.000000 -0.057648 -0.397470 2.958120 1.000000 -0.036005 -0.800384 3.023511 1.000000 -0.004841 -0.877695 2.987126 1.000000
1648983770 -0.166830 0.211384 2.918588 1.000000 -0.167777 0.282713 2.914461 1.000000 -0.173650 0.639441 2.906753 1.000000 -0.146974 0.815644 2.826387 1.000000 -0.329024 0.533997 2.907693 1.000000 -0.451378 0.335520 2.843886 1.000000 -0.368593 0.101203 2.755077 1.000000 -0.363585 0.025389 2.747191 1.000000 -0.003205 0.526294 2.933678 1.000000 0.067158 0.293124 2.841688 1.000000 0.008343 0.088533 2.765020 1.000000 -0.018280 0.020127 2.743882 1.000000 -0.238493 0.139650 2.908566 1.000000 -0.282651 -0.410563 2.952090 1.000000 -0.313833 -0.804888 3.023437 1.000000 -0.335333 -0.859634 2.954064 1.000000 -0.093115 0.135298 2.929140 1.000000 -0.057690 -0.397445 2.958147 1.000000 -0.035921 -0.800114 3.023422 1.000000 -0.005203 -0.878032 2.987966 1.000000
1649017801 -0.166353 0.211648 2.917780 1.000000 -0.167452 0.282856 2.913824 1.000000 -0.173658 0.639064 2.905869 1.000000 -0.147734 0.816846 2.824356 1.000000 -0.329433 0.534175 2.904195 1.000000 -0.458274 0.342877 2.818409 1.000000 -0.348877 0.133423 2.719819 1.000000 -0.312411 0.063605 2.691448 1.000000 -0.001915 0.524120 2.928230 1.000000 0.074344 0.319872 2.827003 1.000000 0.002467 0.139568 2.705739 1.000000 -0.041342 0.046907 2.692534 1.000000 -0.238401 0.139638 2.907569 1.000000 -0.282610 -0.407958 2.951876 1.000000 -0.314989 -0.807323 3.024595 1.000000 -0.331705 -0.858894 2.951573 1.000000 -0.091626 0.135502 2.928104 1.000000 -0.057533 -0.397575 2.958070 1.000000 -0.034938 -0.799613 3.022954 1.000000 -0.007499 -0.879238 2.988633 1.000000
1649050686 -0.164231 0.212367 2.916158 1.000000 -0.165796 0.283385 2.912486 1.000000 -0.173325 0.639003 2.904714 1.000000 -0.147294 0.816717 2.823507 1.000000 -0.330026 0.534697 2.902819 1.000000 -0.467681 0.355534 2.801778 1.000000 -0.364709 0.193672 2.676614 1.000000 -0.351860 0.160541 2.705329 1.000000 -0.000282 0.520315 2.916115 1.000000 0.088359 0.333849 2.797356 1.000000 -0.032394 0.179837 2.679114 1.000000 -0.088960 0.099084 2.648084 1.000000 -0.236721 0.139318 2.906139 1.000000 -0.282755 -0.405804 2.949785 1.000000 -0.315591 -0.808155 3.024266 1.000000 -0.330224 -0.859512 2.950654 1.000000 -0.087853 0.136707 2.925838 1.000000 -0.057417 -0.397739 2.957833 1.000000 -0.034271 -0.799462 3.023115 1.000000 -0.008633 -0.879614 2.988638 1.000000
1649083748 -0.163860 0.212267 2.915212 1.000000 -0.165548 0.283246 2.911820 1.000000 -0.173477 0.638639 2.904233 1.000000 -0.147619 0.815778 2.823460 1.000000 -0.331928 0.534839 2.898450 1.000000 -0.476867 0.375765 2.773526 1.000000 -0.352515 0.240936 2.635079 1.000000 -0.276939 0.170519 2.631240 1.000000 -0.000863 0.519821 2.912247 1.000000 0.095635 0.354788 2.772047 1.000000 -0.044064 0.234799 2.634690 1.000000 -0.090630 0.194802 2.593397 1.000000 -0.235879 0.138614 2.905327 1.000000 -0.283643 -0.408679 2.948098 1.000000 -0.316098 -0.811063 3.023307 1.000000 -0.335856 -0.860164 2.949358 1.000000 -0.087689 0.136790 2.924011 1.000000 -0.057215 -0.397475 2.956314 1.000000 -0.033707 -0.799445 3.023483 1.000000 -0.009589 -0.879826 2.988456 1.000000
1649128003 -0.164175 0.213152 2.913161 1.000000 -0.165787 0.283798 2.910181 1.000000 -0.173517 0.637862 2.902855 1.000000 -0.146303 0.816377 2.821737 1.000000 -0.333045 0.535775 2.897746 1.000000 -0.481326 0.407972 2.766796 1.000000 -0.345341 0.328306 2.597111 1.000000 -0.256392 0.282833 2.570493 1.000000 -0.002476 0.519444 2.908134 1.000000 0.108529 0.375365 2.745920 1.000000 -0.061690 0.344386 2.593498 1.000000 -0.118430 0.334060 2.547185 1.000000 -0.235862 0.139251 2.903571 1.000000 -0.283592 -0.407927 2.944863 1.000000 -0.316372 -0.810883 3.021741 1.000000 -0.325627 -0.860066 2.945818 1.000000 -0.088700 0.137641 2.921424 1.000000 -0.056286 -0.398944 2.951578 1.000000 -0.033211 -0.799099 3.022806 1.000000 -0.010392 -0.880811 2.990076 1.000000
1649160670 -0.164762 0.213594 2.910151 1.000000 -0.166296 0.284120 2.908164 1.000000 -0.173662 0.637801 2.902437 1.000000 -0.147264 0.816552 2.821659 1.000000 -0.335120 0.537336 2.895956 1.000000 -0.493164 0.391602 2.715723 1.000000 -0.257568 0.411377 2.616305 1.000000 -0.192332 0.382963 2.644139 1.000000 -0.005752 0.525087 2.905986 1.000000 0.123031 0.384276 2.739485 1.000000 -0.082851 0.446045 2.670957 1.000000 -0.151479 0.466634 2.652608 1.000000 -0.236742 0.139271 2.900451 1.000000 -0.284260 -0.410372 2.938538 1.000000 -0.316015 -0.811876 3.020876 1.000000 -0.323852 -0.858988 2.943499 1.000000 -0.089312 0.138725 2.917088 1.000000 -0.056649 -0.398054 2.943568 1.000000 -0.033394 -0.799267 3.022371 1.000000 -0.010202 -0.880824 2.989528 1.000000
1649192144 -0.165600 0.208665 2.905102 1.000000 -0.167153 0.280454 2.905209 1.000000 -0.174030 0.637603 2.902239 1.000000 -0.148649 0.817881 2.819054 1.000000 -0.333002 0.530889 2.893163 1.000000 -0.487016 0.386991 2.738947 1.000000 -0.258081 0.413620 2.618868 1.000000 -0.192853 0.385209 2.646698 1.000000 -0.011679 0.526575 2.904697 1.000000 0.115715 0.389963 2.736767 1.000000 -0.053570 0.513683 2.650765 1.000000 -0.109999 0.554923 2.626591 1.000000 -0.236800 0.135965 2.895934 1.000000 -0.284885 -0.408696 2.931389 1.000000 -0.316045 -0.811393 3.018729 1.000000 -0.324633 -0.859563 2.942097 1.000000 -0.090857 0.136672 2.911473 1.000000 -0.056705 -0.398331 2.938543 1.000000 -0.033392 -0.799289 3.022290 1.000000 -0.010317 -0.880751 2.989152 1.000000
1649223758 -0.167929 0.205557 2.898748 1.000000 -0.169825 0.276603 2.900726 1.000000 -0.178553 0.630906 2.900693 1.000000 -0.155445 0.812616 2.816651 1.000000 -0.335778 0.529245 2.890064 1.000000 -0.478985 0.396555 2.739052 1.000000 -0.257432 0.422223 2.622859 1.000000 -0.183580 0.430778 2.588621 1.000000 -0.021886 0.512886 2.900992 1.000000 0.112251 0.404226 2.727869 1.000000 -0.061331 0.526259 2.649686 1.000000 -0.119192 0.566937 2.628119 1.000000 -0.239254 0.132605 2.885946 1.000000 -0.285666 -0.407249 2.923778 1.000000 -0.316060 -0.811288 3.017968 1.000000 -0.325954 -0.859186 2.941333 1.000000 -0.093008 0.134205 2.905282 1.000000 -0.056223 -0.399536 2.932839 1.000000 -0.033465 -0.799163 3.018587 1.000000 -0.009500 -0.882735 2.992008 1.000000
1649266598 -0.168451 0.206751 2.894349 1.000000 -0.170405 0.277397 2.898813 1.000000 -0.178614 0.631069 2.900537 1.000000 -0.155561 0.811606 2.812040 1.000000 -0.334374 0.528378 2.887187 1.000000 -0.469970 0.405742 2.735167 1.000000 -0.411197 0.597644 2.627288 1.000000 -0.360568 0.640893 2.589919 1.000000 -0.019666 0.528059 2.903924 1.000000 0.109600 0.407730 2.728321 1.000000 -0.043282 0.573975 2.648530 1.000000 -0.094242 0.629389 2.626426 1.000000 -0.239381 0.134250 2.880508 1.000000 -0.286655 -0.410562 2.919141 1.000000 -0.318390 -0.813813 3.014443 1.000000 -0.333865 -0.865501 2.941289 1.000000 -0.094173 0.136121 2.899814 1.000000 -0.056220 -0.398845 2.925748 1.000000 -0.033641 -0.798950 3.017295 1.000000 -0.009813 -0.882575 2.990801 1.000000
1649299930 -0.168128 0.205085 2.887306 1.000000 -0.170531 0.275831 2.894854 1.000000 -0.178875 0.631043 2.899771 1.000000 -0.154518 0.807297 2.808130 1.000000 -0.333538 0.527334 2.884785 1.000000 -0.466082 0.412986 2.722189 1.000000 -0.424660 0.619257 2.638616 1.000000 -0.408704 0.692142 2.622438 1.000000 -0.021840 0.531605 2.907224 1.000000 0.111138 0.413671 2.725869 1.000000 0.055415 0.617125 2.643993 1.000000 0.036841 0.684943 2.621194 1.000000 -0.237833 0.133585 2.872590 1.000000 -0.287179 -0.407260 2.910004 1.000000 -0.317875 -0.813325 3.013584 1.000000 -0.345327 -0.870939 2.948870 1.000000 -0.094675 0.135311 2.892293 1.000000 -0.056444 -0.398590 2.918129 1.000000 -0.033449 -0.798163 3.014066 1.000000 -0.010652 -0.883020 2.990823 1.000000
1649343756 -0.169354 0.202744 2.880676 1.000000 -0.171510 0.273605 2.892539 1.000000 -0.178811 0.630787 2.899983 1.000000 -0.162021 0.801842 2.807018 1.000000 -0.337006 0.522872 2.881203 1.000000 -0.469453 0.410443 2.716995 1.000000 -0.469761 0.627151 2.656669 1.000000 -0.468356 0.702931 2.647959 1.000000 -0.021068 0.527901 2.903788 1.000000 0.118469 0.422688 2.725684 1.000000 0.097130 0.633278 2.646224 1.000000 0.090017 0.703475 2.624231 1.000000 -0.240539 0.129062 2.862273 1.000000 -0.288008 -0.409981 2.904590 1.000000 -0.318354 -0.813661 3.013476 1.000000 -0.342571 -0.869515 2.946006 1.000000 -0.095666 0.131860 2.883899 1.000000 -0.056179 -0.400425 2.911583 1.000000 -0.034094 -0.795896 3.006468 1.000000 -0.010611 -0.883005 2.995562 1.000000
1649375183 -0.170943 0.202206 2.875350 1.000000 -0.173437 0.272724 2.890333 1.000000 -0.179936 0.630798 2.899428 1.000000 -0.163706 0.804714 2.805573 1.000000 -0.338091 0.522185 2.879525 1.000000 -0.470069 0.408446 2.716018 1.000000 -0.511346 0.623035 2.665335 1.000000 -0.528556 0.695683 2.649813 1.000000 -0.021017 0.527177 2.903006 1.000000 0.123181 0.425183 2.729940 1.000000 0.143266 0.642882 2.679849 1.000000 0.149961 0.715448 2.667645 1.000000 -0.241738 0.128741 2.858216 1.000000 -0.288373 -0.410030 2.900669 1.000000 -0.318355 -0.813644 3.013018 1.000000 -0.340869 -0.868331 2.944038 1.000000 -0.097124 0.130941 2.877196 1.000000 -0.055575 -0.403246 2.905197 1.000000 -0.033875 -0.795711 3.006489 1.000000 -0.010940 -0.882926 2.995378 1.000000
1649406813 -0.172179 0.200812 2.871337 1.000000 -0.174998 0.270901 2.889846 1.000000 -0.181423 0.629676 2.899614 1.000000 -0.168209 0.798946 2.804059 1.000000 -0.341005 0.518848 2.878145 1.000000 -0.465211 0.376956 2.718427 1.000000 -0.540525 0.581633 2.665514 1.000000 -0.561413 0.654312 2.675245 1.000000 -0.021547 0.526160 2.903203 1.000000 0.128814 0.421340 2.747654 1.000000 0.192787 0.631478 2.704692 1.000000 0.208477 0.706049 2.707178 1.000000 -0.243152 0.126938 2.853827 1.000000 -0.289733 -0.410719 2.895399 1.000000 -0.318518 -0.813697 3.011652 1.000000 -0.351536 -0.871802 2.950107 1.000000 -0.097962 0.129538 2.872185 1.000000 -0.056026 -0.404871 2.899498 1.000000 -0.033521 -0.795525 3.006104 1.000000 -0.011704 -0.882082 2.989190 1.000000
1649450837 -0.172965 0.201013 2.869099 1.000000 -0.175919 0.270550 2.890627 1.000000 -0.182000 0.629295 2.899475 1.000000 -0.168668 0.799201 2.802894 1.000000 -0.342490 0.519181 2.879476 1.000000 -0.437988 0.330811 2.762597 1.000000 -0.559082 0.516113 2.680757 1.000000 -0.590904 0.582649 2.661471 1.000000 -0.021677 0.525792 2.903506 1.000000 0.133420 0.415299 2.763432 1.000000 0.239633 0.607967 2.723450 1.000000 0.262456 0.680586 2.727599 1.000000 -0.244093 0.127103 2.851542 1.000000 -0.290876 -0.409970 2.891984 1.000000 -0.318546 -0.813786 3.006118 1.000000 -0.346215 -0.873336 2.943340 1.000000 -0.098555 0.129492 2.869648 1.000000 -0.055785 -0.406184 2.895999 1.000000 -0.031965 -0.794385 3.001265 1.000000 -0.025421 -0.844556 2.907124 1.000000
1649484181 -0.173509 0.201339 2.868078 1.000000 -0.176608 0.270440 2.892015 1.000000 -0.182803 0.628685 2.898683 1.000000 -0.168818 0.799319 2.802336 1.000000 -0.344464 0.520189 2.881190 1.000000 -0.441554 0.335524 2.780144 1.000000 -0.593534 0.467041 2.673412 1.000000 -0.657115 0.540298 2.638396 1.000000 -0.021183 0.524956 2.903903 1.000000 0.148804 0.364746 2.799706 1.000000 0.277030 0.535615 2.727471 1.000000 0.332722 0.622275 2.732363 1.000000 -0.244891 0.127173 2.850627 1.000000 -0.291326 -0.414882 2.889593 1.000000 -0.319255 -0.815215 3.006229 1.000000 -0.334692 -0.870726 2.936001 1.000000 -0.098746 0.129413 2.868797 1.000000 -0.055560 -0.408651 2.893548 1.000000 -0.032130 -0.794312 2.999909 1.000000 -0.025984 -0.844467 2.905740 1.000000
1649516878 -0.173891 0.201766 2.867333 1.000000 -0.177266 0.270444 2.893480 1.000000 -0.183853 0.627974 2.897974 1.000000 -0.167865 0.799595 2.799970 1.000000 -0.346192 0.521804 2.883655 1.000000 -0.429838 0.314365 2.819733 1.000000 -0.599698 0.398209 2.691398 1.000000 -0.652318 0.438964 2.654255 1.000000 -0.021016 0.524080 2.906958 1.000000 0.121094 0.350586 2.840722 1.000000 0.296551 0.447776 2.733206 1.000000 0.368782 0.520582 2.722448 1.000000 -0.245378 0.127597 2.849557 1.000000 -0.292171 -0.414960 2.887888 1.000000 -0.319312 -0.815289 3.006251 1.000000 -0.334033 -0.869449 2.934833 1.000000 -0.098850 0.129433 2.868534 1.000000 -0.055756 -0.409724 2.892306 1.000000 -0.032112 -0.794265 2.999943 1.000000 -0.025749 -0.844411 2.905792 1.000000
1649560960 -0.174656 0.200936 2.867042 1.000000 -0.178072 0.269152 2.895027 1.000000 -0.184819 0.625174 2.897120 1.000000 -0.172994 0.782244 2.799811 1.000000 -0.348312 0.520392 2.885385 1.000000 -0.418017 0.308392 2.846535 1.000000 -0.608050 0.286345 2.709016 1.000000 -0.671394 0.278995 2.667670 1.000000 -0.020500 0.520481 2.906767 1.000000 0.122553 0.325911 2.857298 1.000000 0.373535 0.395508 2.739352 1.000000 0.438989 0.431599 2.724671 1.000000 -0.247031 0.126016 2.849826 1.000000 -0.292767 -0.414130 2.887420 1.000000 -0.319952 -0.814460 3.006322 1.000000 -0.341877 -0.870237 2.938074 1.000000 -0.099342 0.127994 2.867843 1.000000 -0.056148 -0.409437 2.891083 1.000000 -0.032933 -0.793838 2.999181 1.000000 -0.027134 -0.843990 2.905005 1.000000
1649592407 -0.175557 0.201026 2.868218 1.000000 -0.178343 0.269105 2.897099 1.000000 -0.184341 0.624689 2.896102 1.000000 -0.173801 0.787077 2.795548 1.000000 -0.349455 0.521545 2.888221 1.000000 -0.420009 0.310624 2.857938 1.000000 -0.556256 0.150179 2.775641 1.000000 -0.615817 0.132311 2.731658 1.000000 -0.020149 0.517666 2.906171 1.000000 0.105786 0.323061 2.878068 1.000000 0.299037 0.236904 2.799222 1.000000 0.396599 0.239438 2.766146 1.000000 -0.249593 0.126012 2.854090 1.000000 -0.293222 -0.414911 2.887324 1.000000 -0.318766 -0.814226 3.006699 1.000000 -0.345813 -0.869693 2.940061 1.000000 -0.100032 0.127790 2.868703 1.000000 -0.056846 -0.408722 2.889996 1.000000 -0.033203 -0.793724 2.998384 1.000000 -0.028342 -0.843948 2.904198 1.000000
1649623974 -0.176572 0.200583 2.869926 1.000000 -0.178908 0.268824 2.898971 1.000000 -0.184124 0.623474 2.894046 1.000000 -0.176087 0.787322 2.793713 1.000000 -0.350269 0.520750 2.889876 1.000000 -0.427356 0.301789 2.865265 1.000000 -0.558406 0.138126 2.780563 1.000000 -0.628620 0.078433 2.734371 1.000000 -0.020013 0.516370 2.906503 1.000000 0.105917 0.295464 2.888381 1.000000 0.260183 0.148073 2.815656 1.000000 0.330346 0.130802 2.791477 1.000000 -0.251360 0.124872 2.858126 1.000000 -0.293136 -0.414561 2.887440 1.000000 -0.318759 -0.814255 3.006620 1.000000 -0.350438 -0.871049 2.943218 1.000000 -0.101006 0.127196 2.870524 1.000000 -0.057902 -0.407216 2.890115 1.000000 -0.033897 -0.793360 2.997931 1.000000 -0.015441 -0.881569 2.986641 1.000000
1649667825 -0.177974 0.200604 2.873469 1.000000 -0.179580 0.268959 2.901658 1.000000 -0.183576 0.623211 2.893299 1.000000 -0.174699 0.788814 2.792201 1.000000 -0.350970 0.522426 2.892547 1.000000 -0.443520 0.277673 2.868901 1.000000 -0.556641 0.065369 2.753023 1.000000 -0.616464 -0.018499 2.749341 1.000000 -0.020190 0.515576 2.906722 1.000000 0.100874 0.287494 2.891514 1.000000 0.232138 0.114763 2.833702 1.000000 0.316113 0.055501 2.825798 1.000000 -0.253272 0.125334 2.863626 1.000000 -0.293500 -0.415028 2.888572 1.000000 -0.318812 -0.814193 3.006529 1.000000 -0.344301 -0.868181 2.938083 1.000000 -0.102788 0.126677 2.874740 1.000000 -0.060029 -0.405311 2.892355 1.000000 -0.034057 -0.793255 2.997707 1.000000 -0.018541 -0.881923 2.985604 1.000000
1649700919 -0.178505 0.200477 2.877506 1.000000 -0.179874 0.269199 2.904517 1.000000 -0.182859 0.623394 2.892647 1.000000 -0.171714 0.792709 2.790852 1.000000 -0.350943 0.522407 2.892629 1.000000 -0.443186 0.265177 2.864445 1.000000 -0.516113 0.024857 2.782319 1.000000 -0.542498 -0.074593 2.775283 1.000000 -0.020279 0.515390 2.906690 1.000000 0.090835 0.268502 2.892787 1.000000 0.208618 0.056122 2.838960 1.000000 0.260742 -0.021439 2.837007 1.000000 -0.253935 0.125850 2.870445 1.000000 -0.292059 -0.408671 2.892405 1.000000 -0.317725 -0.810906 3.006067 1.000000 -0.297186 -0.871280 2.941377 1.000000 -0.103413 0.126372 2.878394 1.000000 -0.063954 -0.402222 2.897655 1.000000 -0.034371 -0.793507 2.998776 1.000000 -0.030656 -0.844264 2.904804 1.000000
1649733814 -0.179927 0.199808 2.882092 1.000000 -0.180892 0.269063 2.907146 1.000000 -0.182429 0.623172 2.891321 1.000000 -0.167546 0.795712 2.789922 1.000000 -0.350926 0.522292 2.892625 1.000000 -0.431114 0.242183 2.857057 1.000000 -0.468018 -0.040802 2.790131 1.000000 -0.468018 -0.119568 2.799897 1.000000 -0.020334 0.515161 2.906797 1.000000 0.079240 0.263509 2.886959 1.000000 0.133179 0.041748 2.848725 1.000000 0.165440 -0.056141 2.852549 1.000000 -0.255453 0.125215 2.876311 1.000000 -0.291416 -0.408755 2.897433 1.000000 -0.317471 -0.811137 3.006572 1.000000 -0.325739 -0.865039 2.933910 1.000000 -0.105333 0.125566 2.884322 1.000000 -0.066680 -0.402588 2.902463 1.000000 -0.035201 -0.793421 2.999733 1.000000 -0.031479 -0.844481 2.905910 1.000000
1649777881 -0.182272 0.193225 2.888628 1.000000 -0.183350 0.263183 2.911714 1.000000 -0.183705 0.618849 2.890517 1.000000 -0.176345 0.774777 2.789929 1.000000 -0.349206 0.519599 2.891047 1.000000 -0.405385 0.233991 2.853650 1.000000 -0.404053 -0.040100 2.807710 1.000000 -0.402548 -0.116273 2.805703 1.000000 -0.023899 0.512986 2.905478 1.000000 0.028695 0.218091 2.868646 1.000000 0.061279 -0.049377 2.842866 1.000000 0.054932 -0.134521 2.846772 1.000000 -0.255604 0.121931 2.882083 1.000000 -0.290552 -0.406352 2.907841 1.000000 -0.317158 -0.810608 3.007963 1.000000 -0.323690 -0.867715 2.937603 1.000000 -0.109322 0.119792 2.891428 1.000000 -0.071635 -0.401890 2.912631 1.000000 -0.036312 -0.794020 3.002372 1.000000 -0.032486 -0.845491 2.908772 1.000000
1649810496 -0.182003 0.193713 2.889714 1.000000 -0.183325 0.263805 2.911218 1.000000 -0.183689 0.619448 2.889694 1.000000 -0.174711 0.780892 2.787784 1.000000 -0.344768 0.522679 2.889594 1.000000 -0.384077 0.241245 2.856782 1.000000 -0.366587 0.024969 2.798514 1.000000 -0.351206 -0.074985 2.778247 1.000000 -0.024406 0.513409 2.906106 1.000000 -0.002510 0.247925 2.873922 1.000000 0.001689 0.027501 2.838463 1.000000 0.018513 -0.044483 2.819837 1.000000 -0.254518 0.123260 2.883877 1.000000 -0.290864 -0.407598 2.917462 1.000000 -0.315707 -0.813085 3.015174 1.000000 -0.326309 -0.860655 2.938498 1.000000 -0.109333 0.121016 2.893262 1.000000 -0.073187 -0.398377 2.920638 1.000000 -0.036670 -0.794870 3.005464 1.000000 -0.032126 -0.846454 2.911958 1.000000
1649841979 -0.181070 0.194521 2.890634 1.000000 -0.182734 0.264686 2.910356 1.000000 -0.183381 0.620254 2.887944 1.000000 -0.160514 0.798629 2.796060 1.000000 -0.340327 0.525666 2.888639 1.000000 -0.378426 0.248138 2.859990 1.000000 -0.355656 0.035810 2.787431 1.000000 -0.322959 -0.056997 2.756378 1.000000 -0.024213 0.513320 2.906849 1.000000 -0.006046 0.255896 2.875565 1.000000 -0.042331 0.020413 2.819519 1.000000 -0.054734 -0.079036 2.794971 1.000000 -0.252928 0.124680 2.885257 1.000000 -0.292214 -0.411720 2.927919 1.000000 -0.315930 -0.813427 3.015509 1.000000 -0.325078 -0.858116 2.936938 1.000000 -0.108199 0.122468 2.894761 1.000000 -0.072549 -0.398301 2.929276 1.000000 -0.037257 -0.795262 3.007238 1.000000 -0.032117 -0.847004 2.913852 1.000000
1649873796 -0.179694 0.196602 2.892520 1.000000 -0.181631 0.267000 2.910556 1.000000 -0.182808 0.622389 2.887678 1.000000 -0.157035 0.806384 2.795130 1.000000 -0.336356 0.528850 2.888641 1.000000 -0.376310 0.256542 2.867620 1.000000 -0.335797 0.050862 2.782396 1.000000 -0.282346 -0.026698 2.740299 1.000000 -0.023614 0.513739 2.909410 1.000000 -0.008074 0.263145 2.882858 1.000000 -0.043041 0.021391 2.819503 1.000000 -0.085449 -0.047974 2.770596 1.000000 -0.251084 0.127656 2.886462 1.000000 -0.292836 -0.401906 2.935627 1.000000 -0.315926 -0.809485 3.014097 1.000000 -0.319645 -0.874173 2.950414 1.000000 -0.106742 0.125045 2.898135 1.000000 -0.070911 -0.397991 2.942675 1.000000 -0.036381 -0.794949 3.009898 1.000000 -0.030389 -0.846821 2.916639 1.000000
1649916827 -0.176839 0.199204 2.895973 1.000000 -0.179708 0.269581 2.911922 1.000000 -0.182428 0.623504 2.888141 1.000000 -0.155359 0.807522 2.794859 1.000000 -0.335399 0.529938 2.888976 1.000000 -0.376368 0.262731 2.870684 1.000000 -0.302708 0.078020 2.759494 1.000000 -0.234686 0.012095 2.718544 1.000000 -0.023004 0.519658 2.917666 1.000000 -0.009245 0.274357 2.890407 1.000000 -0.104711 0.016410 2.757725 1.000000 -0.148598 -0.072683 2.702235 1.000000 -0.247536 0.130499 2.889232 1.000000 -0.292540 -0.402317 2.941755 1.000000 -0.315862 -0.809307 3.014911 1.000000 -0.321987 -0.872985 2.950391 1.000000 -0.103756 0.127949 2.902774 1.000000 -0.068884 -0.397134 2.949651 1.000000 -0.036175 -0.795826 3.013118 1.000000 -0.027782 -0.847878 2.920134 1.000000
1649950525 -0.174311 0.202589 2.899376 1.000000 -0.177180 0.273420 2.913800 1.000000 -0.179303 0.628837 2.890452 1.000000 -0.152039 0.813564 2.799158 1.000000 -0.333932 0.532729 2.890432 1.000000 -0.381241 0.281275 2.883486 1.000000 -0.302692 0.104939 2.761284 1.000000 -0.236116 0.058060 2.697916 1.000000 -0.022635 0.524489 2.924024 1.000000 -0.007792 0.281786 2.895953 1.000000 -0.118164 0.055389 2.737390 1.000000 -0.169239 0.049854 2.681031 1.000000 -0.244994 0.133267 2.891228 1.000000 -0.292197 -0.402193 2.945309 1.000000 -0.315184 -0.808154 3.019738 1.000000 -0.321968 -0.867230 2.951042 1.000000 -0.101654 0.131997 2.907585 1.000000 -0.067395 -0.397547 2.957082 1.000000 -0.035557 -0.795997 3.017717 1.000000 -0.025641 -0.848123 2.924924 1.000000
1649994784 -0.173038 0.205885 2.904441 1.000000 -0.176300 0.276681 2.916169 1.000000 -0.179730 0.630965 2.891327 1.000000 -0.149698 0.817548 2.801523 1.000000 -0.333704 0.533830 2.891088 1.000000 -0.386545 0.293156 2.900108 1.000000 -0.292286 0.143188 2.753611 1.000000 -0.223751 0.100303 2.689527 1.000000 -0.021724 0.527324 2.928399 1.000000 0.005778 0.308118 2.918145 1.000000 -0.040786 0.117424 2.802018 1.000000 -0.098400 0.080470 2.724830 1.000000 -0.242918 0.136448 2.896507 1.000000 -0.291869 -0.402846 2.949102 1.000000 -0.313732 -0.809148 3.021676 1.000000 -0.361958 -0.877372 2.985983 1.000000 -0.100549 0.134942 2.913437 1.000000 -0.067740 -0.398528 2.962022 1.000000 -0.035549 -0.796118 3.017891 1.000000 -0.017252 -0.882496 2.996483 1.000000
1650027295 -0.173056 0.207562 2.907551 1.000000 -0.176509 0.278529 2.917458 1.000000 -0.180876 0.633252 2.893094 1.000000 -0.148937 0.817262 2.806532 1.000000 -0.333508 0.534860 2.891979 1.000000 -0.392494 0.304891 2.908369 1.000000 -0.296521 0.161311 2.756233 1.000000 -0.195923 0.155762 2.665124 1.000000 -0.020865 0.531317 2.933941 1.000000 0.006338 0.311156 2.918669 1.000000 -0.116394 0.183960 2.731530 1.000000 -0.170044 0.158569 2.659265 1.000000 -0.242233 0.137888 2.899553 1.000000 -0.291848 -0.403532 2.950495 1.000000 -0.313759 -0.808563 3.021294 1.000000 -0.351524 -0.864640 2.960613 1.000000 -0.100989 0.136439 2.916700 1.000000 -0.067570 -0.397870 2.963647 1.000000 -0.034910 -0.795749 3.018510 1.000000 -0.017185 -0.882084 2.996488 1.000000
1650058610 -0.173096 0.209007 2.910159 1.000000 -0.176260 0.279903 2.918150 1.000000 -0.180983 0.633847 2.893501 1.000000 -0.148242 0.818942 2.809688 1.000000 -0.333633 0.536992 2.894698 1.000000 -0.395212 0.306959 2.910841 1.000000 -0.296036 0.190605 2.737171 1.000000 -0.214649 0.176322 2.675443 1.000000 -0.020569 0.531947 2.934740 1.000000 0.010984 0.309610 2.920625 1.000000 -0.079503 0.154729 2.777304 1.000000 -0.176399 0.172509 2.655985 1.000000 -0.241917 0.139265 2.902870 1.000000 -0.292463 -0.404761 2.952977 1.000000 -0.312885 -0.809262 3.023851 1.000000 -0.350492 -0.862407 2.960500 1.000000 -0.101347 0.137581 2.919209 1.000000 -0.067101 -0.397748 2.965327 1.000000 -0.034677 -0.795717 3.018864 1.000000 -0.017192 -0.882087 2.996804 1.000000
1650100670 -0.173252 0.210118 2.913248 1.000000 -0.176149 0.281007 2.920071 1.000000 -0.180833 0.634871 2.896888 1.000000 -0.148043 0.821821 2.820796 1.000000 -0.333984 0.538216 2.896834 1.000000 -0.396887 0.306136 2.910496 1.000000 -0.299938 0.173003 2.749042 1.000000 -0.168367 0.193620 2.656788 1.000000 -0.020503 0.532640 2.936350 1.000000 0.012810 0.310697 2.921978 1.000000 -0.078846 0.155182 2.780300 1.000000 -0.223877 0.199829 2.635828 1.000000 -0.241820 0.140219 2.905493 1.000000 -0.292288 -0.405568 2.954427 1.000000 -0.312947 -0.809838 3.025320 1.000000 -0.349165 -0.860667 2.959322 1.000000 -0.101929 0.138327 2.922264 1.000000 -0.066840 -0.398118 2.966014 1.000000 -0.034815 -0.796411 3.020120 1.000000 -0.017179 -0.882742 2.998051 1.000000
1650134756 -0.173070 0.210685 2.914546 1.000000 -0.175957 0.281601 2.920061 1.000000 -0.181198 0.635599 2.897719 1.000000 -0.148278 0.821439 2.821671 1.000000 -0.334130 0.538872 2.898711 1.000000 -0.397259 0.305227 2.908580 1.000000 -0.260498 0.206055 2.719814 1.000000 -0.174108 0.205535 2.663507 1.000000 -0.020024 0.534171 2.939964 1.000000 0.013831 0.311114 2.924414 1.000000 -0.080443 0.154637 2.785902 1.000000 -0.192797 0.222175 2.655793 1.000000 -0.241184 0.140634 2.906617 1.000000 -0.292243 -0.406198 2.955427 1.000000 -0.312850 -0.810056 3.025559 1.000000 -0.348896 -0.860632 2.959279 1.000000 -0.102069 0.138785 2.923949 1.000000 -0.066761 -0.397746 2.966962 1.000000 -0.034896 -0.796592 3.020514 1.000000 -0.015698 -0.882596 2.998490 1.000000
1650167730 -0.172497 0.211817 2.917008 1.000000 -0.175310 0.282627 2.921422 1.000000 -0.181135 0.636156 2.899979 1.000000 -0.146318 0.821395 2.825559 1.000000 -0.334322 0.539255 2.901360 1.000000 -0.397180 0.305720 2.908433 1.000000 -0.251603 0.195036 2.715567 1.000000 -0.172799 0.219482 2.656873 1.000000 -0.019127 0.535141 2.942741 1.000000 0.014420 0.311948 2.925981 1.000000 -0.081024 0.156859 2.786687 1.000000 -0.193382 0.223279 2.655409 1.000000 -0.240075 0.141554 2.908788 1.000000 -0.292324 -0.405550 2.956681 1.000000 -0.312392 -0.807471 3.023768 1.000000 -0.350079 -0.861705 2.961415 1.000000 -0.101922 0.139452 2.926491 1.000000 -0.066452 -0.397554 2.967687 1.000000 -0.034903 -0.796469 3.020621 1.000000 -0.015581 -0.881215 2.994270 1.000000
1650211709 -0.172257 0.211384 2.918633 1.000000 -0.175057 0.282101 2.922387 1.000000 -0.182252 0.635604 2.904117 1.000000 -0.152065 0.812614 2.828063 1.000000 -0.335034 0.537125 2.903567 1.000000 -0.394995 0.303443 2.906482 1.000000 -0.251397 0.195967 2.716213 1.000000 -0.181930 0.231378 2.648757 1.000000 -0.019722 0.535412 2.944284 1.000000 0.015056 0.309083 2.927133 1.000000 -0.083146 0.156609 2.786826 1.000000 -0.193568 0.226662 2.655910 1.000000 -0.239324 0.141113 2.910056 1.000000 -0.292136 -0.404985 2.958122 1.000000 -0.312082 -0.804934 3.024342 1.000000 -0.349556 -0.860820 2.963338 1.000000 -0.101931 0.139006 2.928020 1.000000 -0.066243 -0.397893 2.968283 1.000000 -0.035525 -0.797416 3.023470 1.000000 -0.013065 -0.881675 2.998078 1.000000
1650244170 -0.171931 0.212339 2.920162 1.000000 -0.174725 0.283111 2.923171 1.000000 -0.182508 0.637002 2.906439 1.000000 -0.149134 0.817229 2.831995 1.000000 -0.333927 0.537320 2.905308 1.000000 -0.392735 0.306129 2.908315 1.000000 -0.253120 0.223432 2.744395 1.000000 -0.187789 0.231221 2.665028 1.000000 -0.018281 0.536081 2.946989 1.000000 0.016818 0.307768 2.927876 1.000000 -0.085485 0.157287 2.788487 1.000000 -0.182754 0.235158 2.659797 1.000000 -0.238219 0.141986 2.910853 1.000000 -0.291967 -0.402248 2.960451 1.000000 -0.312104 -0.804150 3.024091 1.000000 -0.348986 -0.860346 2.963019 1.000000 -0.102300 0.139800 2.930343 1.000000 -0.066348 -0.399405 2.969542 1.000000 -0.034720 -0.803070 3.028340 1.000000 -0.035534 -0.877442 2.976222 1.000000
1650275485 -0.171277 0.213057 2.922033 1.000000 -0.173874 0.283892 2.924767 1.000000 -0.181234 0.638370 2.910451 1.000000 -0.144787 0.821496 2.836090 1.000000 -0.332250 0.538018 2.908058 1.000000 -0.391203 0.308339 2.910595 1.000000 -0.242504 0.259624 2.731519 1.000000 -0.185024 0.240794 2.667507 1.000000 -0.017695 0.536262 2.948416 1.000000 0.017916 0.307036 2.930373 1.000000 -0.086593 0.157700 2.791487 1.000000 -0.182606 0.236072 2.662453 1.000000 -0.237542 0.142521 2.911367 1.000000 -0.292013 -0.403223 2.961538 1.000000 -0.313626 -0.807707 3.026523 1.000000 -0.340938 -0.858952 2.956699 1.000000 -0.101931 0.140442 2.933472 1.000000 -0.066145 -0.399305 2.969803 1.000000 -0.034714 -0.802777 3.027577 1.000000 -0.030672 -0.884304 2.987773 1.000000
1650318820 -0.171245 0.213547 2.923317 1.000000 -0.173817 0.284370 2.925505 1.000000 -0.181515 0.638733 2.911667 1.000000 -0.141982 0.823852 2.837686 1.000000 -0.332507 0.538535 2.909438 1.000000 -0.390271 0.309605 2.910329 1.000000 -0.240436 0.257528 2.733382 1.000000 -0.184004 0.237915 2.671816 1.000000 -0.017671 0.536113 2.949323 1.000000 0.018764 0.305192 2.932917 1.000000 -0.086737 0.155118 2.795808 1.000000 -0.184038 0.235781 2.674225 1.000000 -0.237048 0.142900 2.912082 1.000000 -0.291884 -0.402765 2.962221 1.000000 -0.313240 -0.808044 3.026501 1.000000 -0.339879 -0.857610 2.955226 1.000000 -0.102347 0.140712 2.935145 1.000000 -0.066039 -0.399219 2.970733 1.000000 -0.034642 -0.802472 3.027810 1.000000 -0.030119 -0.883797 2.987655 1.000000
1650351713 -0.171440 0.213614 2.924663 1.000000 -0.173856 0.284460 2.926212 1.000000 -0.181324 0.638853 2.912494 1.000000 -0.143011 0.821834 2.840284 1.000000 -0.332197 0.538749 2.910375 1.000000 -0.389439 0.310452 2.912085 1.000000 -0.241767 0.255244 2.734244 1.000000 -0.184423 0.233805 2.670421 1.000000 -0.017437 0.536114 2.949675 1.000000 0.019265 0.303599 2.935868 1.000000 -0.086073 0.153868 2.798259 1.000000 -0.184843 0.233871 2.677783 1.000000 -0.237437 0.143189 2.913116 1.000000 -0.291607 -0.402190 2.962832 1.000000 -0.312326 -0.805665 3.025538 1.000000 -0.352693 -0.862991 2.967830 1.000000 -0.102403 0.140404 2.936753 1.000000 -0.065833 -0.399030 2.971465 1.000000 -0.033527 -0.800138 3.029943 1.000000 -0.030706 -0.880571 2.987888 1.000000
1650384695 -0.171155 0.214128 2.926389 1.000000 -0.173567 0.284963 2.927479 1.000000 -0.181314 0.639289 2.914310 1.000000 -0.143130 0.822435 2.841767 1.000000 -0.331048 0.539297 2.911889 1.000000 -0.389143 0.310862 2.912399 1.000000 -0.257564 0.202105 2.758313 1.000000 -0.189508 0.209040 2.681239 1.000000 -0.016547 0.536018 2.951594 1.000000 0.019363 0.302935 2.936864 1.000000 -0.086477 0.153885 2.798914 1.000000 -0.183864 0.220068 2.677296 1.000000 -0.237285 0.143477 2.913683 1.000000 -0.291149 -0.402291 2.963288 1.000000 -0.313268 -0.805868 3.025642 1.000000 -0.342152 -0.859465 2.958274 1.000000 -0.101790 0.140929 2.939742 1.000000 -0.065550 -0.398645 2.972115 1.000000 -0.033254 -0.799503 3.030211 1.000000 -0.029921 -0.879800 2.987943 1.000000
1650428755 -0.170606 0.214369 2.928067 1.000000 -0.173044 0.285163 2.929176 1.000000 -0.181106 0.639386 2.917929 1.000000 -0.142821 0.823526 2.843907 1.000000 -0.330427 0.540086 2.912925 1.000000 -0.386582 0.305788 2.913265 1.000000 -0.255693 0.200524 2.755956 1.000000 -0.180098 0.183016 2.688153 1.000000 -0.015300 0.534896 2.953796 1.000000 0.019405 0.301612 2.937457 1.000000 -0.087341 0.154335 2.798223 1.000000 -0.208496 0.166626 2.663186 1.000000 -0.237037 0.143622 2.914477 1.000000 -0.290594 -0.402029 2.963721 1.000000 -0.313912 -0.806213 3.025971 1.000000 -0.335811 -0.858052 2.954709 1.000000 -0.100791 0.140931 2.941579 1.000000 -0.065471 -0.397968 2.974343 1.000000 -0.033076 -0.799238 3.030044 1.000000 -0.027720 -0.879410 2.987750 1.000000
1650461415 -0.170378 0.214455 2.928975 1.000000 -0.172841 0.285285 2.929702 1.000000 -0.181144 0.639588 2.918291 1.000000 -0.144174 0.824298 2.843695 1.000000 -0.330000 0.540734 2.914103 1.000000 -0.384939 0.303979 2.913207 1.000000 -0.272461 0.153320 2.764749 1.000000 -0.178125 0.147903 2.674188 1.000000 -0.015182 0.535152 2.954856 1.000000 0.018479 0.299572 2.937656 1.000000 -0.092004 0.155135 2.798395 1.000000 -0.199576 0.151784 2.658507 1.000000 -0.236918 0.143638 2.914944 1.000000 -0.289960 -0.409747 2.967430 1.000000 -0.313481 -0.809249 3.024526 1.000000 -0.345391 -0.863414 2.959008 1.000000 -0.100262 0.141082 2.943062 1.000000 -0.064885 -0.397713 2.974886 1.000000 -0.032829 -0.798868 3.028143 1.000000 -0.025832 -0.879972 2.987918 1.000000
1650494105 -0.169588 0.214629 2.929964 1.000000 -0.171957 0.285554 2.930598 1.000000 -0.179914 0.640524 2.919868 1.000000 -0.141927 0.826646 2.849321 1.000000 -0.329562 0.541027 2.915411 1.000000 -0.382257 0.300611 2.911975 1.000000 -0.294559 0.126705 2.793881 1.000000 -0.193257 0.114794 2.694455 1.000000 -0.014663 0.534708 2.955780 1.000000 0.018253 0.303331 2.940238 1.000000 -0.121613 0.176351 2.763447 1.000000 -0.177556 0.123114 2.695244 1.000000 -0.236704 0.143624 2.915189 1.000000 -0.289806 -0.409874 2.968011 1.000000 -0.313513 -0.809431 3.024642 1.000000 -0.345708 -0.860472 2.956798 1.000000 -0.098779 0.141220 2.944727 1.000000 -0.064423 -0.397875 2.975635 1.000000 -0.032988 -0.798699 3.028149 1.000000 -0.025754 -0.878532 2.985499 1.000000
1650525647 -0.168581 0.214635 2.931171 1.000000 -0.170946 0.285633 2.932053 1.000000 -0.178955 0.641296 2.922872 1.000000 -0.141868 0.826663 2.849528 1.000000 -0.329066 0.541025 2.916358 1.000000 -0.380132 0.296817 2.910511 1.000000 -0.298074 0.121864 2.789671 1.000000 -0.192968 0.086686 2.695907 1.000000 -0.014004 0.534267 2.956549 1.000000 0.018448 0.303951 2.940481 1.000000 -0.115206 0.112176 2.740428 1.000000 -0.181794 0.082449 2.691150 1.000000 -0.236132 0.143467 2.915972 1.000000 -0.289439 -0.408624 2.968461 1.000000 -0.313818 -0.810613 3.023518 1.000000 -0.346648 -0.861171 2.955609 1.000000 -0.097335 0.141308 2.945699 1.000000 -0.064398 -0.397856 2.975663 1.000000 -0.032771 -0.798249 3.027360 1.000000 -0.024412 -0.877616 2.984040 1.000000
1650567611 -0.167324 0.214517 2.932462 1.000000 -0.169841 0.285672 2.933638 1.000000 -0.178370 0.642421 2.925441 1.000000 -0.142074 0.825438 2.852094 1.000000 -0.328542 0.541090 2.917106 1.000000 -0.378699 0.294825 2.909261 1.000000 -0.303837 0.113134 2.794569 1.000000 -0.243660 0.048098 2.742003 1.000000 -0.013222 0.533975 2.958113 1.000000 0.018429 0.299598 2.938636 1.000000 -0.042495 0.114012 2.821688 1.000000 -0.152100 0.050049 2.719827 1.000000 -0.235557 0.143132 2.916468 1.000000 -0.289408 -0.408629 2.968815 1.000000 -0.314206 -0.808011 3.022301 1.000000 -0.349429 -0.862720 2.958962 1.000000 -0.094867 0.141352 2.947513 1.000000 -0.064313 -0.397889 2.976135 1.000000 -0.033133 -0.798354 3.027062 1.000000 -0.022902 -0.877686 2.984082 1.000000
1650600464 -0.167042 0.214439 2.932828 1.000000 -0.169585 0.285636 2.934360 1.000000 -0.178197 0.642870 2.926849 1.000000 -0.142668 0.824528 2.851857 1.000000 -0.328453 0.541080 2.918016 1.000000 -0.376913 0.288655 2.907780 1.000000 -0.312393 0.088402 2.798409 1.000000 -0.265644 0.010046 2.750574 1.000000 -0.013013 0.533784 2.958634 1.000000 0.016897 0.295402 2.936733 1.000000 -0.039126 0.106394 2.823298 1.000000 -0.093815 0.040050 2.766545 1.000000 -0.235499 0.143065 2.916680 1.000000 -0.289392 -0.408689 2.968903 1.000000 -0.313862 -0.808712 3.022560 1.000000 -0.350895 -0.863663 2.960471 1.000000 -0.094293 0.141188 2.947706 1.000000 -0.064152 -0.397980 2.976303 1.000000 -0.033224 -0.797950 3.026990 1.000000 -0.021075 -0.877819 2.985526 1.000000
1650644843 -0.167002 0.214480 2.932869 1.000000 -0.169468 0.285723 2.934694 1.000000 -0.177208 0.643435 2.927293 1.000000 -0.142417 0.824893 2.852384 1.000000 -0.328436 0.541258 2.919916 1.000000 -0.373245 0.281969 2.903416 1.000000 -0.343093 0.075317 2.817586 1.000000 -0.302691 -0.011596 2.779823 1.000000 -0.012804 0.533593 2.958659 1.000000 0.016589 0.293107 2.934723 1.000000 -0.023669 0.089960 2.844045 1.000000 -0.067874 0.012310 2.792775 1.000000 -0.235743 0.143207 2.916654 1.000000 -0.289263 -0.408126 2.969357 1.000000 -0.314583 -0.798325 3.020676 1.000000 -0.341274 -0.856037 2.955845 1.000000 -0.094074 0.141070 2.947755 1.000000 -0.063732 -0.397669 2.976124 1.000000 -0.033348 -0.797893 3.026951 1.000000 -0.020900 -0.877768 2.985587 1.000000
1650676315 -0.167449 0.214264 2.933010 1.000000 -0.169806 0.285572 2.935404 1.000000 -0.176931 0.643979 2.929461 1.000000 -0.142785 0.823873 2.854927 1.000000 -0.327982 0.541308 2.921880 1.000000 -0.371877 0.275321 2.901128 1.000000 -0.350526 0.051060 2.834923 1.000000 -0.339052 -0.045472 2.800689 1.000000 -0.012934 0.533117 2.958692 1.000000 0.013966 0.284795 2.931232 1.000000 -0.012451 0.074135 2.856326 1.000000 -0.038319 -0.017175 2.816131 1.000000 -0.236511 0.143270 2.916534 1.000000 -0.289230 -0.408146 2.969404 1.000000 -0.314731 -0.797733 3.020647 1.000000 -0.337611 -0.853758 2.952939 1.000000 -0.094784 0.140548 2.947693 1.000000 -0.063568 -0.397609 2.976029 1.000000 -0.033610 -0.798001 3.026899 1.000000 -0.020264 -0.877811 2.985682 1.000000
1650707660 -0.167685 0.213959 2.933126 1.000000 -0.170111 0.285230 2.936105 1.000000 -0.177452 0.643460 2.930405 1.000000 -0.145948 0.820216 2.853845 1.000000 -0.328981 0.540410 2.922560 1.000000 -0.371303 0.268325 2.899707 1.000000 -0.359858 0.013785 2.841950 1.000000 -0.350940 -0.067014 2.814564 1.000000 -0.013057 0.533061 2.958835 1.000000 0.011448 0.269495 2.930867 1.000000 -0.004421 0.056630 2.860017 1.000000 -0.013277 -0.041652 2.830110 1.000000 -0.236825 0.142929 2.916499 1.000000 -0.288908 -0.408458 2.969532 1.000000 -0.315000 -0.803048 3.025829 1.000000 -0.340453 -0.854097 2.955162 1.000000 -0.095026 0.139946 2.947659 1.000000 -0.063469 -0.397800 2.975934 1.000000 -0.033933 -0.798159 3.027531 1.000000 -0.019145 -0.877647 2.986171 1.000000
1650750506 -0.168216 0.213594 2.933297 1.000000 -0.170489 0.284952 2.936893 1.000000 -0.177050 0.643475 2.931485 1.000000 -0.145748 0.820072 2.854160 1.000000 -0.329003 0.540162 2.924233 1.000000 -0.372306 0.266278 2.900046 1.000000 -0.378144 0.044860 2.868744 1.000000 -0.373218 -0.057268 2.855413 1.000000 -0.013412 0.532884 2.959644 1.000000 0.011437 0.268046 2.930819 1.000000 0.010413 0.052904 2.866601 1.000000 0.002877 -0.046134 2.838910 1.000000 -0.237294 0.142758 2.916489 1.000000 -0.288352 -0.412043 2.968793 1.000000 -0.316168 -0.806082 3.025945 1.000000 -0.340922 -0.855591 2.953938 1.000000 -0.096205 0.139298 2.947604 1.000000 -0.062830 -0.397160 2.975470 1.000000 -0.034068 -0.798105 3.027714 1.000000 -0.018190 -0.877346 2.986269 1.000000
1650784710 -0.168980 0.213370 2.933803 1.000000 -0.171029 0.284818 2.937933 1.000000 -0.176410 0.643785 2.932406 1.000000 -0.145672 0.819532 2.855283 1.000000 -0.328945 0.540217 2.925339 1.000000 -0.378133 0.256952 2.907775 1.000000 -0.383861 0.036521 2.878466 1.000000 -0.381329 -0.065828 2.866208 1.000000 -0.012980 0.531848 2.960986 1.000000 0.014840 0.257807 2.934431 1.000000 0.028247 0.027657 2.874649 1.000000 0.025965 -0.071763 2.847399 1.000000 -0.238438 0.142634 2.916899 1.000000 -0.288310 -0.411745 2.968631 1.000000 -0.315814 -0.805319 3.025733 1.000000 -0.341243 -0.855572 2.954472 1.000000 -0.097382 0.138690 2.948022 1.000000 -0.062749 -0.397490 2.975401 1.000000 -0.034281 -0.800527 3.027829 1.000000 -0.020483 -0.877218 2.981158 1.000000
1650817776 -0.169305 0.213075 2.934171 1.000000 -0.171171 0.284708 2.938650 1.000000 -0.175148 0.644803 2.932627 1.000000 -0.145965 0.820135 2.855187 1.000000 -0.328328 0.540830 2.926907 1.000000 -0.384192 0.256184 2.923131 1.000000 -0.406006 -0.017563 2.905376 1.000000 -0.411219 -0.120030 2.894496 1.000000 -0.012235 0.530602 2.961684 1.000000 0.022082 0.243600 2.940148 1.000000 0.041926 0.019692 2.882462 1.000000 0.040339 -0.081571 2.862756 1.000000 -0.238858 0.142620 2.917365 1.000000 -0.288315 -0.408160 2.969196 1.000000 -0.314128 -0.801990 3.022915 1.000000 -0.341219 -0.858271 2.956956 1.000000 -0.098244 0.137760 2.948366 1.000000 -0.062771 -0.398715 2.974165 1.000000 -0.034543 -0.802456 3.030419 1.000000 -0.022208 -0.876572 2.979363 1.000000
1650862024 -0.169389 0.213082 2.934505 1.000000 -0.171235 0.284773 2.939349 1.000000 -0.174722 0.645270 2.932741 1.000000 -0.146510 0.824043 2.853541 1.000000 -0.328452 0.540689 2.926963 1.000000 -0.392887 0.258103 2.948762 1.000000 -0.415560 -0.013923 2.909017 1.000000 -0.418485 -0.096419 2.910298 1.000000 -0.011770 0.530726 2.962032 1.000000 0.026492 0.241492 2.945403 1.000000 0.064697 -0.045746 2.897565 1.000000 0.059842 -0.121037 2.886622 1.000000 -0.239141 0.142510 2.917911 1.000000 -0.288328 -0.408199 2.969079 1.000000 -0.314204 -0.801948 3.022772 1.000000 -0.346808 -0.861088 2.962003 1.000000 -0.098283 0.137696 2.948532 1.000000 -0.062354 -0.398372 2.973769 1.000000 -0.035505 -0.800242 3.029936 1.000000 -0.020111 -0.874767 2.980313 1.000000
1650894554 -0.169472 0.213120 2.934547 1.000000 -0.171358 0.284827 2.939718 1.000000 -0.174833 0.645449 2.932671 1.000000 -0.146472 0.823642 2.853537 1.000000 -0.329414 0.540388 2.927078 1.000000 -0.402820 0.261779 2.962086 1.000000 -0.445557 0.041534 2.960066 1.000000 -0.441340 -0.059956 2.941769 1.000000 -0.011759 0.530969 2.962267 1.000000 0.041629 0.249858 2.954448 1.000000 0.086230 -0.016585 2.923358 1.000000 0.078915 -0.099951 2.906067 1.000000 -0.239372 0.142484 2.918083 1.000000 -0.288219 -0.408112 2.968703 1.000000 -0.313811 -0.802923 3.023002 1.000000 -0.330551 -0.859901 2.954240 1.000000 -0.098290 0.137693 2.948503 1.000000 -0.062192 -0.398528 2.973696 1.000000 -0.035444 -0.800209 3.029663 1.000000 -0.020043 -0.874933 2.980325 1.000000
1650934933 -0.169593 0.213085 2.934516 1.000000 -0.171538 0.284772 2.939879 1.000000 -0.175527 0.644943 2.931934 1.000000 -0.147330 0.821097 2.853066 1.000000 -0.330238 0.540140 2.927440 1.000000 -0.409013 0.268187 2.972057 1.000000 -0.447454 0.040412 2.962597 1.000000 -0.453609 -0.061963 2.951006 1.000000 -0.011726 0.530931 2.962413 1.000000 0.044346 0.251844 2.957204 1.000000 0.093668 0.024099 2.941543 1.000000 0.089402 -0.076869 2.920565 1.000000 -0.239582 0.142408 2.918080 1.000000 -0.287418 -0.404944 2.967703 1.000000 -0.313026 -0.801984 3.021804 1.000000 -0.340117 -0.864672 2.961866 1.000000 -0.098306 0.137495 2.948421 1.000000 -0.062022 -0.398484 2.973474 1.000000 -0.035426 -0.799175 3.026981 1.000000 -0.018549 -0.876462 2.982279 1.000000
1650968503 -0.169707 0.213043 2.934507 1.000000 -0.171607 0.284776 2.940045 1.000000 -0.175304 0.645426 2.931696 1.000000 -0.148864 0.820950 2.852229 1.000000 -0.330320 0.540212 2.927357 1.000000 -0.412388 0.268318 2.977480 1.000000 -0.451613 0.039935 2.967223 1.000000 -0.459986 -0.062604 2.958943 1.000000 -0.011857 0.531411 2.962268 1.000000 0.049072 0.259926 2.965350 1.000000 0.098321 0.014778 2.944720 1.000000 0.095629 -0.085615 2.920910 1.000000 -0.239773 0.142309 2.918165 1.000000 -0.287318 -0.409953 2.966155 1.000000 -0.313479 -0.802478 3.022407 1.000000 -0.328020 -0.855924 2.950368 1.000000 -0.098480 0.137495 2.948280 1.000000 -0.061362 -0.399201 2.972743 1.000000 -0.035533 -0.799602 3.027320 1.000000 -0.015028 -0.878746 2.987656 1.000000
1651001727 -0.169862 0.213141 2.934466 1.000000 -0.171717 0.284875 2.940117 1.000000 -0.175071 0.645630 2.931304 1.000000 -0.149273 0.822143 2.850449 1.000000 -0.330393 0.540454 2.927243 1.000000 -0.415319 0.269705 2.982051 1.000000 -0.459252 0.046023 2.983144 1.000000 -0.467257 -0.056125 2.970164 1.000000 -0.011429 0.531204 2.962333 1.000000 0.055446 0.263933 2.973940 1.000000 0.109419 0.005850 2.946666 1.000000 0.105544 -0.091604 2.925827 1.000000 -0.240214 0.142279 2.918152 1.000000 -0.287218 -0.410965 2.965972 1.000000 -0.314675 -0.802673 3.022713 1.000000 -0.327984 -0.856353 2.950600 1.000000 -0.098532 0.137539 2.948232 1.000000 -0.061164 -0.399157 2.971489 1.000000 -0.035522 -0.799418 3.026804 1.000000 -0.014700 -0.878199 2.986567 1.000000
1651035736 -0.169814 0.213686 2.934175 1.000000 -0.171653 0.285368 2.939870 1.000000 -0.174587 0.645879 2.930559 1.000000 -0.146903 0.821870 2.852416 1.000000 -0.330345 0.540668 2.926956 1.000000 -0.420363 0.269736 2.990363 1.000000 -0.465454 0.043630 2.994265 1.000000 -0.471282 -0.058502 2.979646 1.000000 -0.009709 0.530825 2.963228 1.000000 0.059430 0.264608 2.980802 1.000000 0.111968 -0.001569 2.944994 1.000000 0.113424 -0.092843 2.935009 1.000000 -0.240355 0.142594 2.917955 1.000000 -0.286764 -0.408139 2.964723 1.000000 -0.313635 -0.802041 3.023302 1.000000 -0.314541 -0.859478 2.952868 1.000000 -0.098332 0.137771 2.947949 1.000000 -0.061169 -0.399041 2.971041 1.000000 -0.035663 -0.799024 3.026562 1.000000 -0.015431 -0.877999 2.986383 1.000000
1651078751 -0.169354 0.213980 2.933781 1.000000 -0.171271 0.285674 2.939444 1.000000 -0.174445 0.646172 2.929612 1.000000 -0.146478 0.821647 2.851825 1.000000 -0.330390 0.540753 2.926904 1.000000 -0.421913 0.271611 2.994794 1.000000 -0.470228 0.043045 3.003693 1.000000 -0.478527 -0.059429 2.992896 1.000000 -0.008719 0.531038 2.963776 1.000000 0.062295 0.265923 2.983866 1.000000 0.119037 -0.008159 2.955009 1.000000 0.119337 -0.090482 2.945483 1.000000 -0.240185 0.142608 2.917901 1.000000 -0.286800 -0.408661 2.964535 1.000000 -0.314337 -0.809571 3.024472 1.000000 -0.305944 -0.856016 2.946782 1.000000 -0.097084 0.138135 2.946911 1.000000 -0.061000 -0.399353 2.970216 1.000000 -0.035685 -0.799111 3.026646 1.000000 -0.015040 -0.877854 2.986190 1.000000
1651111306 -0.168874 0.214298 2.933307 1.000000 -0.170801 0.285955 2.938926 1.000000 -0.173965 0.646148 2.928837 1.000000 -0.145648 0.821060 2.851173 1.000000 -0.330361 0.540760 2.926930 1.000000 -0.422530 0.272145 2.995864 1.000000 -0.474912 0.035057 3.013497 1.000000 -0.482893 -0.067455 3.002529 1.000000 -0.007516 0.530918 2.963950 1.000000 0.064033 0.265538 2.985455 1.000000 0.131792 -0.006230 2.974491 1.000000 0.121560 -0.090738 2.948371 1.000000 -0.239830 0.142660 2.917150 1.000000 -0.286426 -0.407858 2.963667 1.000000 -0.314286 -0.809688 3.024349 1.000000 -0.312156 -0.854209 2.945107 1.000000 -0.096422 0.138199 2.946694 1.000000 -0.060924 -0.399253 2.969635 1.000000 -0.035480 -0.798591 3.026119 1.000000 -0.014891 -0.878182 2.987292 1.000000
1651142812 -0.168709 0.214205 2.933218 1.000000 -0.170662 0.285874 2.938899 1.000000 -0.173888 0.646037 2.929036 1.000000 -0.150777 0.813926 2.848393 1.000000 -0.330617 0.540480 2.926834 1.000000 -0.423002 0.271980 2.996062 1.000000 -0.474900 0.033462 3.014985 1.000000 -0.482883 -0.068917 3.002600 1.000000 -0.006895 0.530280 2.963535 1.000000 0.064697 0.265851 2.985677 1.000000 0.130939 -0.006720 2.973764 1.000000 0.122332 -0.090863 2.952178 1.000000 -0.239695 0.142267 2.917046 1.000000 -0.286346 -0.408366 2.963595 1.000000 -0.314117 -0.807902 3.020263 1.000000 -0.311645 -0.856354 2.943355 1.000000 -0.095893 0.137965 2.946269 1.000000 -0.060823 -0.399052 2.969415 1.000000 -0.035254 -0.798100 3.025680 1.000000 -0.015022 -0.878159 2.987603 1.000000
1651184640 -0.168410 0.214600 2.932955 1.000000 -0.170298 0.286334 2.938224 1.000000 -0.173139 0.646367 2.926482 1.000000 -0.146775 0.818729 2.851788 1.000000 -0.330535 0.540679 2.926598 1.000000 -0.422903 0.272159 2.995964 1.000000 -0.472967 0.030686 3.010241 1.000000 -0.482659 -0.071977 3.001898 1.000000 -0.005317 0.530454 2.963778 1.000000 0.065374 0.266289 2.986158 1.000000 0.128596 -0.008754 2.968167 1.000000 0.122917 -0.090745 2.952187 1.000000 -0.239665 0.142307 2.917081 1.000000 -0.286382 -0.408267 2.963565 1.000000 -0.313483 -0.806035 3.019495 1.000000 -0.318257 -0.856520 2.944000 1.000000 -0.095305 0.138357 2.945877 1.000000 -0.060771 -0.398751 2.968930 1.000000 -0.035334 -0.797972 3.025602 1.000000 -0.014305 -0.878050 2.987967 1.000000
1651217816 -0.168366 0.214632 2.932934 1.000000 -0.170155 0.286439 2.937758 1.000000 -0.172688 0.646742 2.924946 1.000000 -0.145884 0.823238 2.847991 1.000000 -0.330430 0.540986 2.926081 1.000000 -0.422201 0.272197 2.994235 1.000000 -0.466042 0.038430 3.001374 1.000000 -0.468879 -0.063710 2.984769 1.000000 -0.005006 0.530788 2.962788 1.000000 0.065323 0.266407 2.986113 1.000000 0.115783 0.017005 2.964980 1.000000 0.121135 -0.085359 2.950513 1.000000 -0.239679 0.142298 2.917229 1.000000 -0.286458 -0.408210 2.963538 1.000000 -0.313021 -0.810496 3.025003 1.000000 -0.322704 -0.851821 2.944561 1.000000 -0.095185 0.138434 2.945837 1.000000 -0.060670 -0.398829 2.968582 1.000000 -0.035305 -0.797782 3.025799 1.000000 -0.014605 -0.877779 2.987794 1.000000
1651251737 -0.168370 0.214609 2.932908 1.000000 -0.170120 0.286418 2.937309 1.000000 -0.172795 0.646613 2.924426 1.000000 -0.146319 0.823570 2.847467 1.000000 -0.330266 0.540447 2.925568 1.000000 -0.420771 0.273398 2.990531 1.000000 -0.464377 0.036556 2.994573 1.000000 -0.465191 -0.066091 2.980691 1.000000 -0.004260 0.530850 2.962284 1.000000 0.065253 0.265243 2.985674 1.000000 0.107037 0.023043 2.961747 1.000000 0.113899 -0.079251 2.946964 1.000000 -0.239821 0.142064 2.917464 1.000000 -0.286402 -0.409672 2.963435 1.000000 -0.313572 -0.813120 3.026825 1.000000 -0.321928 -0.850859 2.944487 1.000000 -0.095105 0.138400 2.945681 1.000000 -0.060662 -0.398824 2.968523 1.000000 -0.035297 -0.797783 3.025807 1.000000 -0.015230 -0.877286 2.986436 1.000000
1651295635 -0.168311 0.214432 2.932843 1.000000 -0.170025 0.286309 2.936832 1.000000 -0.172731 0.646739 2.924008 1.000000 -0.146101 0.824455 2.847625 1.000000 -0.330071 0.539917 2.924794 1.000000 -0.418403 0.270372 2.985032 1.000000 -0.456140 0.023546 2.977913 1.000000 -0.453747 -0.079041 2.963574 1.000000 -0.003978 0.530602 2.961655 1.000000 0.063266 0.263100 2.979920 1.000000 0.101642 0.004765 2.943508 1.000000 0.109346 -0.093734 2.938152 1.000000 -0.239824 0.141727 2.917593 1.000000 -0.286451 -0.412106 2.963759 1.000000 -0.313164 -0.810203 3.023030 1.000000 -0.331169 -0.856481 2.946807 1.000000 -0.094997 0.138259 2.945587 1.000000 -0.060631 -0.399067 2.968400 1.000000 -0.035326 -0.797851 3.025744 1.000000 -0.015158 -0.878157 2.988060 1.000000
1651328210 -0.168417 0.214157 2.932771 1.000000 -0.170082 0.286058 2.936334 1.000000 -0.172841 0.646470 2.923609 1.000000 -0.147815 0.824339 2.845273 1.000000 -0.330659 0.539877 2.924696 1.000000 -0.415764 0.269478 2.980740 1.000000 -0.436523 -0.010582 2.938591 1.000000 -0.424561 -0.088623 2.921013 1.000000 -0.004353 0.530616 2.961599 1.000000 0.057960 0.256050 2.969437 1.000000 0.097755 0.001143 2.937676 1.000000 0.099781 -0.101165 2.927253 1.000000 -0.240005 0.141353 2.917832 1.000000 -0.286344 -0.412170 2.963821 1.000000 -0.313011 -0.809406 3.022688 1.000000 -0.325457 -0.852151 2.943343 1.000000 -0.095107 0.137955 2.945385 1.000000 -0.060699 -0.399254 2.968298 1.000000 -0.035240 -0.798188 3.026630 1.000000 -0.015107 -0.877821 2.987504 1.000000
1651359872 -0.168512 0.213848 2.932837 1.000000 -0.170138 0.285816 2.936083 1.000000 -0.173241 0.646378 2.923825 1.000000 -0.148770 0.823387 2.843511 1.000000 -0.331310 0.538885 2.925194 1.000000 -0.411861 0.265172 2.973416 1.000000 -0.432514 -0.005014 2.929158 1.000000 -0.419041 -0.099253 2.906692 1.000000 -0.005462 0.531231 2.960822 1.000000 0.055730 0.247534 2.960825 1.000000 0.079407 -0.038055 2.911248 1.000000 0.084785 -0.114383 2.914272 1.000000 -0.240044 0.141140 2.918078 1.000000 -0.286426 -0.407905 2.962988 1.000000 -0.312945 -0.806564 3.021657 1.000000 -0.329899 -0.853575 2.945621 1.000000 -0.095188 0.137676 2.945301 1.000000 -0.060774 -0.399130 2.968328 1.000000 -0.035540 -0.797793 3.025752 1.000000 -0.013568 -0.876472 2.985678 1.000000
1651401737 -0.168684 0.213658 2.932806 1.000000 -0.170296 0.285603 2.935860 1.000000 -0.173602 0.645906 2.924319 1.000000 -0.148714 0.823215 2.842349 1.000000 -0.331242 0.539169 2.924897 1.000000 -0.409433 0.261607 2.967494 1.000000 -0.423356 -0.008303 2.899638 1.000000 -0.408154 -0.094778 2.887453 1.000000 -0.005859 0.532031 2.960581 1.000000 0.054161 0.247270 2.957314 1.000000 0.076345 -0.033178 2.905807 1.000000 0.075598 -0.109661 2.902508 1.000000 -0.240151 0.141063 2.918211 1.000000 -0.286414 -0.407928 2.962906 1.000000 -0.313004 -0.806569 3.021813 1.000000 -0.329537 -0.852724 2.945154 1.000000 -0.095504 0.137505 2.944911 1.000000 -0.060785 -0.399798 2.967562 1.000000 -0.035493 -0.797822 3.025889 1.000000 -0.013622 -0.876494 2.985731 1.000000
1651434787 -0.168708 0.213557 2.932821 1.000000 -0.170327 0.285499 2.935721 1.000000 -0.174001 0.645760 2.924690 1.000000 -0.148015 0.823669 2.841516 1.000000 -0.331182 0.539063 2.924848 1.000000 -0.408074 0.262716 2.959841 1.000000 -0.407209 0.021124 2.872273 1.000000 -0.398739 -0.080931 2.864003 1.000000 -0.005912 0.532084 2.960514 1.000000 0.053269 0.242513 2.947598 1.000000 0.065613 -0.003336 2.862422 1.000000 0.064017 -0.105992 2.871286 1.000000 -0.240138 0.141052 2.918212 1.000000 -0.285870 -0.403149 2.962312 1.000000 -0.313081 -0.805305 3.022229 1.000000 -0.339201 -0.858577 2.953220 1.000000 -0.095545 0.137321 2.944933 1.000000 -0.060714 -0.399904 2.967528 1.000000 -0.035553 -0.797886 3.025908 1.000000 -0.012479 -0.876987 2.987269 1.000000
1651468524 -0.168755 0.213398 2.932877 1.000000 -0.170353 0.285335 2.935776 1.000000 -0.173924 0.645585 2.925692 1.000000 -0.146410 0.823681 2.841033 1.000000 -0.330977 0.539128 2.924785 1.000000 -0.416061 0.273399 2.941448 1.000000 -0.401822 0.041275 2.849061 1.000000 -0.383856 -0.056231 2.836418 1.000000 -0.005753 0.532176 2.960235 1.000000 0.058404 0.244836 2.934239 1.000000 0.056112 0.029713 2.837164 1.000000 0.048772 -0.073674 2.839238 1.000000 -0.240210 0.140885 2.918217 1.000000 -0.285650 -0.407858 2.961908 1.000000 -0.312519 -0.806236 3.021963 1.000000 -0.321819 -0.858042 2.947712 1.000000 -0.095583 0.137212 2.944953 1.000000 -0.060664 -0.399812 2.967498 1.000000 -0.035578 -0.797922 3.025849 1.000000 -0.012446 -0.875651 2.984536 1.000000
1651511734 -0.168749 0.213345 2.932880 1.000000 -0.170346 0.285224 2.935727 1.000000 -0.174045 0.644870 2.925710 1.000000 -0.147314 0.822445 2.840826 1.000000 -0.331226 0.538833 2.925083 1.000000 -0.431639 0.306515 2.916542 1.000000 -0.389433 0.069967 2.824383 1.000000 -0.370772 -0.028807 2.799041 1.000000 -0.005602 0.532332 2.960448 1.000000 0.069064 0.269782 2.904761 1.000000 0.043112 0.064060 2.812376 1.000000 0.028655 -0.037724 2.799043 1.000000 -0.240265 0.140798 2.918262 1.000000 -0.285270 -0.411165 2.962178 1.000000 -0.312489 -0.806193 3.021904 1.000000 -0.323478 -0.858496 2.948227 1.000000 -0.095427 0.136969 2.944914 1.000000 -0.060680 -0.399634 2.967582 1.000000 -0.035573 -0.798158 3.026284 1.000000 -0.012427 -0.875548 2.984336 1.000000
1651543260 -0.168732 0.213350 2.932875 1.000000 -0.170314 0.285181 2.935807 1.000000 -0.173966 0.643800 2.926743 1.000000 -0.147260 0.820868 2.841758 1.000000 -0.331486 0.538578 2.925338 1.000000 -0.443004 0.324961 2.902835 1.000000 -0.369385 0.086426 2.766720 1.000000 -0.375685 0.010381 2.773020 1.000000 -0.005048 0.532319 2.960056 1.000000 0.081452 0.283637 2.886841 1.000000 0.028767 0.082241 2.796670 1.000000 0.001814 0.011456 2.785476 1.000000 -0.240463 0.140764 2.918059 1.000000 -0.285519 -0.412340 2.961993 1.000000 -0.312278 -0.805580 3.021479 1.000000 -0.324312 -0.856380 2.946916 1.000000 -0.094914 0.136659 2.944951 1.000000 -0.060631 -0.399817 2.967383 1.000000 -0.035639 -0.798544 3.026705 1.000000 -0.012881 -0.877419 2.987389 1.000000
1651585755 -0.167954 0.213420 2.932629 1.000000 -0.169693 0.285034 2.935905 1.000000 -0.173485 0.642225 2.927711 1.000000 -0.146374 0.818678 2.843697 1.000000 -0.331112 0.538089 2.925393 1.000000 -0.455364 0.341829 2.880156 1.000000 -0.357666 0.125732 2.727657 1.000000 -0.341460 0.050898 2.727657 1.000000 -0.002991 0.532194 2.958995 1.000000 0.087155 0.326274 2.870754 1.000000 0.017705 0.134762 2.769506 1.000000 -0.022376 0.041203 2.750222 1.000000 -0.240081 0.140560 2.917528 1.000000 -0.285485 -0.412687 2.961713 1.000000 -0.310319 -0.808115 3.018952 1.000000 -0.320171 -0.859567 2.944522 1.000000 -0.092882 0.136602 2.944605 1.000000 -0.060426 -0.399666 2.967182 1.000000 -0.035584 -0.798526 3.026329 1.000000 -0.012901 -0.877504 2.987186 1.000000
1651618711 -0.165959 0.213838 2.932365 1.000000 -0.167590 0.285115 2.936261 1.000000 -0.170517 0.640872 2.929312 1.000000 -0.145272 0.818194 2.844176 1.000000 -0.330771 0.537728 2.925646 1.000000 -0.467288 0.352286 2.864213 1.000000 -0.344727 0.167114 2.690548 1.000000 -0.303873 0.105390 2.637156 1.000000 -0.001065 0.532741 2.955784 1.000000 0.094253 0.330488 2.857131 1.000000 0.003840 0.152822 2.746436 1.000000 -0.051916 0.067732 2.726911 1.000000 -0.238760 0.140490 2.916866 1.000000 -0.285734 -0.410363 2.961126 1.000000 -0.310667 -0.807024 3.019501 1.000000 -0.322835 -0.857625 2.944835 1.000000 -0.090560 0.137064 2.944316 1.000000 -0.060198 -0.399405 2.966730 1.000000 -0.035312 -0.798244 3.025908 1.000000 -0.012597 -0.876017 2.984447 1.000000
1651651629 -0.164185 0.214542 2.931633 1.000000 -0.166012 0.285585 2.936427 1.000000 -0.169343 0.641094 2.930459 1.000000 -0.144795 0.818013 2.844235 1.000000 -0.330894 0.537640 2.925659 1.000000 -0.471071 0.362699 2.846544 1.000000 -0.369023 0.228796 2.688721 1.000000 -0.327881 0.192017 2.706174 1.000000 -0.000101 0.533124 2.954104 1.000000 0.097609 0.337665 2.837645 1.000000 -0.032231 0.197286 2.711857 1.000000 -0.036438 0.192627 2.719846 1.000000 -0.236711 0.140425 2.915974 1.000000 -0.285941 -0.409618 2.960862 1.000000 -0.311131 -0.805750 3.019336 1.000000 -0.331639 -0.861059 2.950030 1.000000 -0.088849 0.137931 2.942803 1.000000 -0.060030 -0.399275 2.966394 1.000000 -0.035252 -0.798304 3.026041 1.000000 -0.013153 -0.876289 2.984653 1.000000
1651685718 -0.163286 0.215016 2.931118 1.000000 -0.165310 0.285805 2.936612 1.000000 -0.169248 0.640893 2.930548 1.000000 -0.144732 0.817813 2.844210 1.000000 -0.332485 0.534532 2.925711 1.000000 -0.494961 0.369110 2.815195 1.000000 -0.348182 0.277175 2.663248 1.000000 -0.263669 0.226646 2.631052 1.000000 0.000502 0.532768 2.952452 1.000000 0.110234 0.355295 2.819408 1.000000 -0.050078 0.256230 2.689074 1.000000 -0.103516 0.223209 2.650127 1.000000 -0.235545 0.140464 2.915779 1.000000 -0.285800 -0.406582 2.959377 1.000000 -0.311786 -0.805815 3.020464 1.000000 -0.317744 -0.860951 2.948303 1.000000 -0.087909 0.138375 2.941454 1.000000 -0.060005 -0.398890 2.966046 1.000000 -0.035182 -0.798553 3.026062 1.000000 -0.012561 -0.877094 2.986033 1.000000
1651728882 -0.163107 0.215048 2.930662 1.000000 -0.165160 0.285689 2.936666 1.000000 -0.169541 0.639638 2.930095 1.000000 -0.144230 0.818027 2.844061 1.000000 -0.332466 0.534328 2.925379 1.000000 -0.497356 0.366818 2.800085 1.000000 -0.334629 0.378996 2.636493 1.000000 -0.303467 0.343262 2.653442 1.000000 0.000791 0.531864 2.950618 1.000000 0.119151 0.365584 2.812900 1.000000 -0.057315 0.361278 2.665247 1.000000 -0.151402 0.337682 2.628763 1.000000 -0.235260 0.140420 2.915464 1.000000 -0.285842 -0.406632 2.958610 1.000000 -0.311705 -0.805963 3.020591 1.000000 -0.316692 -0.860275 2.947735 1.000000 -0.087801 0.138404 2.940684 1.000000 -0.059761 -0.398484 2.964978 1.000000 -0.035243 -0.798355 3.025403 1.000000 -0.012221 -0.876875 2.985561 1.000000
1651761420 -0.163171 0.214700 2.930191 1.000000 -0.165164 0.285252 2.936872 1.000000 -0.169600 0.638585 2.930645 1.000000 -0.143283 0.809467 2.841448 1.000000 -0.332314 0.536811 2.925046 1.000000 -0.493649 0.368388 2.799431 1.000000 -0.331587 0.435096 2.639627 1.000000 -0.277567 0.457332 2.590857 1.000000 -0.001519 0.534077 2.947986 1.000000 0.131357 0.374454 2.787938 1.000000 -0.031788 0.469336 2.658109 1.000000 -0.127499 0.485069 2.621567 1.000000 -0.235291 0.140247 2.915159 1.000000 -0.285671 -0.405319 2.955798 1.000000 -0.312488 -0.801136 3.020548 1.000000 -0.341199 -0.862873 2.960153 1.000000 -0.088061 0.138326 2.939625 1.000000 -0.059688 -0.397873 2.964115 1.000000 -0.035139 -0.798553 3.025160 1.000000 -0.012408 -0.877635 2.986267 1.000000
1651792888 -0.162509 0.208989 2.927019 1.000000 -0.164818 0.280433 2.935031 1.000000 -0.170073 0.637639 2.930215 1.000000 -0.143442 0.809895 2.840730 1.000000 -0.329713 0.524911 2.921515 1.000000 -0.475109 0.368405 2.831733 1.000000 -0.414650 0.474461 2.633203 1.000000 -0.394497 0.509813 2.571524 1.000000 -0.006363 0.531714 2.945015 1.000000 0.130878 0.377775 2.787453 1.000000 -0.033292 0.489295 2.675201 1.000000 -0.106488 0.509736 2.665582 1.000000 -0.234379 0.136719 2.914038 1.000000 -0.284802 -0.400406 2.952131 1.000000 -0.312452 -0.800849 3.020541 1.000000 -0.341908 -0.862746 2.960680 1.000000 -0.087702 0.135344 2.934802 1.000000 -0.059057 -0.397700 2.962393 1.000000 -0.035117 -0.798594 3.025134 1.000000 -0.012250 -0.877992 2.986986 1.000000
1651824719 -0.163492 0.208436 2.924974 1.000000 -0.165600 0.280208 2.931641 1.000000 -0.171920 0.639829 2.918457 1.000000 -0.147915 0.811616 2.837433 1.000000 -0.332063 0.524671 2.919714 1.000000 -0.475380 0.367587 2.829384 1.000000 -0.372559 0.540527 2.637817 1.000000 -0.338285 0.598174 2.578459 1.000000 -0.008713 0.516539 2.934514 1.000000 0.128642 0.387407 2.786840 1.000000 0.025286 0.542243 2.653062 1.000000 -0.053150 0.596333 2.612312 1.000000 -0.235666 0.136038 2.913325 1.000000 -0.285043 -0.400051 2.950559 1.000000 -0.312677 -0.806763 3.027060 1.000000 -0.345327 -0.863704 2.964030 1.000000 -0.088304 0.134329 2.932341 1.000000 -0.059364 -0.396701 2.958812 1.000000 -0.034940 -0.798671 3.025681 1.000000 -0.012564 -0.877819 2.986745 1.000000
1651868877 -0.163022 0.210550 2.923666 1.000000 -0.165118 0.281036 2.931038 1.000000 -0.168772 0.635590 2.920983 1.000000 -0.151075 0.804255 2.833501 1.000000 -0.332339 0.524950 2.918999 1.000000 -0.472704 0.368223 2.822928 1.000000 -0.420898 0.564453 2.659300 1.000000 -0.403630 0.629863 2.609255 1.000000 -0.008194 0.524867 2.936587 1.000000 0.130532 0.404608 2.786002 1.000000 0.089185 0.549650 2.610149 1.000000 0.038538 0.628926 2.566683 1.000000 -0.235675 0.137409 2.912019 1.000000 -0.285411 -0.400859 2.948721 1.000000 -0.313332 -0.807626 3.025329 1.000000 -0.337117 -0.862316 2.956603 1.000000 -0.087863 0.137019 2.930268 1.000000 -0.058910 -0.395030 2.955775 1.000000 -0.034650 -0.798690 3.025073 1.000000 -0.012711 -0.878382 2.987024 1.000000
1651901619 -0.162840 0.209178 2.921885 1.000000 -0.164940 0.279907 2.929980 1.000000 -0.168757 0.635366 2.921216 1.000000 -0.150403 0.804534 2.833053 1.000000 -0.331262 0.525345 2.917177 1.000000 -0.475212 0.378283 2.790878 1.000000 -0.445846 0.572738 2.675321 1.000000 -0.436057 0.637556 2.641300 1.000000 -0.008252 0.524886 2.936549 1.000000 0.135350 0.409133 2.784063 1.000000 0.074146 0.600206 2.676563 1.000000 0.029308 0.659771 2.659044 1.000000 -0.235302 0.136447 2.910655 1.000000 -0.285353 -0.402870 2.947066 1.000000 -0.312974 -0.808243 3.024642 1.000000 -0.342231 -0.861844 2.957194 1.000000 -0.088029 0.135932 2.927327 1.000000 -0.058711 -0.395149 2.952714 1.000000 -0.034637 -0.798772 3.024204 1.000000 -0.012512 -0.879005 2.987441 1.000000
1651945770 -0.163587 0.207936 2.920489 1.000000 -0.165711 0.278429 2.929355 1.000000 -0.170409 0.632267 2.922481 1.000000 -0.150742 0.797998 2.830474 1.000000 -0.332121 0.524753 2.915349 1.000000 -0.476392 0.374451 2.788169 1.000000 -0.491404 0.577858 2.669334 1.000000 -0.481693 0.653364 2.661052 1.000000 -0.007819 0.523411 2.935633 1.000000 0.148162 0.424980 2.786438 1.000000 0.103464 0.625867 2.690954 1.000000 0.062308 0.689023 2.677480 1.000000 -0.236232 0.135020 2.908872 1.000000 -0.286227 -0.398291 2.941082 1.000000 -0.313377 -0.807623 3.024069 1.000000 -0.339875 -0.857133 2.952488 1.000000 -0.088714 0.133696 2.925110 1.000000 -0.058897 -0.395860 2.950088 1.000000 -0.034788 -0.798663 3.023528 1.000000 -0.013828 -0.876737 2.981786 1.000000
1651978247 -0.164531 0.207797 2.917944 1.000000 -0.166798 0.278188 2.927629 1.000000 -0.171778 0.632190 2.921688 1.000000 -0.152132 0.800804 2.824048 1.000000 -0.333102 0.524684 2.913498 1.000000 -0.461935 0.362121 2.802985 1.000000 -0.527340 0.574350 2.669106 1.000000 -0.524931 0.647081 2.645288 1.000000 -0.007587 0.523118 2.935630 1.000000 0.152518 0.425818 2.791001 1.000000 0.162759 0.637207 2.712177 1.000000 0.138237 0.708299 2.697778 1.000000 -0.237509 0.134396 2.905674 1.000000 -0.286395 -0.400703 2.938617 1.000000 -0.313634 -0.808456 3.023553 1.000000 -0.337323 -0.855782 2.949558 1.000000 -0.089103 0.133311 2.922839 1.000000 -0.058952 -0.395110 2.945830 1.000000 -0.034931 -0.798756 3.022538 1.000000 -0.012588 -0.877570 2.982974 1.000000
1652009661 -0.165359 0.206636 2.916068 1.000000 -0.168131 0.276449 2.926061 1.000000 -0.177071 0.626297 2.919409 1.000000 -0.154236 0.793965 2.821036 1.000000 -0.334582 0.523695 2.911333 1.000000 -0.468367 0.357837 2.795016 1.000000 -0.569712 0.560571 2.655885 1.000000 -0.593843 0.633224 2.654881 1.000000 -0.007920 0.522826 2.935190 1.000000 0.161843 0.422595 2.802976 1.000000 0.204735 0.635426 2.721238 1.000000 0.205866 0.711296 2.711030 1.000000 -0.238128 0.133062 2.903667 1.000000 -0.286952 -0.401111 2.936918 1.000000 -0.311904 -0.805539 3.017177 1.000000 -0.338130 -0.860306 2.949441 1.000000 -0.089383 0.132210 2.921210 1.000000 -0.059047 -0.395943 2.943596 1.000000 -0.034907 -0.798823 3.021815 1.000000 -0.011406 -0.879149 2.986165 1.000000
1652052873 -0.166208 0.206525 2.913735 1.000000 -0.169168 0.276383 2.923944 1.000000 -0.178607 0.627102 2.916511 1.000000 -0.153735 0.795134 2.817236 1.000000 -0.335211 0.523228 2.910595 1.000000 -0.460325 0.354256 2.814689 1.000000 -0.600291 0.454095 2.661676 1.000000 -0.652684 0.532030 2.618015 1.000000 -0.007806 0.522833 2.935107 1.000000 0.162803 0.404000 2.832491 1.000000 0.261475 0.621094 2.731564 1.000000 0.279949 0.694990 2.723985 1.000000 -0.238995 0.132881 2.901894 1.000000 -0.287757 -0.398823 2.934538 1.000000 -0.311962 -0.805079 3.017115 1.000000 -0.330612 -0.856288 2.944293 1.000000 -0.089725 0.131639 2.918914 1.000000 -0.059312 -0.395757 2.941592 1.000000 -0.034234 -0.798026 3.018246 1.000000 -0.011142 -0.880020 2.986356 1.000000
1652085872 -0.167294 0.206352 2.911663 1.000000 -0.170335 0.276167 2.921908 1.000000 -0.179704 0.626938 2.913375 1.000000 -0.147625 0.799127 2.810845 1.000000 -0.335463 0.523766 2.909668 1.000000 -0.448230 0.340563 2.830935 1.000000 -0.615578 0.382520 2.678722 1.000000 -0.679855 0.402890 2.642509 1.000000 -0.007317 0.522140 2.934913 1.000000 0.166210 0.372278 2.847840 1.000000 0.319824 0.588867 2.737423 1.000000 0.360718 0.653480 2.740694 1.000000 -0.240067 0.132820 2.900580 1.000000 -0.287944 -0.398970 2.933005 1.000000 -0.311743 -0.805925 3.017931 1.000000 -0.330856 -0.855531 2.944137 1.000000 -0.090571 0.130950 2.916602 1.000000 -0.059540 -0.396869 2.938590 1.000000 -0.034201 -0.798371 3.017543 1.000000 -0.009347 -0.881870 2.991431 1.000000
1652119693 -0.168114 0.206076 2.910442 1.000000 -0.171261 0.275814 2.920868 1.000000 -0.180781 0.626481 2.912043 1.000000 -0.148869 0.797830 2.809546 1.000000 -0.336511 0.523793 2.908787 1.000000 -0.442228 0.332965 2.843439 1.000000 -0.590606 0.210394 2.720624 1.000000 -0.640066 0.169536 2.684184 1.000000 -0.006769 0.521475 2.935003 1.000000 0.150608 0.366827 2.868160 1.000000 0.339600 0.480713 2.747188 1.000000 0.400635 0.557617 2.731563 1.000000 -0.241413 0.132095 2.898962 1.000000 -0.288262 -0.402985 2.932632 1.000000 -0.312595 -0.806809 3.017711 1.000000 -0.331542 -0.862371 2.948249 1.000000 -0.090892 0.130344 2.915731 1.000000 -0.059226 -0.397859 2.934147 1.000000 -0.034085 -0.798420 3.017490 1.000000 -0.009432 -0.882101 2.991785 1.000000
1652162932 -0.168872 0.206242 2.909266 1.000000 -0.171961 0.275926 2.919352 1.000000 -0.180986 0.625663 2.908278 1.000000 -0.152658 0.798121 2.803145 1.000000 -0.337879 0.524611 2.907491 1.000000 -0.434430 0.326225 2.863881 1.000000 -0.575926 0.204328 2.731679 1.000000 -0.634113 0.169005 2.696695 1.000000 -0.005193 0.520459 2.933905 1.000000 0.139828 0.345316 2.884501 1.000000 0.393311 0.403076 2.741328 1.000000 0.463222 0.431921 2.729594 1.000000 -0.242664 0.131905 2.898273 1.000000 -0.288872 -0.403848 2.930850 1.000000 -0.313615 -0.807444 3.018506 1.000000 -0.331605 -0.861084 2.947314 1.000000 -0.091245 0.129936 2.914649 1.000000 -0.059501 -0.397446 2.932687 1.000000 -0.034119 -0.798473 3.017453 1.000000 -0.009166 -0.883167 2.995696 1.000000
1652195510 -0.169153 0.206198 2.908757 1.000000 -0.172045 0.275830 2.918604 1.000000 -0.180486 0.625013 2.906859 1.000000 -0.152614 0.798841 2.802164 1.000000 -0.338855 0.525087 2.907603 1.000000 -0.434401 0.325911 2.868696 1.000000 -0.563624 0.174925 2.757947 1.000000 -0.643913 0.129342 2.711088 1.000000 -0.004773 0.518800 2.931453 1.000000 0.132107 0.333118 2.889468 1.000000 0.325227 0.262281 2.794484 1.000000 0.421915 0.263852 2.757484 1.000000 -0.243078 0.131870 2.898230 1.000000 -0.288688 -0.401016 2.925829 1.000000 -0.315914 -0.807693 3.018925 1.000000 -0.331666 -0.860449 2.946555 1.000000 -0.091568 0.129356 2.913564 1.000000 -0.059741 -0.397124 2.931675 1.000000 -0.034054 -0.798607 3.016966 1.000000 -0.009013 -0.883644 2.996707 1.000000
1652227115 -0.169811 0.205516 2.908197 1.000000 -0.172440 0.275204 2.917699 1.000000 -0.180095 0.624476 2.905331 1.000000 -0.153456 0.797941 2.800482 1.000000 -0.339484 0.525005 2.907204 1.000000 -0.439180 0.318890 2.870936 1.000000 -0.580566 0.118469 2.754999 1.000000 -0.651276 0.048772 2.725536 1.000000 -0.005082 0.514910 2.929176 1.000000 0.132092 0.317613 2.891719 1.000000 0.371338 0.185059 2.780389 1.000000 0.445618 0.166683 2.782460 1.000000 -0.244101 0.131153 2.897981 1.000000 -0.288709 -0.401307 2.924576 1.000000 -0.317539 -0.807408 3.018483 1.000000 -0.329108 -0.858440 2.944112 1.000000 -0.092303 0.128266 2.913091 1.000000 -0.059261 -0.397812 2.929621 1.000000 -0.034132 -0.798667 3.017041 1.000000 -0.008206 -0.883685 2.997835 1.000000
1652268687 -0.170065 0.205279 2.907987 1.000000 -0.172440 0.274972 2.917115 1.000000 -0.179504 0.623998 2.904201 1.000000 -0.152669 0.797582 2.799606 1.000000 -0.340054 0.524714 2.907322 1.000000 -0.449466 0.290393 2.862489 1.000000 -0.546387 0.058258 2.762811 1.000000 -0.602163 -0.028647 2.754955 1.000000 -0.004459 0.510962 2.925498 1.000000 0.123913 0.302854 2.888170 1.000000 0.294006 0.122589 2.826287 1.000000 0.380930 0.067933 2.812785 1.000000 -0.244680 0.130804 2.897951 1.000000 -0.289329 -0.403489 2.921762 1.000000 -0.317552 -0.808284 3.017920 1.000000 -0.329609 -0.859211 2.943549 1.000000 -0.092585 0.127680 2.912938 1.000000 -0.059140 -0.397374 2.928854 1.000000 -0.034149 -0.798624 3.016912 1.000000 -0.008235 -0.883727 2.998047 1.000000
1652301692 -0.170449 0.204382 2.907459 1.000000 -0.172526 0.274250 2.916351 1.000000 -0.179022 0.623889 2.903769 1.000000 -0.152697 0.797621 2.799610 1.000000 -0.339637 0.524283 2.906238 1.000000 -0.444770 0.269605 2.857144 1.000000 -0.513672 0.016571 2.780388 1.000000 -0.541186 -0.082745 2.791214 1.000000 -0.004148 0.508139 2.922112 1.000000 0.116920 0.274058 2.880092 1.000000 0.252441 0.063049 2.823357 1.000000 0.316660 -0.017764 2.832466 1.000000 -0.245114 0.130260 2.897803 1.000000 -0.289218 -0.403931 2.921345 1.000000 -0.317209 -0.805304 3.014578 1.000000 -0.328326 -0.864327 2.946278 1.000000 -0.093160 0.126608 2.912246 1.000000 -0.059411 -0.397209 2.927846 1.000000 -0.034129 -0.798774 3.016120 1.000000 -0.009050 -0.884700 2.999995 1.000000
1652335683 -0.170577 0.203274 2.906737 1.000000 -0.172528 0.273366 2.915286 1.000000 -0.178594 0.623986 2.902644 1.000000 -0.148868 0.797754 2.800480 1.000000 -0.338824 0.524494 2.905987 1.000000 -0.413309 0.248390 2.847835 1.000000 -0.469727 -0.032104 2.796013 1.000000 -0.485107 -0.121948 2.817497 1.000000 -0.004400 0.507899 2.921681 1.000000 0.092263 0.255652 2.872085 1.000000 0.189575 0.020996 2.825310 1.000000 0.223633 -0.050659 2.831169 1.000000 -0.245089 0.129824 2.897605 1.000000 -0.289114 -0.404202 2.920728 1.000000 -0.319244 -0.807196 3.016633 1.000000 -0.329822 -0.861425 2.944383 1.000000 -0.093552 0.125871 2.911609 1.000000 -0.059397 -0.397389 2.927122 1.000000 -0.034639 -0.798297 3.014253 1.000000 -0.008725 -0.883631 2.996382 1.000000
1652378588 -0.171779 0.201543 2.905802 1.000000 -0.173465 0.272160 2.914139 1.000000 -0.178610 0.624389 2.901814 1.000000 -0.148297 0.798767 2.800064 1.000000 -0.335743 0.525279 2.903922 1.000000 -0.394320 0.232971 2.849872 1.000000 -0.402344 0.011467 2.815545 1.000000 -0.412380 -0.091644 2.813939 1.000000 -0.005886 0.509252 2.921730 1.000000 0.047929 0.240007 2.864380 1.000000 0.094475 0.024590 2.830937 1.000000 0.118303 -0.076232 2.829391 1.000000 -0.245259 0.129492 2.897383 1.000000 -0.289103 -0.402219 2.919748 1.000000 -0.317791 -0.805603 3.015770 1.000000 -0.329876 -0.860335 2.944134 1.000000 -0.096371 0.124751 2.910439 1.000000 -0.059343 -0.397515 2.927050 1.000000 -0.035058 -0.798148 3.013058 1.000000 -0.007128 -0.883913 3.001326 1.000000
1652409954 -0.170669 0.199337 2.903703 1.000000 -0.172513 0.270419 2.912332 1.000000 -0.178008 0.624584 2.901406 1.000000 -0.145897 0.799396 2.805862 1.000000 -0.333024 0.525434 2.902017 1.000000 -0.381806 0.233265 2.852142 1.000000 -0.372181 0.015086 2.802730 1.000000 -0.368321 -0.088097 2.794174 1.000000 -0.006951 0.509487 2.921146 1.000000 0.026242 0.226056 2.864245 1.000000 0.032410 0.007720 2.815023 1.000000 0.043966 -0.092645 2.792044 1.000000 -0.243344 0.128292 2.895950 1.000000 -0.288134 -0.408080 2.921911 1.000000 -0.316105 -0.811452 3.016725 1.000000 -0.327021 -0.861138 2.941317 1.000000 -0.096235 0.123736 2.907753 1.000000 -0.059345 -0.397907 2.926941 1.000000 -0.035063 -0.798324 3.013343 1.000000 -0.006897 -0.883810 3.000195 1.000000
1652452790 -0.169626 0.198176 2.901366 1.000000 -0.171511 0.269205 2.910446 1.000000 -0.177128 0.624144 2.900977 1.000000 -0.145163 0.795346 2.811143 1.000000 -0.332131 0.525272 2.901147 1.000000 -0.372101 0.240838 2.855261 1.000000 -0.345582 0.030643 2.777643 1.000000 -0.337504 -0.071866 2.764976 1.000000 -0.007590 0.509028 2.920996 1.000000 0.019000 0.231163 2.863398 1.000000 0.006765 0.012834 2.815554 1.000000 -0.007647 -0.087055 2.792137 1.000000 -0.242019 0.127211 2.893424 1.000000 -0.288010 -0.408086 2.921910 1.000000 -0.319570 -0.810676 3.017735 1.000000 -0.325438 -0.859766 2.941379 1.000000 -0.095345 0.123454 2.904817 1.000000 -0.059181 -0.397760 2.926864 1.000000 -0.034696 -0.798325 3.013090 1.000000 -0.008315 -0.884499 3.000735 1.000000
1652485726 -0.166342 0.198642 2.899204 1.000000 -0.168437 0.269688 2.909093 1.000000 -0.173585 0.626054 2.901378 1.000000 -0.140519 0.801127 2.812034 1.000000 -0.329477 0.526804 2.899962 1.000000 -0.366151 0.251319 2.857753 1.000000 -0.339817 0.041732 2.778052 1.000000 -0.307386 -0.049109 2.740199 1.000000 -0.007558 0.509978 2.921409 1.000000 0.012787 0.243887 2.869241 1.000000 -0.047302 -0.003099 2.786247 1.000000 -0.059585 -0.063092 2.740250 1.000000 -0.238169 0.127703 2.890822 1.000000 -0.287885 -0.408469 2.921910 1.000000 -0.319093 -0.810914 3.017066 1.000000 -0.337667 -0.861413 2.943721 1.000000 -0.091865 0.125215 2.901777 1.000000 -0.059020 -0.397847 2.926919 1.000000 -0.034648 -0.798397 3.013340 1.000000 -0.008584 -0.884347 2.998923 1.000000
1652518835 -0.164039 0.198555 2.897944 1.000000 -0.166360 0.269568 2.908364 1.000000 -0.172553 0.626264 2.900938 1.000000 -0.140890 0.800537 2.813250 1.000000 -0.328881 0.526976 2.899792 1.000000 -0.367864 0.260288 2.865731 1.000000 -0.322753 0.061708 2.765425 1.000000 -0.274368 -0.018761 2.721620 1.000000 -0.007988 0.510357 2.921005 1.000000 0.010270 0.251959 2.870380 1.000000 -0.055513 0.052569 2.786732 1.000000 -0.084557 -0.030211 2.731602 1.000000 -0.235781 0.127776 2.889567 1.000000 -0.287403 -0.409693 2.921909 1.000000 -0.318648 -0.811124 3.017208 1.000000 -0.336072 -0.861162 2.943268 1.000000 -0.089263 0.125728 2.900359 1.000000 -0.058760 -0.398057 2.926988 1.000000 -0.034633 -0.798394 3.013543 1.000000 -0.008040 -0.884001 2.998090 1.000000
1652552375 -0.163078 0.198722 2.897741 1.000000 -0.165491 0.269710 2.908498 1.000000 -0.171941 0.626524 2.900640 1.000000 -0.140620 0.801519 2.813418 1.000000 -0.327848 0.527399 2.899593 1.000000 -0.371785 0.278605 2.873451 1.000000 -0.301070 0.096968 2.755031 1.000000 -0.257875 0.033874 2.685118 1.000000 -0.008004 0.510404 2.921035 1.000000 0.007929 0.256114 2.872829 1.000000 -0.073664 0.073138 2.765184 1.000000 -0.115259 0.004850 2.699298 1.000000 -0.234166 0.128199 2.889425 1.000000 -0.287175 -0.408625 2.921615 1.000000 -0.318614 -0.811090 3.017186 1.000000 -0.335727 -0.860103 2.942488 1.000000 -0.088677 0.125970 2.900217 1.000000 -0.058724 -0.398061 2.927010 1.000000 -0.034643 -0.798539 3.014051 1.000000 -0.008146 -0.883769 2.996481 1.000000
1652595669 -0.162991 0.198944 2.897915 1.000000 -0.165372 0.269925 2.908899 1.000000 -0.171152 0.627070 2.900333 1.000000 -0.140079 0.802364 2.813140 1.000000 -0.327054 0.527858 2.899441 1.000000 -0.379000 0.293895 2.885025 1.000000 -0.333503 0.112046 2.753844 1.000000 -0.255613 0.080364 2.693331 1.000000 -0.007906 0.511074 2.920909 1.000000 0.014232 0.282268 2.889225 1.000000 -0.046441 0.099065 2.767359 1.000000 -0.088033 0.030783 2.701478 1.000000 -0.233974 0.128573 2.889811 1.000000 -0.286635 -0.408007 2.921654 1.000000 -0.318447 -0.810883 3.016299 1.000000 -0.327050 -0.863639 2.942700 1.000000 -0.088805 0.126291 2.900476 1.000000 -0.058655 -0.397935 2.927052 1.000000 -0.034665 -0.798426 3.013976 1.000000 -0.008179 -0.883364 2.995051 1.000000
1652627126 -0.162548 0.199522 2.898408 1.000000 -0.164947 0.270449 2.909571 1.000000 -0.170235 0.627555 2.900635 1.000000 -0.139934 0.802795 2.813370 1.000000 -0.326830 0.527803 2.898923 1.000000 -0.387785 0.307183 2.891106 1.000000 -0.325299 0.132673 2.756726 1.000000 -0.197144 0.211426 2.663198 1.000000 -0.008571 0.513746 2.922114 1.000000 0.024867 0.294793 2.899122 1.000000 -0.089209 0.179215 2.735296 1.000000 -0.114315 0.185520 2.663242 1.000000 -0.233176 0.129178 2.889911 1.000000 -0.286721 -0.406355 2.921702 1.000000 -0.316742 -0.812081 3.018213 1.000000 -0.327440 -0.861824 2.942822 1.000000 -0.088876 0.127199 2.901839 1.000000 -0.058625 -0.397794 2.927503 1.000000 -0.034689 -0.798447 3.014110 1.000000 -0.007959 -0.883398 2.995631 1.000000
1652658434 -0.162802 0.200852 2.899006 1.000000 -0.165098 0.271463 2.910135 1.000000 -0.170018 0.627777 2.900623 1.000000 -0.142779 0.801884 2.813634 1.000000 -0.326809 0.527829 2.898808 1.000000 -0.388077 0.307419 2.890433 1.000000 -0.235250 0.277040 2.710592 1.000000 -0.182739 0.266602 2.653434 1.000000 -0.007057 0.518627 2.923320 1.000000 0.027946 0.294763 2.897651 1.000000 -0.095609 0.213816 2.719426 1.000000 -0.137065 0.233886 2.658278 1.000000 -0.232994 0.129982 2.890235 1.000000 -0.287093 -0.407078 2.921991 1.000000 -0.315569 -0.808957 3.013737 1.000000 -0.322324 -0.863895 2.941574 1.000000 -0.090145 0.128468 2.902954 1.000000 -0.058632 -0.397691 2.927634 1.000000 -0.034505 -0.798799 3.012341 1.000000 -0.007977 -0.884494 2.997376 1.000000
1652702758 -0.163153 0.203837 2.900014 1.000000 -0.165521 0.274003 2.910822 1.000000 -0.170584 0.628671 2.900306 1.000000 -0.144141 0.803158 2.814179 1.000000 -0.326657 0.528041 2.898786 1.000000 -0.390789 0.310904 2.888983 1.000000 -0.232959 0.303442 2.711231 1.000000 -0.178986 0.300890 2.655058 1.000000 -0.006856 0.520771 2.923849 1.000000 0.029747 0.295224 2.889613 1.000000 -0.103348 0.227251 2.713013 1.000000 -0.145150 0.245884 2.651657 1.000000 -0.232549 0.133095 2.891179 1.000000 -0.287277 -0.407291 2.921987 1.000000 -0.315293 -0.807880 3.013864 1.000000 -0.324286 -0.862603 2.941791 1.000000 -0.091090 0.131201 2.904510 1.000000 -0.058614 -0.397490 2.928009 1.000000 -0.034543 -0.798717 3.012704 1.000000 -0.009503 -0.883802 2.992612 1.000000
1652735790 -0.163162 0.205123 2.900762 1.000000 -0.165615 0.275174 2.911442 1.000000 -0.170898 0.629123 2.900535 1.000000 -0.144256 0.804233 2.815246 1.000000 -0.326545 0.528105 2.898772 1.000000 -0.391988 0.312509 2.886003 1.000000 -0.226659 0.328555 2.716449 1.000000 -0.163708 0.334664 2.657026 1.000000 -0.006784 0.521334 2.924330 1.000000 0.031409 0.294450 2.880182 1.000000 -0.108370 0.239578 2.704290 1.000000 -0.150190 0.258066 2.642932 1.000000 -0.232074 0.134474 2.892233 1.000000 -0.287612 -0.407932 2.922500 1.000000 -0.315322 -0.808082 3.014068 1.000000 -0.324242 -0.860056 2.939987 1.000000 -0.091391 0.132453 2.905104 1.000000 -0.058587 -0.397392 2.928297 1.000000 -0.034643 -0.798908 3.013405 1.000000 -0.007495 -0.883679 2.994814 1.000000
1652768667 -0.163063 0.207055 2.901159 1.000000 -0.165664 0.276946 2.911783 1.000000 -0.171417 0.630020 2.900809 1.000000 -0.145475 0.805260 2.815818 1.000000 -0.326302 0.528537 2.898539 1.000000 -0.390019 0.309691 2.882941 1.000000 -0.222216 0.340244 2.718244 1.000000 -0.160992 0.351392 2.663074 1.000000 -0.005919 0.522743 2.924983 1.000000 0.033255 0.293631 2.877584 1.000000 -0.184692 0.345703 2.692498 1.000000 -0.257342 0.363060 2.635300 1.000000 -0.231632 0.136274 2.892367 1.000000 -0.286723 -0.404264 2.923430 1.000000 -0.315097 -0.807756 3.014306 1.000000 -0.325882 -0.860609 2.941094 1.000000 -0.091403 0.133752 2.905593 1.000000 -0.058549 -0.396943 2.929444 1.000000 -0.034563 -0.799342 3.014477 1.000000 -0.008112 -0.884227 2.995384 1.000000
1652812809 -0.163178 0.207775 2.901328 1.000000 -0.165727 0.277945 2.911973 1.000000 -0.170887 0.632777 2.901187 1.000000 -0.144138 0.815052 2.817388 1.000000 -0.325289 0.530783 2.898092 1.000000 -0.387405 0.307561 2.878699 1.000000 -0.218302 0.350115 2.718423 1.000000 -0.161546 0.364397 2.669157 1.000000 -0.005640 0.523328 2.924857 1.000000 0.036314 0.295145 2.876619 1.000000 -0.127756 0.361926 2.719692 1.000000 -0.185669 0.385498 2.669061 1.000000 -0.231697 0.137046 2.892797 1.000000 -0.286759 -0.406116 2.926003 1.000000 -0.314908 -0.808051 3.014507 1.000000 -0.330484 -0.859981 2.941504 1.000000 -0.091790 0.134670 2.905510 1.000000 -0.058415 -0.396792 2.930228 1.000000 -0.034553 -0.799341 3.014480 1.000000 -0.008200 -0.884519 2.996619 1.000000
1652845513 -0.163072 0.208251 2.901465 1.000000 -0.165590 0.278588 2.912125 1.000000 -0.170930 0.634182 2.901393 1.000000 -0.142473 0.817843 2.818960 1.000000 -0.323629 0.532812 2.898637 1.000000 -0.383898 0.303867 2.873039 1.000000 -0.208008 0.386475 2.682734 1.000000 -0.132626 0.377267 2.673563 1.000000 -0.005165 0.524669 2.924694 1.000000 0.038334 0.295151 2.873891 1.000000 -0.127576 0.362202 2.719156 1.000000 -0.185929 0.385784 2.669479 1.000000 -0.231371 0.137728 2.892811 1.000000 -0.286677 -0.407140 2.928063 1.000000 -0.314394 -0.808518 3.014517 1.000000 -0.340763 -0.859624 2.944083 1.000000 -0.091837 0.135245 2.905800 1.000000 -0.058435 -0.396705 2.930813 1.000000 -0.034424 -0.799433 3.016435 1.000000 -0.010442 -0.883844 2.992611 1.000000
1652876961 -0.162936 0.208694 2.901525 1.000000 -0.165486 0.279135 2.912076 1.000000 -0.171118 0.635108 2.900978 1.000000 -0.142297 0.816788 2.822054 1.000000 -0.323734 0.532863 2.898517 1.000000 -0.383812 0.303777 2.872538 1.000000 -0.203113 0.397663 2.666574 1.000000 -0.129322 0.378656 2.673215 1.000000 -0.005209 0.525311 2.924827 1.000000 0.039924 0.294629 2.871573 1.000000 -0.182542 0.347106 2.691578 1.000000 -0.190944 0.413649 2.654813 1.000000 -0.231171 0.138013 2.892734 1.000000 -0.286828 -0.408116 2.928982 1.000000 -0.314337 -0.808918 3.015308 1.000000 -0.338993 -0.859483 2.943874 1.000000 -0.091719 0.135726 2.906142 1.000000 -0.058439 -0.396735 2.930979 1.000000 -0.034338 -0.799547 3.016564 1.000000 -0.010715 -0.884119 2.992963 1.000000
1652918594 -0.162785 0.209738 2.901687 1.000000 -0.165345 0.280093 2.912122 1.000000 -0.171060 0.635444 2.900936 1.000000 -0.142159 0.816987 2.822453 1.000000 -0.323470 0.533013 2.898355 1.000000 -0.383475 0.304402 2.871933 1.000000 -0.198175 0.397296 2.660643 1.000000 -0.126543 0.374842 2.675273 1.000000 -0.004575 0.526841 2.925013 1.000000 0.039916 0.294961 2.870916 1.000000 -0.127532 0.361751 2.717708 1.000000 -0.190858 0.387009 2.664871 1.000000 -0.230846 0.138893 2.892406 1.000000 -0.286790 -0.409566 2.929841 1.000000 -0.315015 -0.809289 3.014649 1.000000 -0.335147 -0.860512 2.942277 1.000000 -0.091768 0.136835 2.906940 1.000000 -0.058410 -0.396932 2.931867 1.000000 -0.034432 -0.799511 3.017782 1.000000 -0.011606 -0.883159 2.990419 1.000000
1652951704 -0.162822 0.210152 2.901796 1.000000 -0.165362 0.280583 2.912077 1.000000 -0.171025 0.636145 2.900636 1.000000 -0.142564 0.817700 2.822307 1.000000 -0.323444 0.533073 2.898362 1.000000 -0.383789 0.308730 2.870787 1.000000 -0.177155 0.329712 2.718869 1.000000 -0.156708 0.380671 2.665658 1.000000 -0.004908 0.527117 2.925093 1.000000 0.039918 0.294919 2.870954 1.000000 -0.193678 0.346402 2.696580 1.000000 -0.194163 0.397544 2.639741 1.000000 -0.230694 0.139414 2.892557 1.000000 -0.286580 -0.409861 2.930583 1.000000 -0.314803 -0.809519 3.014481 1.000000 -0.341219 -0.862197 2.945246 1.000000 -0.092103 0.137510 2.907180 1.000000 -0.058638 -0.396141 2.932754 1.000000 -0.034411 -0.799300 3.017700 1.000000 -0.012624 -0.881585 2.985754 1.000000
1652985740 -0.162741 0.210876 2.901922 1.000000 -0.165327 0.281202 2.911949 1.000000 -0.171262 0.636354 2.900220 1.000000 -0.142614 0.817540 2.822309 1.000000 -0.323479 0.533028 2.898370 1.000000 -0.383039 0.308234 2.870414 1.000000 -0.167219 0.329308 2.713794 1.000000 -0.159422 0.373300 2.651776 1.000000 -0.005035 0.527412 2.925157 1.000000 0.039661 0.295352 2.873349 1.000000 -0.202063 0.339829 2.701205 1.000000 -0.188114 0.383363 2.639947 1.000000 -0.230346 0.140142 2.892632 1.000000 -0.286430 -0.409242 2.931706 1.000000 -0.314968 -0.806066 3.014511 1.000000 -0.341012 -0.861484 2.947310 1.000000 -0.092156 0.138188 2.907532 1.000000 -0.058590 -0.396055 2.933676 1.000000 -0.034453 -0.799337 3.017658 1.000000 -0.013079 -0.883230 2.989899 1.000000
1653029854 -0.162915 0.212680 2.902215 1.000000 -0.165516 0.282894 2.912038 1.000000 -0.171608 0.637192 2.900254 1.000000 -0.142873 0.819104 2.823466 1.000000 -0.323712 0.534216 2.898703 1.000000 -0.380631 0.307493 2.870337 1.000000 -0.151606 0.321979 2.686476 1.000000 -0.180213 0.346403 2.619966 1.000000 -0.004805 0.527484 2.925371 1.000000 0.039430 0.295360 2.874219 1.000000 -0.205385 0.337740 2.705592 1.000000 -0.186988 0.333565 2.630568 1.000000 -0.230312 0.141543 2.892586 1.000000 -0.286587 -0.409661 2.932498 1.000000 -0.314692 -0.807345 3.015610 1.000000 -0.340016 -0.860553 2.946384 1.000000 -0.092396 0.139383 2.908085 1.000000 -0.058576 -0.395772 2.934411 1.000000 -0.034461 -0.799307 3.017627 1.000000 -0.013381 -0.881049 2.983883 1.000000
1653062377 -0.162877 0.213116 2.902384 1.000000 -0.165522 0.283276 2.912056 1.000000 -0.171716 0.637285 2.900393 1.000000 -0.144155 0.817438 2.823832 1.000000 -0.323985 0.534250 2.898692 1.000000 -0.379934 0.306221 2.871397 1.000000 -0.221026 0.301584 2.694162 1.000000 -0.167827 0.300032 2.639345 1.000000 -0.004671 0.528699 2.926116 1.000000 0.039165 0.295377 2.880232 1.000000 -0.133181 0.238407 2.740782 1.000000 -0.183065 0.310383 2.628842 1.000000 -0.230127 0.141912 2.892987 1.000000 -0.286672 -0.409876 2.933058 1.000000 -0.314321 -0.808126 3.015202 1.000000 -0.343889 -0.862191 2.948367 1.000000 -0.092423 0.139728 2.908030 1.000000 -0.058635 -0.395645 2.934647 1.000000 -0.034431 -0.799220 3.017668 1.000000 -0.013683 -0.880943 2.983682 1.000000
1653093832 -0.162974 0.212762 2.902735 1.000000 -0.165710 0.282810 2.912215 1.000000 -0.173055 0.635204 2.900415 1.000000 -0.145470 0.791252 2.831353 1.000000 -0.325220 0.532809 2.898662 1.000000 -0.381180 0.308407 2.873576 1.000000 -0.228699 0.278540 2.692903 1.000000 -0.176421 0.268301 2.635587 1.000000 -0.004427 0.528341 2.926517 1.000000 0.039736 0.295859 2.887592 1.000000 -0.104439 0.241732 2.715716 1.000000 -0.172609 0.247971 2.638229 1.000000 -0.230006 0.141238 2.893518 1.000000 -0.286965 -0.404942 2.933874 1.000000 -0.313888 -0.805333 3.015061 1.000000 -0.338330 -0.859258 2.946071 1.000000 -0.092579 0.138962 2.908547 1.000000 -0.058532 -0.395490 2.935604 1.000000 -0.034318 -0.799194 3.017855 1.000000 -0.015593 -0.881143 2.983233 1.000000
1653135797 -0.162916 0.212732 2.902852 1.000000 -0.165680 0.282838 2.912136 1.000000 -0.173118 0.635905 2.900425 1.000000 -0.148212 0.800503 2.828154 1.000000 -0.325313 0.532777 2.898550 1.000000 -0.380344 0.307141 2.873995 1.000000 -0.260903 0.197145 2.710757 1.000000 -0.176880 0.214478 2.618292 1.000000 -0.004278 0.528922 2.926909 1.000000 0.038983 0.296047 2.890465 1.000000 -0.089848 0.170161 2.749130 1.000000 -0.186554 0.218275 2.617085 1.000000 -0.229966 0.141232 2.893566 1.000000 -0.286540 -0.402991 2.934644 1.000000 -0.313860 -0.804006 3.014661 1.000000 -0.339349 -0.866569 2.953832 1.000000 -0.092417 0.138754 2.908866 1.000000 -0.058830 -0.395691 2.936883 1.000000 -0.034600 -0.799278 3.018750 1.000000 -0.014401 -0.880337 2.982895 1.000000
1653168705 -0.162882 0.212444 2.903299 1.000000 -0.165689 0.282661 2.912382 1.000000 -0.173105 0.636060 2.900770 1.000000 -0.149314 0.803635 2.828923 1.000000 -0.325461 0.532536 2.898392 1.000000 -0.380010 0.306993 2.875930 1.000000 -0.260150 0.174703 2.732403 1.000000 -0.187496 0.160847 2.660183 1.000000 -0.003511 0.529498 2.928091 1.000000 0.037799 0.295011 2.895072 1.000000 -0.042228 0.125063 2.765437 1.000000 -0.181885 0.162231 2.618292 1.000000 -0.230295 0.140665 2.893817 1.000000 -0.286609 -0.404724 2.936102 1.000000 -0.314138 -0.805508 3.014997 1.000000 -0.333633 -0.860265 2.945104 1.000000 -0.091842 0.138145 2.909846 1.000000 -0.059335 -0.396061 2.938445 1.000000 -0.034578 -0.799558 3.019097 1.000000 -0.013621 -0.880347 2.983079 1.000000
1653202547 -0.162513 0.211892 2.903806 1.000000 -0.165475 0.282502 2.912478 1.000000 -0.173213 0.637670 2.900717 1.000000 -0.148120 0.805839 2.828972 1.000000 -0.324771 0.532677 2.898648 1.000000 -0.379562 0.307111 2.876725 1.000000 -0.269069 0.140688 2.727904 1.000000 -0.191373 0.114434 2.664987 1.000000 -0.003336 0.529522 2.928396 1.000000 0.037133 0.295359 2.897254 1.000000 -0.032027 0.114815 2.777066 1.000000 -0.158569 0.109131 2.639777 1.000000 -0.230193 0.140248 2.894184 1.000000 -0.286611 -0.404991 2.937211 1.000000 -0.314416 -0.805707 3.015668 1.000000 -0.333491 -0.859594 2.944993 1.000000 -0.090927 0.137687 2.910671 1.000000 -0.059369 -0.396059 2.938480 1.000000 -0.034554 -0.799511 3.019150 1.000000 -0.014427 -0.880188 2.982424 1.000000
1653246442 -0.162515 0.210914 2.903934 1.000000 -0.165627 0.281806 2.912679 1.000000 -0.173995 0.637935 2.902060 1.000000 -0.148319 0.805719 2.828839 1.000000 -0.324677 0.532328 2.898458 1.000000 -0.378097 0.301815 2.878443 1.000000 -0.307054 0.122591 2.757324 1.000000 -0.240612 0.065386 2.702589 1.000000 -0.005212 0.529364 2.930005 1.000000 0.028042 0.292785 2.899921 1.000000 -0.020822 0.105779 2.779691 1.000000 -0.074840 0.043921 2.716934 1.000000 -0.230484 0.139629 2.893757 1.000000 -0.286649 -0.405573 2.938129 1.000000 -0.314553 -0.804221 3.015130 1.000000 -0.333160 -0.861737 2.947249 1.000000 -0.090502 0.137038 2.910978 1.000000 -0.059583 -0.396084 2.939458 1.000000 -0.034702 -0.799286 3.018266 1.000000 -0.012724 -0.880936 2.984916 1.000000
1653278937 -0.162599 0.210077 2.904224 1.000000 -0.165784 0.281278 2.913041 1.000000 -0.174450 0.638700 2.903083 1.000000 -0.148299 0.806261 2.828658 1.000000 -0.324374 0.532360 2.898624 1.000000 -0.376845 0.295912 2.877564 1.000000 -0.316848 0.096593 2.763477 1.000000 -0.285125 0.007813 2.721131 1.000000 -0.006681 0.528341 2.931164 1.000000 0.020187 0.286080 2.898777 1.000000 -0.007083 0.087318 2.793122 1.000000 -0.038111 -0.001071 2.749462 1.000000 -0.230912 0.139058 2.893722 1.000000 -0.286246 -0.410203 2.940470 1.000000 -0.313953 -0.808748 3.018191 1.000000 -0.326674 -0.859608 2.943938 1.000000 -0.090253 0.136774 2.911237 1.000000 -0.059855 -0.395871 2.940744 1.000000 -0.034587 -0.799132 3.019576 1.000000 -0.013478 -0.880097 2.984064 1.000000
1653310122 -0.162669 0.208483 2.904726 1.000000 -0.165899 0.280251 2.913514 1.000000 -0.174580 0.639031 2.903399 1.000000 -0.147868 0.808951 2.827590 1.000000 -0.323474 0.532705 2.899191 1.000000 -0.370516 0.281903 2.875565 1.000000 -0.333302 0.077552 2.779578 1.000000 -0.311734 -0.021628 2.760109 1.000000 -0.008744 0.527699 2.932134 1.000000 0.016291 0.281382 2.899669 1.000000 0.001243 0.075899 2.806870 1.000000 -0.010833 -0.024965 2.787856 1.000000 -0.230922 0.138399 2.894120 1.000000 -0.286619 -0.412815 2.941163 1.000000 -0.314703 -0.810314 3.016552 1.000000 -0.330651 -0.862159 2.943612 1.000000 -0.090328 0.136310 2.911415 1.000000 -0.060091 -0.396058 2.941660 1.000000 -0.034603 -0.799089 3.018614 1.000000 -0.013257 -0.881932 2.987889 1.000000
1653352456 -0.163014 0.207730 2.905343 1.000000 -0.166050 0.279643 2.914525 1.000000 -0.173429 0.640303 2.906127 1.000000 -0.145084 0.814024 2.829493 1.000000 -0.322479 0.533443 2.901149 1.000000 -0.365731 0.268519 2.870394 1.000000 -0.345215 0.006107 2.799932 1.000000 -0.338419 -0.075873 2.772964 1.000000 -0.009512 0.527449 2.932614 1.000000 0.014796 0.269876 2.902382 1.000000 0.019176 0.055597 2.833957 1.000000 0.011199 -0.044594 2.809630 1.000000 -0.231172 0.138200 2.894696 1.000000 -0.286495 -0.412695 2.941946 1.000000 -0.314672 -0.810352 3.016553 1.000000 -0.332979 -0.861833 2.943902 1.000000 -0.091029 0.135745 2.911643 1.000000 -0.060132 -0.395814 2.942348 1.000000 -0.034509 -0.799526 3.019874 1.000000 -0.012726 -0.881463 2.987080 1.000000
1653385571 -0.164052 0.206353 2.906381 1.000000 -0.167019 0.278487 2.915817 1.000000 -0.173932 0.640280 2.906982 1.000000 -0.145265 0.813009 2.830038 1.000000 -0.322983 0.532943 2.901304 1.000000 -0.365811 0.262815 2.869622 1.000000 -0.364990 0.036530 2.835089 1.000000 -0.358696 -0.063861 2.811096 1.000000 -0.010473 0.526627 2.933112 1.000000 0.014968 0.258393 2.907748 1.000000 0.029738 0.024128 2.839695 1.000000 0.024032 -0.077061 2.819157 1.000000 -0.232286 0.136900 2.895589 1.000000 -0.286304 -0.414087 2.942551 1.000000 -0.314738 -0.811125 3.016305 1.000000 -0.332650 -0.862529 2.943493 1.000000 -0.092192 0.134371 2.912725 1.000000 -0.060110 -0.396524 2.943489 1.000000 -0.034773 -0.799497 3.020744 1.000000 -0.012338 -0.880006 2.984969 1.000000
1653419730 -0.164689 0.205907 2.907053 1.000000 -0.167588 0.278164 2.916586 1.000000 -0.174148 0.640492 2.907285 1.000000 -0.146065 0.813164 2.830176 1.000000 -0.322983 0.532924 2.901336 1.000000 -0.369096 0.254507 2.873251 1.000000 -0.372141 0.030391 2.850267 1.000000 -0.378827 -0.072685 2.845336 1.000000 -0.010546 0.526130 2.933383 1.000000 0.020967 0.245420 2.917806 1.000000 0.040264 0.017919 2.849062 1.000000 0.034801 -0.084687 2.837410 1.000000 -0.232930 0.136627 2.896217 1.000000 -0.286385 -0.413131 2.942963 1.000000 -0.315077 -0.808315 3.016366 1.000000 -0.331799 -0.861632 2.944647 1.000000 -0.093099 0.133651 2.913606 1.000000 -0.060195 -0.396901 2.944249 1.000000 -0.035016 -0.799527 3.020336 1.000000 -0.010353 -0.879763 2.985409 1.000000
1653463689 -0.166323 0.205046 2.908041 1.000000 -0.168887 0.277335 2.917172 1.000000 -0.174581 0.639459 2.906481 1.000000 -0.149010 0.806857 2.834055 1.000000 -0.324615 0.531925 2.901553 1.000000 -0.375054 0.250636 2.883305 1.000000 -0.385048 0.030102 2.863603 1.000000 -0.398568 -0.071767 2.875170 1.000000 -0.010664 0.526404 2.933816 1.000000 0.024933 0.242162 2.920143 1.000000 0.050415 -0.038879 2.878060 1.000000 0.053753 -0.120783 2.858248 1.000000 -0.235529 0.135152 2.897841 1.000000 -0.286416 -0.412967 2.943787 1.000000 -0.315065 -0.808509 3.016046 1.000000 -0.343196 -0.864938 2.950534 1.000000 -0.094998 0.132200 2.915110 1.000000 -0.060389 -0.397275 2.945909 1.000000 -0.035130 -0.799493 3.020344 1.000000 -0.009016 -0.879031 2.984860 1.000000
1653496502 -0.167065 0.204953 2.909108 1.000000 -0.169623 0.277286 2.918068 1.000000 -0.174944 0.639636 2.906885 1.000000 -0.150236 0.810926 2.830866 1.000000 -0.324944 0.532045 2.901821 1.000000 -0.385937 0.251493 2.913315 1.000000 -0.417969 -0.028091 2.891732 1.000000 -0.408531 -0.124573 2.884835 1.000000 -0.010049 0.526737 2.935149 1.000000 0.030598 0.245305 2.935009 1.000000 0.071655 -0.001324 2.905404 1.000000 0.077936 -0.099585 2.892636 1.000000 -0.236553 0.134807 2.899015 1.000000 -0.286479 -0.412940 2.943861 1.000000 -0.315046 -0.808640 3.016074 1.000000 -0.337162 -0.860921 2.945030 1.000000 -0.095497 0.131897 2.916155 1.000000 -0.060321 -0.397269 2.946488 1.000000 -0.035177 -0.799297 3.019659 1.000000 -0.009431 -0.879930 2.986416 1.000000
1653529234 -0.168962 0.205688 2.910854 1.000000 -0.171214 0.277929 2.919101 1.000000 -0.175249 0.639848 2.906838 1.000000 -0.150467 0.813522 2.831145 1.000000 -0.325364 0.531931 2.902747 1.000000 -0.393475 0.256819 2.928172 1.000000 -0.430032 -0.023843 2.909990 1.000000 -0.410244 -0.123744 2.891725 1.000000 -0.009103 0.527953 2.938440 1.000000 0.036578 0.252657 2.946462 1.000000 0.079764 0.010171 2.920446 1.000000 0.082082 -0.091151 2.899613 1.000000 -0.239170 0.135315 2.900620 1.000000 -0.286549 -0.412983 2.944460 1.000000 -0.314971 -0.809376 3.016383 1.000000 -0.356564 -0.867945 2.960599 1.000000 -0.097251 0.132237 2.918857 1.000000 -0.060325 -0.397287 2.946944 1.000000 -0.035027 -0.798941 3.018011 1.000000 -0.009977 -0.880282 2.985944 1.000000
1653560643 -0.169565 0.206230 2.912128 1.000000 -0.171886 0.278414 2.919739 1.000000 -0.176067 0.640077 2.906774 1.000000 -0.150301 0.812798 2.831261 1.000000 -0.326601 0.532159 2.903741 1.000000 -0.399320 0.257602 2.940815 1.000000 -0.441031 0.006540 2.938335 1.000000 -0.420140 -0.091284 2.911890 1.000000 -0.009870 0.528610 2.940983 1.000000 0.038622 0.258175 2.952898 1.000000 0.086929 0.035488 2.939874 1.000000 0.088400 -0.065778 2.918703 1.000000 -0.239710 0.135669 2.901639 1.000000 -0.286431 -0.412868 2.944956 1.000000 -0.315843 -0.810903 3.020547 1.000000 -0.343342 -0.863060 2.951291 1.000000 -0.097641 0.132700 2.920856 1.000000 -0.060379 -0.397739 2.948365 1.000000 -0.035053 -0.799284 3.018234 1.000000 -0.010222 -0.880658 2.986066 1.000000
1653602520 -0.169351 0.206574 2.912391 1.000000 -0.171681 0.278693 2.919578 1.000000 -0.175932 0.640134 2.906752 1.000000 -0.147822 0.815412 2.833491 1.000000 -0.326742 0.532833 2.904362 1.000000 -0.401125 0.260782 2.950319 1.000000 -0.442222 0.024746 2.948626 1.000000 -0.435528 -0.078502 2.948412 1.000000 -0.009724 0.528562 2.942379 1.000000 0.041176 0.260883 2.955625 1.000000 0.089473 0.030809 2.944544 1.000000 0.098268 -0.071187 2.929564 1.000000 -0.239512 0.136019 2.901782 1.000000 -0.286631 -0.412105 2.945574 1.000000 -0.316335 -0.809793 3.021579 1.000000 -0.340088 -0.859956 2.949513 1.000000 -0.097384 0.132935 2.921253 1.000000 -0.060076 -0.398022 2.949368 1.000000 -0.035110 -0.799360 3.018150 1.000000 -0.009943 -0.880986 2.986882 1.000000
1653636714 -0.169680 0.207350 2.913256 1.000000 -0.171822 0.279344 2.919995 1.000000 -0.175750 0.640261 2.907056 1.000000 -0.147086 0.817031 2.832838 1.000000 -0.327972 0.534554 2.906871 1.000000 -0.402657 0.260325 2.953340 1.000000 -0.442507 0.022012 2.952907 1.000000 -0.435465 -0.081112 2.948372 1.000000 -0.009853 0.529062 2.944034 1.000000 0.044039 0.265159 2.959224 1.000000 0.090575 0.032367 2.952338 1.000000 0.100170 -0.069906 2.939976 1.000000 -0.240068 0.136605 2.902833 1.000000 -0.286567 -0.412028 2.945668 1.000000 -0.315932 -0.810297 3.021917 1.000000 -0.338152 -0.858993 2.948366 1.000000 -0.097635 0.133625 2.921872 1.000000 -0.060275 -0.398768 2.951387 1.000000 -0.035153 -0.799343 3.018162 1.000000 -0.009848 -0.882370 2.990941 1.000000
1653679656 -0.169716 0.207321 2.914358 1.000000 -0.171918 0.279315 2.920692 1.000000 -0.176220 0.640183 2.907712 1.000000 -0.151318 0.812626 2.833260 1.000000 -0.329112 0.534390 2.908254 1.000000 -0.402932 0.258896 2.957709 1.000000 -0.442337 0.020610 2.963408 1.000000 -0.448001 -0.082744 2.961399 1.000000 -0.010940 0.529675 2.945436 1.000000 0.045614 0.264545 2.961834 1.000000 0.104980 -0.006304 2.964988 1.000000 0.106897 -0.097923 2.952216 1.000000 -0.240030 0.136157 2.905350 1.000000 -0.286436 -0.411173 2.946186 1.000000 -0.315964 -0.811100 3.022548 1.000000 -0.337549 -0.863047 2.951044 1.000000 -0.097557 0.133834 2.922223 1.000000 -0.060393 -0.398717 2.952578 1.000000 -0.035158 -0.799130 3.017855 1.000000 -0.008970 -0.880391 2.986423 1.000000
1653710988 -0.169743 0.207410 2.914576 1.000000 -0.171742 0.279384 2.920702 1.000000 -0.173892 0.640062 2.908726 1.000000 -0.149037 0.813072 2.835120 1.000000 -0.330442 0.533529 2.910583 1.000000 -0.402452 0.258516 2.959804 1.000000 -0.444116 -0.010363 2.968525 1.000000 -0.444673 -0.113661 2.961595 1.000000 -0.010905 0.529539 2.946657 1.000000 0.046109 0.264866 2.963840 1.000000 0.093994 0.040802 2.981579 1.000000 0.103045 -0.060777 2.963728 1.000000 -0.240279 0.136054 2.905520 1.000000 -0.286393 -0.411342 2.947191 1.000000 -0.315856 -0.810920 3.022400 1.000000 -0.342610 -0.862371 2.952286 1.000000 -0.097619 0.133944 2.922388 1.000000 -0.060207 -0.399220 2.953546 1.000000 -0.035259 -0.799025 3.018718 1.000000 -0.009116 -0.879935 2.986327 1.000000
1653752413 -0.170012 0.207151 2.915617 1.000000 -0.172021 0.279149 2.921367 1.000000 -0.174480 0.639893 2.909153 1.000000 -0.148861 0.811303 2.835288 1.000000 -0.330985 0.533388 2.910761 1.000000 -0.401304 0.260713 2.960731 1.000000 -0.443877 -0.012118 2.968032 1.000000 -0.436984 -0.115111 2.959686 1.000000 -0.011231 0.529652 2.946903 1.000000 0.045901 0.264642 2.966599 1.000000 0.103333 -0.009590 2.975720 1.000000 0.102312 -0.103786 2.961530 1.000000 -0.240699 0.135572 2.907792 1.000000 -0.286391 -0.411099 2.947956 1.000000 -0.315392 -0.811139 3.021594 1.000000 -0.351322 -0.863639 2.956524 1.000000 -0.097684 0.133855 2.922641 1.000000 -0.060317 -0.399242 2.954170 1.000000 -0.034878 -0.799322 3.021415 1.000000 -0.010427 -0.880459 2.988243 1.000000
1653785664 -0.169947 0.207614 2.916701 1.000000 -0.171930 0.279691 2.922613 1.000000 -0.174705 0.641128 2.911773 1.000000 -0.150710 0.813063 2.835230 1.000000 -0.330996 0.533578 2.911846 1.000000 -0.399249 0.262791 2.961010 1.000000 -0.442811 -0.012676 2.965013 1.000000 -0.436394 -0.116030 2.962410 1.000000 -0.011252 0.530132 2.947424 1.000000 0.045191 0.264764 2.967754 1.000000 0.102657 -0.009646 2.975212 1.000000 0.098937 -0.102618 2.961146 1.000000 -0.240613 0.136002 2.908141 1.000000 -0.286817 -0.407092 2.949505 1.000000 -0.315960 -0.804266 3.019693 1.000000 -0.325961 -0.855246 2.944962 1.000000 -0.097630 0.134139 2.923950 1.000000 -0.060293 -0.399186 2.955728 1.000000 -0.034987 -0.799123 3.021657 1.000000 -0.011964 -0.879617 2.985959 1.000000
1653819865 -0.170009 0.208685 2.917864 1.000000 -0.171845 0.280860 2.923393 1.000000 -0.174157 0.642924 2.911859 1.000000 -0.145865 0.821219 2.835142 1.000000 -0.330571 0.535055 2.913083 1.000000 -0.398318 0.263050 2.961131 1.000000 -0.436246 -0.003580 2.965460 1.000000 -0.427712 -0.105935 2.951558 1.000000 -0.010425 0.530469 2.948357 1.000000 0.043203 0.265148 2.968567 1.000000 0.079002 0.018362 2.965448 1.000000 0.093437 -0.084192 2.961326 1.000000 -0.240868 0.137088 2.908968 1.000000 -0.286906 -0.407079 2.950155 1.000000 -0.314859 -0.803116 3.019483 1.000000 -0.328399 -0.851655 2.943675 1.000000 -0.097684 0.134901 2.925582 1.000000 -0.060381 -0.399407 2.956334 1.000000 -0.035072 -0.799061 3.021599 1.000000 -0.012538 -0.880314 2.987302 1.000000
1653852624 -0.170435 0.208996 2.918825 1.000000 -0.172106 0.281207 2.923940 1.000000 -0.174149 0.643226 2.912056 1.000000 -0.142990 0.822558 2.836121 1.000000 -0.330326 0.534999 2.914078 1.000000 -0.397692 0.263149 2.960995 1.000000 -0.431101 -0.003398 2.963691 1.000000 -0.420886 -0.105287 2.947436 1.000000 -0.010365 0.530638 2.948578 1.000000 0.041578 0.264171 2.969183 1.000000 0.077563 -0.004144 2.954769 1.000000 0.090113 -0.097505 2.956142 1.000000 -0.241249 0.137690 2.909689 1.000000 -0.286691 -0.407100 2.951153 1.000000 -0.314656 -0.802969 3.020014 1.000000 -0.329583 -0.852179 2.944887 1.000000 -0.098434 0.134970 2.927022 1.000000 -0.059574 -0.398199 2.957654 1.000000 -0.035466 -0.798938 3.021287 1.000000 -0.011912 -0.880403 2.988165 1.000000
1653896859 -0.170749 0.208798 2.919475 1.000000 -0.172387 0.281036 2.924418 1.000000 -0.174455 0.643206 2.912836 1.000000 -0.144049 0.822769 2.836399 1.000000 -0.330325 0.535077 2.914792 1.000000 -0.396509 0.262189 2.960453 1.000000 -0.428025 -0.006870 2.962582 1.000000 -0.415614 -0.106190 2.935418 1.000000 -0.010431 0.530604 2.949018 1.000000 0.039514 0.259453 2.968082 1.000000 0.063162 -0.038169 2.933884 1.000000 0.065613 -0.147949 2.936660 1.000000 -0.241467 0.137651 2.910128 1.000000 -0.286785 -0.407909 2.951723 1.000000 -0.315679 -0.804941 3.021472 1.000000 -0.329154 -0.852489 2.944998 1.000000 -0.098786 0.134702 2.927580 1.000000 -0.059597 -0.398533 2.958767 1.000000 -0.035578 -0.798927 3.020829 1.000000 -0.011714 -0.880839 2.989025 1.000000
1653929412 -0.170711 0.208884 2.920251 1.000000 -0.172214 0.281186 2.925009 1.000000 -0.173682 0.643723 2.913664 1.000000 -0.144342 0.822672 2.836372 1.000000 -0.330292 0.535115 2.915015 1.000000 -0.395172 0.261669 2.959210 1.000000 -0.402735 -0.007476 2.939518 1.000000 -0.404406 -0.109993 2.923727 1.000000 -0.010565 0.530697 2.949038 1.000000 0.038126 0.257457 2.967111 1.000000 0.063501 -0.040145 2.934121 1.000000 0.065245 -0.148178 2.935877 1.000000 -0.241428 0.137862 2.910823 1.000000 -0.286713 -0.407995 2.952321 1.000000 -0.315241 -0.806411 3.019505 1.000000 -0.331061 -0.854433 2.943764 1.000000 -0.098941 0.134841 2.928315 1.000000 -0.059538 -0.398740 2.959561 1.000000 -0.035806 -0.799070 3.020954 1.000000 -0.011259 -0.880836 2.989256 1.000000
1653960857 -0.171090 0.208165 2.921405 1.000000 -0.172489 0.280598 2.925695 1.000000 -0.173757 0.643528 2.913850 1.000000 -0.151318 0.812927 2.840111 1.000000 -0.330511 0.534690 2.915648 1.000000 -0.394343 0.260127 2.958598 1.000000 -0.403358 -0.005312 2.940629 1.000000 -0.402560 -0.107761 2.924185 1.000000 -0.011465 0.530851 2.949664 1.000000 0.036129 0.253098 2.965447 1.000000 0.063122 -0.044485 2.933681 1.000000 0.064419 -0.147928 2.934665 1.000000 -0.241706 0.137504 2.911886 1.000000 -0.286391 -0.408120 2.953882 1.000000 -0.315171 -0.806942 3.020133 1.000000 -0.345623 -0.858072 2.951186 1.000000 -0.099510 0.134096 2.929621 1.000000 -0.059369 -0.398130 2.959987 1.000000 -0.035993 -0.799087 3.020781 1.000000 -0.006353 -0.882251 2.998409 1.000000
1654003608 -0.171216 0.208222 2.922036 1.000000 -0.172708 0.280645 2.926333 1.000000 -0.174887 0.643631 2.915468 1.000000 -0.152004 0.814269 2.840789 1.000000 -0.330591 0.534439 2.916096 1.000000 -0.393804 0.259889 2.958304 1.000000 -0.404610 -0.004314 2.942296 1.000000 -0.402379 -0.106622 2.925081 1.000000 -0.012008 0.530898 2.950085 1.000000 0.035363 0.251866 2.964405 1.000000 0.053467 -0.003679 2.934710 1.000000 0.060468 -0.107141 2.930864 1.000000 -0.241666 0.137765 2.912590 1.000000 -0.285916 -0.403047 2.953048 1.000000 -0.310591 -0.795879 3.015350 1.000000 -0.329589 -0.851425 2.945700 1.000000 -0.099604 0.134174 2.929944 1.000000 -0.059401 -0.398172 2.960948 1.000000 -0.036262 -0.799117 3.019981 1.000000 -0.004225 -0.881987 2.999891 1.000000
1654036685 -0.171208 0.208481 2.922913 1.000000 -0.172787 0.280838 2.926992 1.000000 -0.175459 0.643495 2.916059 1.000000 -0.151244 0.816571 2.840602 1.000000 -0.330530 0.534418 2.916414 1.000000 -0.392865 0.259868 2.957271 1.000000 -0.402522 -0.002337 2.940288 1.000000 -0.401765 -0.104976 2.924995 1.000000 -0.011856 0.531163 2.950674 1.000000 0.034770 0.251016 2.964325 1.000000 0.052932 -0.004699 2.935344 1.000000 0.060468 -0.107965 2.928370 1.000000 -0.241565 0.138068 2.913431 1.000000 -0.285647 -0.406458 2.954147 1.000000 -0.313319 -0.801945 3.018855 1.000000 -0.329048 -0.851664 2.944153 1.000000 -0.099477 0.134367 2.930831 1.000000 -0.059321 -0.398173 2.960954 1.000000 -0.036293 -0.799095 3.019996 1.000000 -0.004411 -0.882094 3.000138 1.000000
1654069761 -0.171344 0.208751 2.923540 1.000000 -0.172892 0.281123 2.927349 1.000000 -0.175548 0.643722 2.916215 1.000000 -0.148847 0.822274 2.841055 1.000000 -0.330479 0.534437 2.916684 1.000000 -0.392143 0.260379 2.956478 1.000000 -0.403001 0.034939 2.940532 1.000000 -0.401944 -0.068518 2.932490 1.000000 -0.011968 0.531323 2.950714 1.000000 0.034262 0.250467 2.964015 1.000000 0.052934 -0.004640 2.935322 1.000000 0.060340 -0.107930 2.928594 1.000000 -0.241622 0.138276 2.913731 1.000000 -0.285646 -0.407727 2.955470 1.000000 -0.313530 -0.802364 3.019017 1.000000 -0.329138 -0.851958 2.944202 1.000000 -0.099743 0.134829 2.932082 1.000000 -0.059276 -0.398094 2.961288 1.000000 -0.036445 -0.798924 3.020185 1.000000 -0.004630 -0.879151 2.990993 1.000000
1654113817 -0.171274 0.207934 2.924389 1.000000 -0.172880 0.280099 2.928298 1.000000 -0.176105 0.641563 2.918080 1.000000 -0.152021 0.801775 2.846727 1.000000 -0.330817 0.534011 2.917396 1.000000 -0.392064 0.260147 2.956044 1.000000 -0.407547 0.010942 2.946090 1.000000 -0.399273 -0.090821 2.927517 1.000000 -0.012368 0.531143 2.951240 1.000000 0.034051 0.250025 2.964442 1.000000 0.054379 0.008092 2.936003 1.000000 0.060831 -0.095200 2.928365 1.000000 -0.241469 0.137356 2.914731 1.000000 -0.285643 -0.407733 2.955469 1.000000 -0.313318 -0.802396 3.019309 1.000000 -0.330187 -0.853154 2.945547 1.000000 -0.099630 0.134325 2.932480 1.000000 -0.059311 -0.398096 2.961284 1.000000 -0.036513 -0.798983 3.020199 1.000000 -0.004591 -0.880855 2.996122 1.000000
1654146599 -0.171420 0.207878 2.924907 1.000000 -0.172996 0.280101 2.928647 1.000000 -0.176266 0.641752 2.918231 1.000000 -0.151226 0.805171 2.845408 1.000000 -0.330889 0.534548 2.918378 1.000000 -0.392054 0.260196 2.955957 1.000000 -0.399493 0.006535 2.936092 1.000000 -0.396610 -0.096283 2.922124 1.000000 -0.012363 0.531080 2.951153 1.000000 0.033894 0.249623 2.965104 1.000000 0.053729 0.000860 2.936256 1.000000 0.058334 -0.097336 2.928394 1.000000 -0.241689 0.137302 2.915758 1.000000 -0.285214 -0.411883 2.956537 1.000000 -0.315012 -0.807862 3.021795 1.000000 -0.329490 -0.852418 2.943636 1.000000 -0.099690 0.134276 2.932681 1.000000 -0.059327 -0.398294 2.961131 1.000000 -0.036478 -0.798887 3.020213 1.000000 -0.005204 -0.880906 2.995754 1.000000
1654178123 -0.171564 0.207125 2.925452 1.000000 -0.173100 0.279255 2.929152 1.000000 -0.176287 0.640501 2.918864 1.000000 -0.155446 0.795451 2.843784 1.000000 -0.331841 0.534246 2.919298 1.000000 -0.392077 0.260181 2.956276 1.000000 -0.399921 0.017890 2.935435 1.000000 -0.395063 -0.084742 2.920672 1.000000 -0.012469 0.530923 2.951300 1.000000 0.033839 0.249599 2.965056 1.000000 0.053195 -0.001533 2.935914 1.000000 0.061544 -0.104867 2.930689 1.000000 -0.242093 0.135963 2.916700 1.000000 -0.285224 -0.411812 2.956686 1.000000 -0.315337 -0.808278 3.021425 1.000000 -0.329668 -0.853078 2.943372 1.000000 -0.099695 0.133657 2.932904 1.000000 -0.059447 -0.398360 2.961246 1.000000 -0.036558 -0.799065 3.020989 1.000000 -0.006811 -0.881283 2.995297 1.000000
1654219503 -0.171733 0.207375 2.925799 1.000000 -0.173185 0.279487 2.929287 1.000000 -0.176163 0.640720 2.918810 1.000000 -0.152832 0.805851 2.842911 1.000000 -0.331686 0.534892 2.919628 1.000000 -0.392061 0.260426 2.956260 1.000000 -0.401467 0.021750 2.935791 1.000000 -0.395702 -0.080788 2.920706 1.000000 -0.012538 0.531118 2.951438 1.000000 0.033685 0.249685 2.964982 1.000000 0.052957 -0.001992 2.935253 1.000000 0.058142 -0.101209 2.928130 1.000000 -0.242268 0.136440 2.917049 1.000000 -0.285360 -0.410839 2.956176 1.000000 -0.313926 -0.802072 3.018911 1.000000 -0.331440 -0.854243 2.946265 1.000000 -0.100021 0.133855 2.933420 1.000000 -0.059578 -0.397859 2.961679 1.000000 -0.036525 -0.798721 3.020511 1.000000 -0.007780 -0.881038 2.993990 1.000000
1654252734 -0.171805 0.207589 2.925924 1.000000 -0.173208 0.279720 2.929266 1.000000 -0.175947 0.641140 2.918741 1.000000 -0.149193 0.810797 2.845011 1.000000 -0.331092 0.536163 2.920403 1.000000 -0.392018 0.260550 2.956128 1.000000 -0.402375 0.012442 2.935326 1.000000 -0.389164 -0.088178 2.913433 1.000000 -0.012208 0.531260 2.952168 1.000000 0.033602 0.249529 2.965186 1.000000 0.055651 -0.026590 2.929296 1.000000 0.060156 -0.120540 2.927365 1.000000 -0.242359 0.136912 2.917054 1.000000 -0.285468 -0.410614 2.956248 1.000000 -0.314067 -0.802008 3.019196 1.000000 -0.331269 -0.853897 2.946260 1.000000 -0.100161 0.133926 2.933663 1.000000 -0.059570 -0.397856 2.961671 1.000000 -0.036699 -0.798815 3.021740 1.000000 -0.006537 -0.880761 2.995605 1.000000
1654286749 -0.171817 0.208117 2.926455 1.000000 -0.173125 0.280358 2.929933 1.000000 -0.175135 0.642584 2.920262 1.000000 -0.148709 0.815268 2.844666 1.000000 -0.330793 0.537112 2.920938 1.000000 -0.392035 0.260593 2.956126 1.000000 -0.403189 0.009972 2.936589 1.000000 -0.395253 -0.092216 2.919904 1.000000 -0.012120 0.531516 2.952251 1.000000 0.033672 0.249658 2.964936 1.000000 0.055025 -0.024059 2.928267 1.000000 0.059936 -0.125087 2.924674 1.000000 -0.242379 0.137481 2.917158 1.000000 -0.285176 -0.410146 2.956870 1.000000 -0.314366 -0.803417 3.020165 1.000000 -0.329074 -0.856680 2.947661 1.000000 -0.100295 0.134314 2.934428 1.000000 -0.059569 -0.397861 2.961664 1.000000 -0.036803 -0.798598 3.021165 1.000000 -0.006278 -0.880276 2.994575 1.000000
1654329625 -0.171991 0.208074 2.926473 1.000000 -0.173305 0.280273 2.930023 1.000000 -0.175363 0.642135 2.920687 1.000000 -0.150304 0.814079 2.844898 1.000000 -0.330787 0.537138 2.920917 1.000000 -0.392013 0.261190 2.955896 1.000000 -0.403160 0.007826 2.934109 1.000000 -0.396465 -0.094530 2.917760 1.000000 -0.012115 0.531676 2.952470 1.000000 0.033595 0.249640 2.964738 1.000000 0.055132 -0.019845 2.925326 1.000000 0.056240 -0.106473 2.918689 1.000000 -0.242597 0.137445 2.917014 1.000000 -0.285230 -0.409927 2.957040 1.000000 -0.314973 -0.804835 3.020953 1.000000 -0.339943 -0.858980 2.951982 1.000000 -0.100484 0.134241 2.934445 1.000000 -0.059651 -0.397979 2.961918 1.000000 -0.036908 -0.798785 3.021739 1.000000 -0.006235 -0.879883 2.993550 1.000000
1654361203 -0.171877 0.208105 2.926585 1.000000 -0.173267 0.280281 2.930194 1.000000 -0.175932 0.642014 2.921075 1.000000 -0.151020 0.815009 2.845715 1.000000 -0.330715 0.537086 2.921424 1.000000 -0.393831 0.260819 2.955544 1.000000 -0.410043 -0.003994 2.925583 1.000000 -0.402310 -0.106457 2.910398 1.000000 -0.011930 0.532177 2.953063 1.000000 0.034236 0.249993 2.962363 1.000000 0.057683 -0.028114 2.918783 1.000000 0.054063 -0.104402 2.910954 1.000000 -0.242457 0.137435 2.917025 1.000000 -0.285359 -0.410060 2.957048 1.000000 -0.314866 -0.805704 3.022859 1.000000 -0.339716 -0.858524 2.952815 1.000000 -0.100135 0.134310 2.934643 1.000000 -0.059886 -0.398333 2.962530 1.000000 -0.036744 -0.798793 3.023200 1.000000 -0.007656 -0.879065 2.991203 1.000000
1654392609 -0.171703 0.208048 2.926554 1.000000 -0.173061 0.280183 2.930501 1.000000 -0.175062 0.641837 2.922797 1.000000 -0.152196 0.812879 2.845307 1.000000 -0.331517 0.536565 2.922115 1.000000 -0.398504 0.260159 2.953166 1.000000 -0.416407 -0.034974 2.889482 1.000000 -0.402302 -0.109653 2.900124 1.000000 -0.011791 0.532278 2.953209 1.000000 0.037626 0.250386 2.955159 1.000000 0.060786 -0.017763 2.903406 1.000000 0.051340 -0.094504 2.896832 1.000000 -0.242355 0.137169 2.916801 1.000000 -0.285390 -0.409985 2.957055 1.000000 -0.314990 -0.805421 3.023193 1.000000 -0.350393 -0.864038 2.962982 1.000000 -0.099678 0.134100 2.934338 1.000000 -0.059766 -0.398293 2.962687 1.000000 -0.036776 -0.798898 3.023423 1.000000 -0.007634 -0.879418 2.992085 1.000000
1654436943 -0.171669 0.208045 2.926554 1.000000 -0.173080 0.280160 2.930746 1.000000 -0.175127 0.641666 2.923043 1.000000 -0.149654 0.813611 2.847490 1.000000 -0.331622 0.536445 2.922439 1.000000 -0.410259 0.261309 2.942714 1.000000 -0.415395 -0.026654 2.876348 1.000000 -0.404303 -0.102509 2.880231 1.000000 -0.011093 0.532530 2.954610 1.000000 0.046986 0.251345 2.938962 1.000000 0.059814 0.031158 2.872219 1.000000 0.044672 -0.071096 2.862214 1.000000 -0.242307 0.137097 2.916680 1.000000 -0.285152 -0.410219 2.957066 1.000000 -0.313697 -0.804042 3.023048 1.000000 -0.318479 -0.853051 2.946289 1.000000 -0.099556 0.134015 2.934315 1.000000 -0.059397 -0.397988 2.962526 1.000000 -0.036658 -0.799221 3.023506 1.000000 -0.007055 -0.879371 2.991625 1.000000
1654469720 -0.171469 0.208242 2.926662 1.000000 -0.172857 0.280322 2.931413 1.000000 -0.173769 0.641652 2.924925 1.000000 -0.148886 0.813749 2.847280 1.000000 -0.331619 0.536489 2.922499 1.000000 -0.431641 0.290527 2.907212 1.000000 -0.414307 0.033325 2.848782 1.000000 -0.399170 -0.064392 2.839017 1.000000 -0.010333 0.532894 2.956903 1.000000 0.057436 0.263654 2.920955 1.000000 0.053624 0.047756 2.845703 1.000000 0.041054 -0.055265 2.841965 1.000000 -0.242249 0.137250 2.916512 1.000000 -0.284884 -0.406437 2.957095 1.000000 -0.312852 -0.800112 3.021738 1.000000 -0.319137 -0.851092 2.946377 1.000000 -0.099382 0.134054 2.934406 1.000000 -0.059351 -0.398783 2.962849 1.000000 -0.036679 -0.799254 3.023535 1.000000 -0.007237 -0.879552 2.991865 1.000000
1654502889 -0.171155 0.208234 2.927110 1.000000 -0.172544 0.280111 2.932747 1.000000 -0.173483 0.640195 2.927577 1.000000 -0.146244 0.813213 2.848341 1.000000 -0.331593 0.536298 2.922782 1.000000 -0.440736 0.298583 2.899936 1.000000 -0.414307 0.072259 2.819943 1.000000 -0.388896 -0.028367 2.823609 1.000000 -0.010066 0.533272 2.957128 1.000000 0.072559 0.281958 2.896779 1.000000 0.038757 0.072360 2.819353 1.000000 0.020744 -0.028206 2.800737 1.000000 -0.242222 0.137254 2.916524 1.000000 -0.284902 -0.406262 2.957230 1.000000 -0.314658 -0.804334 3.024532 1.000000 -0.331108 -0.863315 2.956939 1.000000 -0.098695 0.133750 2.934991 1.000000 -0.059408 -0.398796 2.962855 1.000000 -0.036690 -0.799500 3.023767 1.000000 -0.007018 -0.880013 2.992853 1.000000
1654546947 -0.171128 0.208088 2.927412 1.000000 -0.172538 0.279543 2.934494 1.000000 -0.172940 0.637044 2.932290 1.000000 -0.152589 0.808552 2.847338 1.000000 -0.331900 0.535901 2.923435 1.000000 -0.462402 0.344238 2.872056 1.000000 -0.390263 0.087779 2.786540 1.000000 -0.392473 0.013683 2.766763 1.000000 -0.009845 0.533267 2.956990 1.000000 0.081360 0.314209 2.856431 1.000000 0.015384 0.112677 2.778260 1.000000 -0.002033 0.043274 2.780423 1.000000 -0.242432 0.137041 2.916614 1.000000 -0.284811 -0.406651 2.957040 1.000000 -0.313699 -0.805564 3.023346 1.000000 -0.336035 -0.864476 2.957403 1.000000 -0.098506 0.133478 2.935030 1.000000 -0.059638 -0.398663 2.962867 1.000000 -0.036786 -0.799040 3.023099 1.000000 -0.007270 -0.880125 2.993568 1.000000
1654579484 -0.170319 0.209067 2.927954 1.000000 -0.172060 0.279846 2.936552 1.000000 -0.174580 0.634396 2.936570 1.000000 -0.156040 0.806119 2.848328 1.000000 -0.333901 0.535956 2.925412 1.000000 -0.470444 0.352654 2.845126 1.000000 -0.359375 0.138062 2.751125 1.000000 -0.322352 0.066531 2.724295 1.000000 -0.008998 0.533432 2.955612 1.000000 0.093530 0.341037 2.830468 1.000000 -0.003697 0.161288 2.731076 1.000000 -0.052637 0.070292 2.721466 1.000000 -0.242310 0.137099 2.916608 1.000000 -0.284794 -0.406601 2.956959 1.000000 -0.312713 -0.808955 3.026729 1.000000 -0.334165 -0.858256 2.953066 1.000000 -0.096138 0.134596 2.934909 1.000000 -0.059652 -0.398094 2.963366 1.000000 -0.036727 -0.798929 3.023064 1.000000 -0.008016 -0.878810 2.989719 1.000000
1654610713 -0.168304 0.210649 2.928390 1.000000 -0.170669 0.280672 2.938450 1.000000 -0.174935 0.634000 2.937642 1.000000 -0.155732 0.806174 2.848784 1.000000 -0.334583 0.536654 2.926501 1.000000 -0.481606 0.365546 2.822881 1.000000 -0.369175 0.202512 2.709833 1.000000 -0.338145 0.133137 2.699742 1.000000 -0.008358 0.533645 2.951597 1.000000 0.096828 0.354148 2.812521 1.000000 -0.043700 0.209706 2.706723 1.000000 -0.083133 0.151344 2.676450 1.000000 -0.239647 0.138006 2.916042 1.000000 -0.284057 -0.401767 2.955786 1.000000 -0.312258 -0.804346 3.024750 1.000000 -0.334585 -0.858565 2.954907 1.000000 -0.093788 0.136104 2.935094 1.000000 -0.059648 -0.398078 2.963360 1.000000 -0.036677 -0.799028 3.023303 1.000000 -0.007818 -0.879075 2.990502 1.000000
1654642755 -0.167487 0.211597 2.929085 1.000000 -0.170294 0.281338 2.940391 1.000000 -0.177346 0.634531 2.939037 1.000000 -0.155712 0.805860 2.848036 1.000000 -0.336466 0.536648 2.926770 1.000000 -0.495745 0.386889 2.808135 1.000000 -0.364992 0.259124 2.669336 1.000000 -0.307682 0.208438 2.673944 1.000000 -0.008930 0.533869 2.950687 1.000000 0.104776 0.387242 2.788407 1.000000 -0.080101 0.265250 2.782398 1.000000 -0.141726 0.224585 2.784897 1.000000 -0.237839 0.138458 2.916370 1.000000 -0.284305 -0.402733 2.955089 1.000000 -0.311869 -0.808809 3.027128 1.000000 -0.334166 -0.856297 2.952542 1.000000 -0.092983 0.137017 2.935647 1.000000 -0.059561 -0.396788 2.963625 1.000000 -0.036597 -0.798913 3.023110 1.000000 -0.009220 -0.878846 2.988809 1.000000
1654685559 -0.167105 0.212022 2.929366 1.000000 -0.170119 0.281613 2.941834 1.000000 -0.178132 0.634634 2.939674 1.000000 -0.153684 0.806021 2.847379 1.000000 -0.337155 0.536644 2.926902 1.000000 -0.517779 0.370336 2.777515 1.000000 -0.314342 0.395447 2.679755 1.000000 -0.227782 0.351947 2.642847 1.000000 -0.009632 0.534394 2.950226 1.000000 0.112426 0.401291 2.774117 1.000000 -0.060530 0.346115 2.633496 1.000000 -0.130973 0.322705 2.614496 1.000000 -0.237132 0.138692 2.916021 1.000000 -0.284637 -0.404902 2.955117 1.000000 -0.312385 -0.807790 3.025918 1.000000 -0.330257 -0.855724 2.950437 1.000000 -0.092444 0.137524 2.936325 1.000000 -0.058875 -0.397079 2.963553 1.000000 -0.036423 -0.798727 3.023206 1.000000 -0.010114 -0.878407 2.987522 1.000000
1654719741 -0.166874 0.213032 2.929739 1.000000 -0.170012 0.282435 2.943217 1.000000 -0.178625 0.634980 2.939884 1.000000 -0.151854 0.807017 2.845654 1.000000 -0.337854 0.539937 2.927153 1.000000 -0.501626 0.389844 2.779472 1.000000 -0.322998 0.430420 2.635892 1.000000 -0.263455 0.443945 2.592535 1.000000 -0.013532 0.542709 2.949010 1.000000 0.126239 0.406762 2.748949 1.000000 -0.072958 0.476147 2.667467 1.000000 -0.159388 0.469121 2.610631 1.000000 -0.236699 0.139840 2.915711 1.000000 -0.284578 -0.401674 2.952968 1.000000 -0.312694 -0.806228 3.024857 1.000000 -0.332247 -0.856077 2.951050 1.000000 -0.092129 0.138911 2.937296 1.000000 -0.058503 -0.396976 2.963316 1.000000 -0.036288 -0.798734 3.023435 1.000000 -0.010709 -0.878488 2.987384 1.000000
1654763974 -0.166739 0.212448 2.930022 1.000000 -0.169944 0.281373 2.945348 1.000000 -0.180757 0.632846 2.945271 1.000000 -0.155808 0.783119 2.844414 1.000000 -0.338778 0.524972 2.915572 1.000000 -0.501893 0.411999 2.754612 1.000000 -0.360574 0.541794 2.630243 1.000000 -0.313468 0.585059 2.593290 1.000000 -0.007449 0.540079 2.936006 1.000000 0.123280 0.412746 2.748256 1.000000 -0.024830 0.528965 2.617852 1.000000 -0.052002 0.540039 2.604642 1.000000 -0.237193 0.137799 2.915483 1.000000 -0.284240 -0.400822 2.951605 1.000000 -0.313177 -0.807918 3.025526 1.000000 -0.331963 -0.857262 2.951186 1.000000 -0.090943 0.137903 2.937162 1.000000 -0.058430 -0.396483 2.962818 1.000000 -0.035719 -0.798528 3.023325 1.000000 -0.013048 -0.879562 2.988201 1.000000
1654796726 -0.166245 0.214220 2.929422 1.000000 -0.169903 0.282475 2.946425 1.000000 -0.179817 0.632910 2.945568 1.000000 -0.155650 0.786896 2.840317 1.000000 -0.338941 0.525426 2.915835 1.000000 -0.500287 0.411538 2.756395 1.000000 -0.415019 0.596227 2.655048 1.000000 -0.386596 0.657790 2.625769 1.000000 -0.014137 0.547390 2.943661 1.000000 0.109568 0.441798 2.761942 1.000000 -0.073059 0.624023 2.610500 1.000000 -0.140411 0.666626 2.565578 1.000000 -0.236772 0.139913 2.913445 1.000000 -0.284506 -0.401712 2.950065 1.000000 -0.313565 -0.809464 3.024552 1.000000 -0.327973 -0.858403 2.948983 1.000000 -0.090579 0.140986 2.936566 1.000000 -0.057972 -0.396115 2.961542 1.000000 -0.035690 -0.798545 3.023160 1.000000 -0.011955 -0.879655 2.988937 1.000000
1654828545 -0.165932 0.213691 2.928859 1.000000 -0.169773 0.282083 2.947424 1.000000 -0.179773 0.632949 2.945650 1.000000 -0.155104 0.782098 2.820978 1.000000 -0.337840 0.526290 2.916587 1.000000 -0.492823 0.413194 2.756561 1.000000 -0.445700 0.612118 2.657658 1.000000 -0.429993 0.678427 2.629193 1.000000 -0.014043 0.546899 2.943644 1.000000 0.114100 0.447057 2.760753 1.000000 -0.036332 0.686242 2.647213 1.000000 -0.126587 0.765259 2.587062 1.000000 -0.236393 0.139425 2.912702 1.000000 -0.284689 -0.402757 2.949321 1.000000 -0.313418 -0.810220 3.023991 1.000000 -0.328020 -0.857436 2.947377 1.000000 -0.090264 0.140684 2.935562 1.000000 -0.058121 -0.397502 2.960323 1.000000 -0.035394 -0.801778 3.023985 1.000000 -0.017761 -0.884659 2.990337 1.000000
1654870823 -0.165835 0.212954 2.927633 1.000000 -0.169860 0.281360 2.947887 1.000000 -0.180098 0.632603 2.945629 1.000000 -0.156144 0.788150 2.829768 1.000000 -0.337857 0.526247 2.916572 1.000000 -0.488828 0.414580 2.753487 1.000000 -0.485170 0.623271 2.665776 1.000000 -0.484582 0.697912 2.648754 1.000000 -0.014232 0.546026 2.943355 1.000000 0.119120 0.453817 2.759124 1.000000 0.081780 0.647776 2.645333 1.000000 0.036444 0.736500 2.617016 1.000000 -0.236213 0.138436 2.911055 1.000000 -0.284867 -0.403670 2.948747 1.000000 -0.313121 -0.810740 3.023233 1.000000 -0.339666 -0.860233 2.951421 1.000000 -0.090021 0.140124 2.933609 1.000000 -0.058152 -0.396827 2.957828 1.000000 -0.035353 -0.801642 3.024381 1.000000 -0.017387 -0.884276 2.990325 1.000000
1654903835 -0.165872 0.213534 2.926243 1.000000 -0.169969 0.281775 2.947965 1.000000 -0.180183 0.633173 2.945121 1.000000 -0.159919 0.802322 2.827874 1.000000 -0.337908 0.526312 2.916554 1.000000 -0.489596 0.413875 2.745337 1.000000 -0.524072 0.625245 2.675309 1.000000 -0.518892 0.699461 2.657268 1.000000 -0.013636 0.546298 2.943141 1.000000 0.126511 0.454216 2.761287 1.000000 0.114607 0.657315 2.660204 1.000000 0.106803 0.732132 2.645995 1.000000 -0.236431 0.138765 2.909239 1.000000 -0.285870 -0.399891 2.947224 1.000000 -0.313178 -0.809686 3.022476 1.000000 -0.335629 -0.856897 2.947795 1.000000 -0.089928 0.140543 2.932069 1.000000 -0.058244 -0.396986 2.957376 1.000000 -0.035319 -0.801277 3.023623 1.000000 -0.016270 -0.884075 2.990583 1.000000
1654936686 -0.166535 0.213605 2.924074 1.000000 -0.170863 0.281896 2.946924 1.000000 -0.181867 0.634168 2.942791 1.000000 -0.159225 0.805135 2.830080 1.000000 -0.338167 0.526527 2.916093 1.000000 -0.495304 0.412438 2.732930 1.000000 -0.573154 0.613590 2.669139 1.000000 -0.587191 0.688454 2.661652 1.000000 -0.013713 0.546121 2.943162 1.000000 0.129321 0.455749 2.767750 1.000000 0.167447 0.661913 2.682869 1.000000 0.165745 0.762718 2.659257 1.000000 -0.236980 0.138740 2.907299 1.000000 -0.286258 -0.400535 2.945885 1.000000 -0.315148 -0.809043 3.023293 1.000000 -0.337349 -0.856883 2.948945 1.000000 -0.090518 0.140761 2.929542 1.000000 -0.058293 -0.396964 2.957032 1.000000 -0.035287 -0.801065 3.022609 1.000000 -0.014763 -0.883456 2.989448 1.000000
1654980717 -0.168077 0.212064 2.921047 1.000000 -0.172405 0.280577 2.944524 1.000000 -0.183003 0.633750 2.938184 1.000000 -0.160838 0.805573 2.831820 1.000000 -0.338808 0.526360 2.915238 1.000000 -0.488037 0.368164 2.768537 1.000000 -0.617676 0.570313 2.669092 1.000000 -0.631712 0.645172 2.661607 1.000000 -0.014639 0.543658 2.942320 1.000000 0.159272 0.446093 2.790887 1.000000 0.229844 0.643165 2.705091 1.000000 0.238628 0.718355 2.693848 1.000000 -0.238553 0.137590 2.905415 1.000000 -0.286884 -0.401499 2.945512 1.000000 -0.314210 -0.809136 3.024516 1.000000 -0.332214 -0.856501 2.948744 1.000000 -0.092143 0.139116 2.925819 1.000000 -0.058355 -0.396927 2.956737 1.000000 -0.035276 -0.800964 3.022602 1.000000 -0.014220 -0.882560 2.987849 1.000000
1655013382 -0.169463 0.211749 2.918591 1.000000 -0.173645 0.280389 2.942406 1.000000 -0.183594 0.633902 2.934091 1.000000 -0.161872 0.806585 2.828482 1.000000 -0.341155 0.526468 2.915010 1.000000 -0.498420 0.362636 2.778245 1.000000 -0.654628 0.495426 2.681074 1.000000 -0.668663 0.570279 2.673589 1.000000 -0.015087 0.538416 2.940766 1.000000 0.154939 0.420354 2.832685 1.000000 0.282471 0.590820 2.731592 1.000000 0.316298 0.659210 2.725709 1.000000 -0.240519 0.137092 2.903730 1.000000 -0.286882 -0.401082 2.945074 1.000000 -0.314355 -0.808492 3.024270 1.000000 -0.298047 -0.880193 2.970407 1.000000 -0.093353 0.138149 2.922652 1.000000 -0.058638 -0.396845 2.956087 1.000000 -0.035206 -0.801112 3.022463 1.000000 -0.013617 -0.883313 2.989523 1.000000
1655044942 -0.171418 0.209685 2.916752 1.000000 -0.175351 0.278347 2.940840 1.000000 -0.184316 0.631640 2.931366 1.000000 -0.180591 0.764375 2.831063 1.000000 -0.345745 0.522736 2.914728 1.000000 -0.492030 0.363995 2.826477 1.000000 -0.662894 0.403577 2.677846 1.000000 -0.727675 0.420544 2.640828 1.000000 -0.015810 0.535104 2.939937 1.000000 0.161623 0.412165 2.840934 1.000000 0.364014 0.572266 2.735498 1.000000 0.417642 0.626572 2.730068 1.000000 -0.243993 0.134039 2.902866 1.000000 -0.287058 -0.401767 2.944271 1.000000 -0.313185 -0.800743 3.014583 1.000000 -0.345937 -0.862472 2.956070 1.000000 -0.094936 0.135413 2.919770 1.000000 -0.059084 -0.396645 2.955078 1.000000 -0.035416 -0.800351 3.021056 1.000000 -0.012608 -0.882790 2.989586 1.000000
1655086552 -0.172845 0.209775 2.916072 1.000000 -0.176444 0.278475 2.940293 1.000000 -0.184596 0.631677 2.929591 1.000000 -0.180050 0.775334 2.825276 1.000000 -0.347011 0.524151 2.915404 1.000000 -0.490789 0.356879 2.843506 1.000000 -0.672039 0.329099 2.705965 1.000000 -0.733782 0.327688 2.660805 1.000000 -0.015722 0.533403 2.939107 1.000000 0.168049 0.388480 2.867363 1.000000 0.372070 0.466553 2.756983 1.000000 0.440004 0.501519 2.760979 1.000000 -0.246047 0.134236 2.902875 1.000000 -0.287604 -0.400708 2.943477 1.000000 -0.313602 -0.802480 3.015812 1.000000 -0.354402 -0.878751 2.987108 1.000000 -0.096323 0.135086 2.918861 1.000000 -0.059390 -0.396364 2.954670 1.000000 -0.035373 -0.800171 3.020875 1.000000 -0.012196 -0.881458 2.986801 1.000000
1655119812 -0.173573 0.210235 2.915782 1.000000 -0.177115 0.279308 2.939234 1.000000 -0.185578 0.632250 2.923463 1.000000 -0.170100 0.795695 2.819963 1.000000 -0.347649 0.525791 2.915918 1.000000 -0.489276 0.357878 2.862211 1.000000 -0.649675 0.255144 2.735963 1.000000 -0.703141 0.220900 2.698383 1.000000 -0.014730 0.531797 2.938417 1.000000 0.162052 0.382644 2.882919 1.000000 0.385254 0.386963 2.772607 1.000000 0.457560 0.410627 2.780495 1.000000 -0.247323 0.134899 2.903204 1.000000 -0.287896 -0.401797 2.943477 1.000000 -0.314038 -0.803907 3.014853 1.000000 -0.353691 -0.866414 2.961703 1.000000 -0.096550 0.135076 2.918852 1.000000 -0.059527 -0.396373 2.954411 1.000000 -0.035378 -0.800115 3.020938 1.000000 -0.011938 -0.881398 2.987056 1.000000
1655153778 -0.173971 0.210463 2.915702 1.000000 -0.177315 0.279761 2.938430 1.000000 -0.184903 0.633603 2.921347 1.000000 -0.164322 0.803708 2.819729 1.000000 -0.347700 0.527780 2.916356 1.000000 -0.490572 0.357670 2.866790 1.000000 -0.693359 0.201904 2.729637 1.000000 -0.775391 0.190430 2.690575 1.000000 -0.014318 0.530852 2.937666 1.000000 0.145315 0.370786 2.902738 1.000000 0.328399 0.255260 2.843291 1.000000 0.395159 0.257252 2.806091 1.000000 -0.248188 0.135399 2.903728 1.000000 -0.287849 -0.401631 2.943135 1.000000 -0.314231 -0.804943 3.015801 1.000000 -0.346927 -0.866755 2.957379 1.000000 -0.096872 0.135106 2.918839 1.000000 -0.060355 -0.396009 2.953184 1.000000 -0.035404 -0.800074 3.020923 1.000000 -0.011690 -0.881301 2.987120 1.000000
1655196961 -0.175017 0.210418 2.915715 1.000000 -0.178033 0.279946 2.937201 1.000000 -0.186163 0.633249 2.917740 1.000000 -0.163965 0.804306 2.818787 1.000000 -0.347887 0.529032 2.916321 1.000000 -0.489025 0.346570 2.866506 1.000000 -0.665021 0.116875 2.776234 1.000000 -0.715120 0.059619 2.768427 1.000000 -0.013177 0.525551 2.934137 1.000000 0.145450 0.346764 2.907227 1.000000 0.319295 0.216946 2.850252 1.000000 0.408432 0.165074 2.841863 1.000000 -0.249688 0.135468 2.904666 1.000000 -0.287873 -0.402155 2.943170 1.000000 -0.314060 -0.806320 3.016268 1.000000 -0.348788 -0.874477 2.966754 1.000000 -0.097816 0.134631 2.919113 1.000000 -0.060612 -0.396225 2.952446 1.000000 -0.035431 -0.799749 3.020712 1.000000 -0.012339 -0.881918 2.988803 1.000000
1655229746 -0.175465 0.210502 2.915603 1.000000 -0.178159 0.280160 2.935813 1.000000 -0.184800 0.632376 2.914791 1.000000 -0.163645 0.804380 2.818169 1.000000 -0.348295 0.530252 2.915205 1.000000 -0.479248 0.295654 2.866189 1.000000 -0.588867 0.064880 2.809715 1.000000 -0.635742 -0.027237 2.809715 1.000000 -0.012941 0.522512 2.931164 1.000000 0.133810 0.317235 2.900924 1.000000 0.291138 0.118134 2.884910 1.000000 0.357382 0.040224 2.900855 1.000000 -0.250629 0.135646 2.904788 1.000000 -0.288327 -0.401370 2.942649 1.000000 -0.314017 -0.806550 3.017061 1.000000 -0.348600 -0.874578 2.967254 1.000000 -0.098320 0.134424 2.919394 1.000000 -0.060758 -0.396009 2.951881 1.000000 -0.034911 -0.799297 3.020685 1.000000 -0.013004 -0.881798 2.988775 1.000000
1655261288 -0.176509 0.209734 2.915322 1.000000 -0.179071 0.279598 2.933620 1.000000 -0.185532 0.631342 2.910536 1.000000 -0.164879 0.803036 2.816494 1.000000 -0.349989 0.529230 2.912367 1.000000 -0.465302 0.272108 2.869087 1.000000 -0.549805 0.003773 2.831198 1.000000 -0.577637 -0.075684 2.850730 1.000000 -0.013489 0.520166 2.928040 1.000000 0.105501 0.279581 2.895628 1.000000 0.243774 0.039948 2.895652 1.000000 0.278529 -0.027474 2.905476 1.000000 -0.252099 0.134603 2.905597 1.000000 -0.288664 -0.402245 2.942493 1.000000 -0.314420 -0.807255 3.017251 1.000000 -0.345881 -0.864286 2.953512 1.000000 -0.099256 0.133299 2.919301 1.000000 -0.060895 -0.396206 2.951424 1.000000 -0.034818 -0.799075 3.020520 1.000000 -0.013793 -0.882638 2.990855 1.000000
1655303605 -0.176861 0.209481 2.915160 1.000000 -0.179023 0.279580 2.931640 1.000000 -0.185168 0.632201 2.907531 1.000000 -0.164104 0.806159 2.815742 1.000000 -0.349126 0.530129 2.910765 1.000000 -0.439055 0.256548 2.876065 1.000000 -0.495361 -0.009438 2.848776 1.000000 -0.520020 -0.095215 2.860495 1.000000 -0.015602 0.520476 2.921410 1.000000 0.074826 0.268691 2.898671 1.000000 0.148071 0.046936 2.880026 1.000000 0.176045 -0.024122 2.883496 1.000000 -0.252199 0.134662 2.905843 1.000000 -0.288701 -0.402178 2.942452 1.000000 -0.313322 -0.808914 3.020196 1.000000 -0.331999 -0.860370 2.947335 1.000000 -0.100078 0.133053 2.919250 1.000000 -0.060947 -0.396175 2.951505 1.000000 -0.035350 -0.798412 3.019957 1.000000 -0.013550 -0.882157 2.991377 1.000000
1655336549 -0.177409 0.208228 2.914771 1.000000 -0.179469 0.278645 2.929409 1.000000 -0.184972 0.632135 2.905908 1.000000 -0.164521 0.809649 2.804929 1.000000 -0.346859 0.530777 2.908683 1.000000 -0.414310 0.244604 2.878886 1.000000 -0.439209 0.007275 2.852683 1.000000 -0.449451 -0.095518 2.857699 1.000000 -0.016348 0.520602 2.921240 1.000000 0.031806 0.251344 2.893707 1.000000 0.079402 0.036127 2.859952 1.000000 0.092648 -0.066091 2.868463 1.000000 -0.252126 0.134410 2.905935 1.000000 -0.289078 -0.402743 2.942096 1.000000 -0.313215 -0.809178 3.020620 1.000000 -0.344673 -0.864711 2.955564 1.000000 -0.101391 0.132340 2.919187 1.000000 -0.060946 -0.396222 2.951499 1.000000 -0.035428 -0.798583 3.020135 1.000000 -0.013704 -0.882631 2.992390 1.000000
1655369630 -0.177660 0.207147 2.913575 1.000000 -0.179722 0.277740 2.926780 1.000000 -0.184861 0.632156 2.905315 1.000000 -0.164363 0.809791 2.804855 1.000000 -0.345324 0.531201 2.906895 1.000000 -0.398331 0.242048 2.879441 1.000000 -0.396153 0.012902 2.837707 1.000000 -0.392101 -0.090422 2.835711 1.000000 -0.017792 0.521663 2.922178 1.000000 0.016951 0.244040 2.889022 1.000000 0.033547 0.025325 2.845607 1.000000 0.032082 -0.077754 2.837318 1.000000 -0.251779 0.134249 2.905538 1.000000 -0.289130 -0.402997 2.942055 1.000000 -0.313395 -0.809344 3.021315 1.000000 -0.342984 -0.866475 2.956762 1.000000 -0.102484 0.131683 2.917843 1.000000 -0.061027 -0.396391 2.951818 1.000000 -0.035509 -0.798857 3.020569 1.000000 -0.013519 -0.882657 2.992276 1.000000
1655413530 -0.177005 0.206144 2.911698 1.000000 -0.179257 0.276868 2.924054 1.000000 -0.184805 0.632106 2.905138 1.000000 -0.163511 0.806738 2.807679 1.000000 -0.343142 0.531780 2.905410 1.000000 -0.390683 0.248565 2.883257 1.000000 -0.355957 0.009209 2.797995 1.000000 -0.354980 -0.068237 2.786276 1.000000 -0.020273 0.521737 2.923527 1.000000 -0.002569 0.261269 2.892289 1.000000 0.014902 0.043562 2.842580 1.000000 0.014010 -0.059577 2.834420 1.000000 -0.250008 0.134202 2.903783 1.000000 -0.289260 -0.401113 2.941951 1.000000 -0.312510 -0.804112 3.019042 1.000000 -0.343213 -0.867929 2.961670 1.000000 -0.102432 0.131729 2.915916 1.000000 -0.061266 -0.396025 2.952955 1.000000 -0.035456 -0.798538 3.019802 1.000000 -0.014159 -0.882260 2.990754 1.000000
1655445001 -0.175696 0.205577 2.910457 1.000000 -0.177907 0.276499 2.922237 1.000000 -0.182772 0.632976 2.905396 1.000000 -0.161764 0.807133 2.810074 1.000000 -0.341503 0.532532 2.904835 1.000000 -0.388463 0.264298 2.896058 1.000000 -0.331670 0.074431 2.783870 1.000000 -0.324951 0.021927 2.758932 1.000000 -0.020625 0.521497 2.924402 1.000000 -0.004760 0.269052 2.895234 1.000000 0.005568 0.052138 2.838659 1.000000 0.004568 -0.051034 2.830469 1.000000 -0.248310 0.133933 2.902545 1.000000 -0.289546 -0.402390 2.942199 1.000000 -0.311879 -0.804893 3.019247 1.000000 -0.349703 -0.866675 2.963937 1.000000 -0.101443 0.131926 2.914446 1.000000 -0.061361 -0.396263 2.953367 1.000000 -0.035414 -0.798932 3.021294 1.000000 -0.012512 -0.882494 2.993012 1.000000
1655486430 -0.174932 0.205682 2.910033 1.000000 -0.176896 0.276759 2.920877 1.000000 -0.180272 0.634004 2.904208 1.000000 -0.159516 0.812015 2.809938 1.000000 -0.337364 0.537551 2.903975 1.000000 -0.389361 0.280010 2.907968 1.000000 -0.314389 0.104652 2.782035 1.000000 -0.315674 0.093506 2.745260 1.000000 -0.021204 0.522917 2.925030 1.000000 -0.004640 0.274967 2.900859 1.000000 -0.061722 0.079083 2.801432 1.000000 -0.114113 0.023041 2.731928 1.000000 -0.246372 0.134727 2.901840 1.000000 -0.289777 -0.407202 2.943212 1.000000 -0.311913 -0.808113 3.020069 1.000000 -0.333291 -0.861941 2.949693 1.000000 -0.101300 0.132352 2.914322 1.000000 -0.061177 -0.396335 2.954565 1.000000 -0.035327 -0.799068 3.020823 1.000000 -0.012262 -0.882771 2.993093 1.000000
1655519672 -0.173708 0.206792 2.910080 1.000000 -0.175539 0.277991 2.919845 1.000000 -0.177769 0.635437 2.902772 1.000000 -0.156218 0.816818 2.811191 1.000000 -0.336653 0.538674 2.904046 1.000000 -0.392168 0.288378 2.915033 1.000000 -0.246580 0.169442 2.770417 1.000000 -0.197978 0.129738 2.726648 1.000000 -0.019909 0.525292 2.928061 1.000000 0.008426 0.284865 2.913793 1.000000 -0.007020 0.085659 2.804970 1.000000 -0.076155 0.052005 2.735663 1.000000 -0.244758 0.136385 2.901870 1.000000 -0.289717 -0.403608 2.943283 1.000000 -0.312672 -0.804026 3.018441 1.000000 -0.330362 -0.860054 2.948760 1.000000 -0.100578 0.133222 2.914912 1.000000 -0.061246 -0.396675 2.955065 1.000000 -0.035156 -0.799783 3.022110 1.000000 -0.010844 -0.883279 2.994815 1.000000
1655553759 -0.173055 0.207791 2.910214 1.000000 -0.174657 0.279198 2.918819 1.000000 -0.175250 0.637501 2.901103 1.000000 -0.147037 0.821644 2.814584 1.000000 -0.335123 0.540450 2.904126 1.000000 -0.392869 0.296966 2.918385 1.000000 -0.247742 0.219121 2.745565 1.000000 -0.199284 0.193128 2.692369 1.000000 -0.017531 0.527015 2.930093 1.000000 0.013369 0.293479 2.917029 1.000000 -0.099446 0.151680 2.776381 1.000000 -0.168578 0.118028 2.707077 1.000000 -0.243986 0.137675 2.901768 1.000000 -0.289454 -0.402937 2.943549 1.000000 -0.313116 -0.805092 3.019493 1.000000 -0.328515 -0.859758 2.948204 1.000000 -0.100341 0.133929 2.915830 1.000000 -0.061491 -0.396679 2.955225 1.000000 -0.035049 -0.799785 3.022483 1.000000 -0.014813 -0.883423 2.992433 1.000000
1655586435 -0.173060 0.207976 2.910216 1.000000 -0.174634 0.279385 2.917878 1.000000 -0.176187 0.637531 2.900420 1.000000 -0.152231 0.814972 2.814572 1.000000 -0.335648 0.540242 2.904378 1.000000 -0.395933 0.302914 2.920036 1.000000 -0.252969 0.262652 2.732119 1.000000 -0.205225 0.249206 2.673873 1.000000 -0.017231 0.527642 2.930296 1.000000 0.019477 0.296958 2.917742 1.000000 -0.104278 0.216981 2.739074 1.000000 -0.184067 0.225962 2.673755 1.000000 -0.243908 0.137717 2.901763 1.000000 -0.289326 -0.403559 2.944392 1.000000 -0.313265 -0.804829 3.018952 1.000000 -0.335534 -0.864931 2.954150 1.000000 -0.100410 0.134065 2.916057 1.000000 -0.062115 -0.398141 2.956383 1.000000 -0.035095 -0.802861 3.024608 1.000000 -0.015464 -0.884676 2.989558 1.000000
1655630706 -0.172935 0.209934 2.910735 1.000000 -0.174707 0.281330 2.917471 1.000000 -0.177363 0.639614 2.900873 1.000000 -0.152778 0.815099 2.814678 1.000000 -0.335688 0.540519 2.904383 1.000000 -0.396086 0.305838 2.917567 1.000000 -0.267090 0.312744 2.694480 1.000000 -0.185913 0.303711 2.684715 1.000000 -0.017166 0.530560 2.932891 1.000000 0.028437 0.306942 2.919372 1.000000 -0.104713 0.235396 2.744214 1.000000 -0.147184 0.255441 2.683832 1.000000 -0.243024 0.139376 2.901965 1.000000 -0.289361 -0.404133 2.945473 1.000000 -0.314086 -0.806012 3.021067 1.000000 -0.339253 -0.868984 2.960178 1.000000 -0.100890 0.136451 2.917387 1.000000 -0.062427 -0.398011 2.957320 1.000000 -0.035099 -0.802106 3.024043 1.000000 -0.016041 -0.885037 2.991403 1.000000
1655662115 -0.172975 0.210471 2.910956 1.000000 -0.174623 0.281728 2.916893 1.000000 -0.177138 0.639617 2.900988 1.000000 -0.153920 0.813715 2.815031 1.000000 -0.335941 0.540730 2.904556 1.000000 -0.396324 0.309115 2.911568 1.000000 -0.237513 0.321144 2.733504 1.000000 -0.184465 0.325162 2.678536 1.000000 -0.017530 0.531316 2.933270 1.000000 0.029375 0.308175 2.916098 1.000000 -0.104992 0.226027 2.747140 1.000000 -0.149782 0.198644 2.695323 1.000000 -0.242971 0.139828 2.902030 1.000000 -0.289636 -0.404342 2.946222 1.000000 -0.314595 -0.805190 3.020704 1.000000 -0.338275 -0.865312 2.956439 1.000000 -0.101303 0.137076 2.918005 1.000000 -0.062839 -0.398337 2.958103 1.000000 -0.034719 -0.801165 3.023505 1.000000 -0.015675 -0.884566 2.992089 1.000000
1655704463 -0.172694 0.211974 2.911489 1.000000 -0.174265 0.283079 2.916694 1.000000 -0.176727 0.640187 2.901433 1.000000 -0.154252 0.814408 2.815350 1.000000 -0.335612 0.541361 2.904780 1.000000 -0.395882 0.310839 2.906128 1.000000 -0.130094 0.309669 2.754899 1.000000 -0.041498 0.309279 2.708992 1.000000 -0.016965 0.532040 2.934326 1.000000 0.030102 0.308849 2.915652 1.000000 -0.056798 0.225143 2.716678 1.000000 -0.091356 0.192039 2.657031 1.000000 -0.242479 0.141093 2.902324 1.000000 -0.289945 -0.408973 2.950008 1.000000 -0.315521 -0.808068 3.020651 1.000000 -0.342947 -0.867992 2.957714 1.000000 -0.101422 0.138617 2.918885 1.000000 -0.062794 -0.398324 2.958139 1.000000 -0.034691 -0.800874 3.023754 1.000000 -0.015438 -0.883711 2.991017 1.000000
1655737758 -0.172657 0.213040 2.912275 1.000000 -0.174276 0.284025 2.917029 1.000000 -0.177430 0.640658 2.903175 1.000000 -0.154029 0.814708 2.815369 1.000000 -0.335701 0.541802 2.905168 1.000000 -0.396246 0.311369 2.905068 1.000000 -0.129303 0.310603 2.756171 1.000000 -0.040321 0.310347 2.711040 1.000000 -0.016838 0.532173 2.934593 1.000000 0.031237 0.309600 2.913184 1.000000 -0.103583 0.212670 2.753482 1.000000 -0.138131 0.179575 2.693851 1.000000 -0.242210 0.142038 2.902959 1.000000 -0.289914 -0.410843 2.951089 1.000000 -0.316350 -0.808138 3.020372 1.000000 -0.341348 -0.868484 2.956839 1.000000 -0.101438 0.139431 2.919571 1.000000 -0.063033 -0.398749 2.958238 1.000000 -0.034706 -0.800801 3.023530 1.000000 -0.015162 -0.883013 2.989441 1.000000
1655770755 -0.172559 0.213520 2.912431 1.000000 -0.174132 0.284454 2.916907 1.000000 -0.177107 0.640874 2.904252 1.000000 -0.152977 0.817365 2.820418 1.000000 -0.335603 0.542091 2.905266 1.000000 -0.396090 0.312502 2.900174 1.000000 -0.127447 0.311365 2.754762 1.000000 -0.037900 0.310986 2.710794 1.000000 -0.016717 0.531703 2.934923 1.000000 0.032048 0.310149 2.911683 1.000000 -0.076366 0.188811 2.748322 1.000000 -0.110904 0.155726 2.688709 1.000000 -0.241988 0.142741 2.902908 1.000000 -0.289733 -0.408784 2.951962 1.000000 -0.316221 -0.808567 3.019953 1.000000 -0.343418 -0.868516 2.956959 1.000000 -0.101464 0.139699 2.919740 1.000000 -0.063157 -0.398812 2.958435 1.000000 -0.034737 -0.800615 3.023743 1.000000 -0.014745 -0.881404 2.986659 1.000000
1655804597 -0.172525 0.213594 2.912444 1.000000 -0.174100 0.284497 2.916571 1.000000 -0.177254 0.640719 2.904128 1.000000 -0.152370 0.816446 2.820717 1.000000 -0.335609 0.542262 2.905064 1.000000 -0.396207 0.309376 2.897036 1.000000 -0.135402 0.328273 2.738027 1.000000 -0.048467 0.334572 2.689526 1.000000 -0.016560 0.531776 2.935120 1.000000 0.032429 0.310417 2.911423 1.000000 -0.119295 0.273151 2.741353 1.000000 -0.153829 0.240069 2.681746 1.000000 -0.241891 0.142824 2.902891 1.000000 -0.289653 -0.409034 2.952250 1.000000 -0.316241 -0.808883 3.020428 1.000000 -0.342511 -0.868096 2.956364 1.000000 -0.101433 0.139729 2.919828 1.000000 -0.063075 -0.398849 2.958466 1.000000 -0.034733 -0.800598 3.023758 1.000000 -0.016166 -0.881181 2.985519 1.000000
1655847683 -0.172143 0.213359 2.912673 1.000000 -0.173814 0.284254 2.916609 1.000000 -0.177453 0.640122 2.905051 1.000000 -0.159669 0.808189 2.825355 1.000000 -0.335856 0.541417 2.904710 1.000000 -0.395818 0.307836 2.894867 1.000000 -0.196960 0.346069 2.715969 1.000000 -0.160095 0.367228 2.652471 1.000000 -0.017279 0.532313 2.935472 1.000000 0.033493 0.307056 2.910820 1.000000 -0.121579 0.276409 2.742641 1.000000 -0.156110 0.243330 2.683041 1.000000 -0.240937 0.142426 2.902994 1.000000 -0.289708 -0.408745 2.951997 1.000000 -0.316704 -0.808906 3.020882 1.000000 -0.339344 -0.864952 2.952724 1.000000 -0.101226 0.139683 2.920064 1.000000 -0.063285 -0.399420 2.959463 1.000000 -0.034326 -0.803477 3.023442 1.000000 -0.031506 -0.885942 2.984832 1.000000
1655880276 -0.171937 0.213539 2.912800 1.000000 -0.173627 0.284449 2.916563 1.000000 -0.177446 0.640382 2.905343 1.000000 -0.156929 0.813587 2.820299 1.000000 -0.335739 0.541755 2.904688 1.000000 -0.395692 0.307339 2.893735 1.000000 -0.173308 0.363411 2.696268 1.000000 -0.142469 0.399228 2.636237 1.000000 -0.017315 0.532386 2.935588 1.000000 0.033411 0.307681 2.910632 1.000000 -0.125536 0.281692 2.745600 1.000000 -0.160064 0.248617 2.686007 1.000000 -0.240540 0.142645 2.902955 1.000000 -0.289938 -0.409496 2.952764 1.000000 -0.315743 -0.809728 3.020502 1.000000 -0.346017 -0.866530 2.956043 1.000000 -0.101067 0.139953 2.920386 1.000000 -0.063119 -0.399419 2.960093 1.000000 -0.034444 -0.802757 3.023816 1.000000 -0.028833 -0.885093 2.985251 1.000000
1655911607 -0.171941 0.213127 2.912868 1.000000 -0.173592 0.283865 2.916569 1.000000 -0.177430 0.638290 2.905971 1.000000 -0.157743 0.796873 2.823228 1.000000 -0.337104 0.540884 2.905375 1.000000 -0.396406 0.308855 2.891969 1.000000 -0.255371 0.365967 2.712065 1.000000 -0.182805 0.358491 2.689380 1.000000 -0.017777 0.532107 2.935391 1.000000 0.034142 0.306886 2.911339 1.000000 -0.127061 0.279958 2.748914 1.000000 -0.161585 0.246886 2.689326 1.000000 -0.240648 0.141829 2.903275 1.000000 -0.290018 -0.410417 2.952834 1.000000 -0.316270 -0.811028 3.020170 1.000000 -0.346606 -0.867153 2.955159 1.000000 -0.101041 0.139660 2.920263 1.000000 -0.062803 -0.399556 2.960371 1.000000 -0.034645 -0.802547 3.024033 1.000000 -0.019900 -0.885909 2.990416 1.000000
1655953619 -0.171784 0.213055 2.912945 1.000000 -0.173440 0.283804 2.916525 1.000000 -0.177353 0.638266 2.905991 1.000000 -0.158577 0.797352 2.823842 1.000000 -0.337110 0.540325 2.905485 1.000000 -0.395367 0.308295 2.889659 1.000000 -0.255514 0.365516 2.712065 1.000000 -0.182695 0.357957 2.690263 1.000000 -0.017937 0.532147 2.935543 1.000000 0.034035 0.307371 2.911114 1.000000 -0.127816 0.278883 2.749722 1.000000 -0.162336 0.245815 2.690140 1.000000 -0.240401 0.141725 2.903296 1.000000 -0.289791 -0.408652 2.952547 1.000000 -0.316261 -0.810944 3.020539 1.000000 -0.339712 -0.865968 2.951852 1.000000 -0.100946 0.139652 2.920404 1.000000 -0.062827 -0.399336 2.960580 1.000000 -0.034601 -0.802406 3.023752 1.000000 -0.020208 -0.885131 2.988468 1.000000
1655987696 -0.171608 0.213237 2.913030 1.000000 -0.173290 0.283980 2.916493 1.000000 -0.177368 0.638430 2.906015 1.000000 -0.152390 0.810055 2.819887 1.000000 -0.335752 0.541887 2.906080 1.000000 -0.394660 0.308453 2.889416 1.000000 -0.170776 0.356689 2.694488 1.000000 -0.095093 0.350342 2.676910 1.000000 -0.017703 0.532480 2.935744 1.000000 0.033834 0.308362 2.911399 1.000000 -0.129738 0.281744 2.751599 1.000000 -0.164254 0.248680 2.692024 1.000000 -0.239823 0.142393 2.903330 1.000000 -0.289849 -0.408561 2.952583 1.000000 -0.316151 -0.809591 3.019436 1.000000 -0.344866 -0.866464 2.954358 1.000000 -0.100886 0.139740 2.920538 1.000000 -0.062818 -0.399346 2.960591 1.000000 -0.034584 -0.802374 3.023772 1.000000 -0.019848 -0.884716 2.987761 1.000000
1656020663 -0.171372 0.213474 2.913074 1.000000 -0.173066 0.284263 2.916340 1.000000 -0.177213 0.639080 2.905569 1.000000 -0.151642 0.812091 2.820005 1.000000 -0.335250 0.542229 2.905896 1.000000 -0.394384 0.308567 2.889599 1.000000 -0.221191 0.388428 2.673004 1.000000 -0.165118 0.344184 2.700042 1.000000 -0.017187 0.532992 2.935981 1.000000 0.035575 0.314228 2.912683 1.000000 -0.128101 0.278681 2.754953 1.000000 -0.201720 0.303804 2.686940 1.000000 -0.239504 0.142732 2.903450 1.000000 -0.289858 -0.408461 2.952523 1.000000 -0.315809 -0.810620 3.021985 1.000000 -0.335345 -0.862401 2.949663 1.000000 -0.100700 0.139931 2.920629 1.000000 -0.062713 -0.399275 2.960618 1.000000 -0.034590 -0.802238 3.023806 1.000000 -0.018800 -0.884256 2.987514 1.000000
1656064662 -0.171219 0.213609 2.913203 1.000000 -0.172906 0.284481 2.916162 1.000000 -0.176781 0.640179 2.904710 1.000000 -0.150164 0.817179 2.820792 1.000000 -0.334255 0.542340 2.905387 1.000000 -0.393958 0.308925 2.890078 1.000000 -0.179932 0.351074 2.723786 1.000000 -0.123863 0.306834 2.750822 1.000000 -0.016666 0.533224 2.936754 1.000000 0.035981 0.314781 2.913260 1.000000 -0.127744 0.278637 2.755773 1.000000 -0.202880 0.303789 2.689466 1.000000 -0.239295 0.142880 2.903538 1.000000 -0.289684 -0.409851 2.952649 1.000000 -0.316443 -0.812644 3.022491 1.000000 -0.333950 -0.864283 2.949557 1.000000 -0.100602 0.140232 2.921173 1.000000 -0.062634 -0.399297 2.960756 1.000000 -0.034662 -0.802098 3.024239 1.000000 -0.018037 -0.883689 2.987375 1.000000
1656097204 -0.171039 0.213966 2.913352 1.000000 -0.172609 0.284951 2.916135 1.000000 -0.175896 0.641237 2.904994 1.000000 -0.148724 0.820768 2.820971 1.000000 -0.333979 0.542792 2.905719 1.000000 -0.392780 0.308712 2.890643 1.000000 -0.176818 0.349605 2.721548 1.000000 -0.120754 0.305368 2.748581 1.000000 -0.016715 0.533130 2.936798 1.000000 0.036516 0.312590 2.914555 1.000000 -0.127311 0.281164 2.756122 1.000000 -0.202651 0.306657 2.690191 1.000000 -0.239058 0.143437 2.903533 1.000000 -0.289484 -0.409301 2.952718 1.000000 -0.316120 -0.812679 3.022882 1.000000 -0.337609 -0.865292 2.951735 1.000000 -0.100607 0.140590 2.921492 1.000000 -0.062546 -0.399248 2.960888 1.000000 -0.034555 -0.802056 3.024975 1.000000 -0.018079 -0.882811 2.986259 1.000000
1656128499 -0.170970 0.213939 2.913376 1.000000 -0.172560 0.284925 2.915827 1.000000 -0.176357 0.640379 2.903898 1.000000 -0.148873 0.817445 2.821863 1.000000 -0.334013 0.542710 2.905663 1.000000 -0.392174 0.308582 2.890990 1.000000 -0.182366 0.351522 2.712669 1.000000 -0.126308 0.307289 2.739700 1.000000 -0.016439 0.533140 2.937738 1.000000 0.036594 0.312827 2.914998 1.000000 -0.196116 0.335573 2.715240 1.000000 -0.200128 0.383382 2.655843 1.000000 -0.238909 0.143359 2.903672 1.000000 -0.289614 -0.409320 2.952749 1.000000 -0.315745 -0.812812 3.023244 1.000000 -0.342033 -0.864804 2.953267 1.000000 -0.100495 0.140516 2.921566 1.000000 -0.062363 -0.399452 2.960753 1.000000 -0.034640 -0.801971 3.025549 1.000000 -0.017921 -0.882412 2.986296 1.000000
1656170623 -0.170863 0.214415 2.913513 1.000000 -0.172512 0.285299 2.915832 1.000000 -0.176742 0.640552 2.904806 1.000000 -0.150102 0.817596 2.822441 1.000000 -0.333424 0.542738 2.905745 1.000000 -0.392131 0.308778 2.891850 1.000000 -0.226013 0.338309 2.724040 1.000000 -0.170543 0.348170 2.672516 1.000000 -0.016467 0.534519 2.938409 1.000000 0.035969 0.313445 2.915269 1.000000 -0.196818 0.335704 2.715604 1.000000 -0.202256 0.373136 2.649285 1.000000 -0.238396 0.144266 2.903538 1.000000 -0.289200 -0.404157 2.952291 1.000000 -0.314435 -0.806880 3.022284 1.000000 -0.341599 -0.864066 2.956846 1.000000 -0.100593 0.141112 2.921806 1.000000 -0.062354 -0.399451 2.960760 1.000000 -0.034647 -0.801989 3.025568 1.000000 -0.017032 -0.882451 2.986764 1.000000
1656204529 -0.170887 0.214423 2.913650 1.000000 -0.172552 0.285291 2.915697 1.000000 -0.177703 0.640047 2.904459 1.000000 -0.151668 0.816166 2.821374 1.000000 -0.332943 0.541714 2.906152 1.000000 -0.391819 0.308519 2.891829 1.000000 -0.226284 0.332966 2.722515 1.000000 -0.171013 0.341129 2.670494 1.000000 -0.016575 0.534642 2.938651 1.000000 0.035625 0.314030 2.915475 1.000000 -0.196710 0.331029 2.714750 1.000000 -0.187701 0.356823 2.643466 1.000000 -0.238288 0.144323 2.903666 1.000000 -0.289382 -0.404385 2.952553 1.000000 -0.314508 -0.807358 3.026149 1.000000 -0.337500 -0.855922 2.952648 1.000000 -0.100749 0.141176 2.922280 1.000000 -0.062297 -0.399576 2.960669 1.000000 -0.034663 -0.801976 3.025722 1.000000 -0.015576 -0.885412 2.994680 1.000000
1656237501 -0.170528 0.214578 2.913903 1.000000 -0.172147 0.285499 2.916129 1.000000 -0.176457 0.641117 2.906791 1.000000 -0.151757 0.816269 2.821500 1.000000 -0.331690 0.541761 2.905544 1.000000 -0.391652 0.308500 2.892484 1.000000 -0.231571 0.312168 2.715778 1.000000 -0.178124 0.313392 2.661292 1.000000 -0.016124 0.534792 2.939678 1.000000 0.035348 0.314214 2.915814 1.000000 -0.196033 0.327343 2.713655 1.000000 -0.194439 0.317755 2.637942 1.000000 -0.237681 0.144649 2.903701 1.000000 -0.289519 -0.403762 2.952875 1.000000 -0.314854 -0.808425 3.026816 1.000000 -0.333244 -0.855577 2.951138 1.000000 -0.100660 0.141299 2.922449 1.000000 -0.062278 -0.399553 2.960682 1.000000 -0.034709 -0.802065 3.025492 1.000000 -0.014219 -0.886240 2.997504 1.000000
1656281486 -0.169960 0.214033 2.914283 1.000000 -0.171831 0.285039 2.916578 1.000000 -0.177041 0.640685 2.907602 1.000000 -0.153655 0.813613 2.823068 1.000000 -0.331705 0.540666 2.905078 1.000000 -0.391478 0.308049 2.892400 1.000000 -0.233582 0.287644 2.714805 1.000000 -0.180868 0.280832 2.660026 1.000000 -0.016112 0.534783 2.939977 1.000000 0.033839 0.312203 2.916532 1.000000 -0.116760 0.278656 2.734303 1.000000 -0.167038 0.267456 2.677978 1.000000 -0.236413 0.143684 2.904453 1.000000 -0.289560 -0.404687 2.953528 1.000000 -0.314509 -0.809632 3.025650 1.000000 -0.342254 -0.858202 2.953823 1.000000 -0.100290 0.141035 2.922485 1.000000 -0.062290 -0.399583 2.960631 1.000000 -0.034817 -0.801118 3.023703 1.000000 -0.013887 -0.884905 2.994903 1.000000
1656314001 -0.169869 0.213765 2.914475 1.000000 -0.171771 0.284845 2.916874 1.000000 -0.177134 0.640825 2.908068 1.000000 -0.153648 0.816544 2.824967 1.000000 -0.331307 0.540397 2.905755 1.000000 -0.391532 0.307772 2.892678 1.000000 -0.287989 0.162510 2.749013 1.000000 -0.173828 0.224243 2.647621 1.000000 -0.016121 0.534779 2.940031 1.000000 0.031911 0.311578 2.918500 1.000000 -0.195993 0.293685 2.712644 1.000000 -0.180664 0.229614 2.645668 1.000000 -0.236285 0.143498 2.904808 1.000000 -0.290103 -0.400830 2.953463 1.000000 -0.314704 -0.809270 3.025717 1.000000 -0.346972 -0.879211 2.977186 1.000000 -0.100263 0.140929 2.922457 1.000000 -0.062424 -0.399297 2.960671 1.000000 -0.034837 -0.801083 3.023173 1.000000 -0.012763 -0.884234 2.993394 1.000000
1656345286 -0.169667 0.213379 2.914691 1.000000 -0.171625 0.284596 2.917192 1.000000 -0.177253 0.641045 2.908484 1.000000 -0.151760 0.818859 2.825549 1.000000 -0.330409 0.540422 2.907394 1.000000 -0.391601 0.307259 2.895001 1.000000 -0.295416 0.156816 2.751618 1.000000 -0.164690 0.184606 2.647622 1.000000 -0.016009 0.534747 2.940115 1.000000 0.030003 0.311064 2.921116 1.000000 -0.070887 0.173123 2.767801 1.000000 -0.149658 0.180908 2.663247 1.000000 -0.236172 0.143293 2.905013 1.000000 -0.289979 -0.400854 2.953766 1.000000 -0.314169 -0.810304 3.026906 1.000000 -0.339081 -0.869020 2.961949 1.000000 -0.099990 0.140589 2.922503 1.000000 -0.062502 -0.399378 2.960817 1.000000 -0.033578 -0.810203 3.031602 1.000000 -0.020372 -0.883496 2.979247 1.000000
1656387708 -0.169488 0.213429 2.914741 1.000000 -0.171477 0.284639 2.917345 1.000000 -0.177226 0.641091 2.908565 1.000000 -0.150641 0.820175 2.825697 1.000000 -0.330154 0.541204 2.909107 1.000000 -0.390682 0.305343 2.895516 1.000000 -0.307468 0.151262 2.747560 1.000000 -0.193115 0.127808 2.655435 1.000000 -0.015475 0.534813 2.941293 1.000000 0.028584 0.308859 2.922490 1.000000 -0.039161 0.153009 2.768044 1.000000 -0.083499 0.113618 2.683530 1.000000 -0.236163 0.143317 2.905017 1.000000 -0.289497 -0.400139 2.954600 1.000000 -0.313286 -0.802755 3.019449 1.000000 -0.330871 -0.866526 2.956911 1.000000 -0.099380 0.140585 2.922555 1.000000 -0.062468 -0.399479 2.960947 1.000000 -0.033863 -0.805553 3.029958 1.000000 -0.021660 -0.882382 2.982678 1.000000
1656420669 -0.169097 0.213177 2.914877 1.000000 -0.171067 0.284497 2.917838 1.000000 -0.176052 0.642521 2.910273 1.000000 -0.149662 0.822657 2.827047 1.000000 -0.329867 0.541183 2.909690 1.000000 -0.389230 0.301276 2.895514 1.000000 -0.319937 0.133918 2.755824 1.000000 -0.248120 0.087920 2.697640 1.000000 -0.015397 0.534675 2.941438 1.000000 0.027847 0.307987 2.922848 1.000000 -0.025126 0.140936 2.775100 1.000000 -0.070845 0.076600 2.708546 1.000000 -0.236185 0.143171 2.905065 1.000000 -0.289760 -0.400037 2.955080 1.000000 -0.313266 -0.802701 3.019416 1.000000 -0.333915 -0.873922 2.966615 1.000000 -0.098379 0.140387 2.922473 1.000000 -0.062470 -0.399673 2.960956 1.000000 -0.033900 -0.804997 3.029991 1.000000 -0.021093 -0.882450 2.983908 1.000000
1656454780 -0.169229 0.212665 2.914789 1.000000 -0.171240 0.284184 2.918069 1.000000 -0.176575 0.642743 2.910492 1.000000 -0.153542 0.821464 2.828561 1.000000 -0.330087 0.540718 2.909753 1.000000 -0.387616 0.291333 2.891897 1.000000 -0.323975 0.114014 2.758949 1.000000 -0.266385 0.049326 2.702764 1.000000 -0.015535 0.534915 2.941833 1.000000 0.019361 0.300870 2.924701 1.000000 -0.019640 0.116934 2.795554 1.000000 -0.057941 0.045862 2.731213 1.000000 -0.237292 0.142165 2.905048 1.000000 -0.289401 -0.400717 2.955098 1.000000 -0.313258 -0.804913 3.021648 1.000000 -0.355608 -0.875856 2.983435 1.000000 -0.097939 0.139937 2.922083 1.000000 -0.062408 -0.399579 2.960961 1.000000 -0.033901 -0.804655 3.029297 1.000000 -0.019500 -0.884284 2.987600 1.000000
1656497934 -0.169406 0.212439 2.914831 1.000000 -0.171484 0.283968 2.918501 1.000000 -0.177374 0.642792 2.911366 1.000000 -0.153080 0.822062 2.828274 1.000000 -0.330086 0.540353 2.910642 1.000000 -0.385895 0.285129 2.888835 1.000000 -0.338893 0.094755 2.773985 1.000000 -0.303977 0.008637 2.729027 1.000000 -0.015303 0.534767 2.942507 1.000000 0.016725 0.297976 2.924729 1.000000 -0.010658 0.099856 2.799789 1.000000 -0.035704 0.007449 2.761182 1.000000 -0.238261 0.141781 2.905027 1.000000 -0.288935 -0.402686 2.955522 1.000000 -0.313372 -0.806143 3.022096 1.000000 -0.350079 -0.864970 2.963115 1.000000 -0.097762 0.139681 2.922001 1.000000 -0.062543 -0.399486 2.960966 1.000000 -0.034040 -0.803838 3.028145 1.000000 -0.018790 -0.882040 2.984115 1.000000
1656530486 -0.169553 0.211823 2.915017 1.000000 -0.171701 0.283430 2.919075 1.000000 -0.177649 0.642603 2.911908 1.000000 -0.152872 0.822248 2.828653 1.000000 -0.329984 0.540247 2.910738 1.000000 -0.382681 0.276747 2.886666 1.000000 -0.351728 0.072478 2.795449 1.000000 -0.324920 -0.022621 2.765552 1.000000 -0.015678 0.535047 2.943542 1.000000 0.013814 0.279575 2.919930 1.000000 0.006599 0.066947 2.823843 1.000000 -0.008159 -0.030011 2.791631 1.000000 -0.238489 0.141371 2.904968 1.000000 -0.289561 -0.407134 2.956023 1.000000 -0.313714 -0.808481 3.022175 1.000000 -0.350024 -0.865796 2.961482 1.000000 -0.097765 0.139297 2.922204 1.000000 -0.062449 -0.399794 2.960976 1.000000 -0.034213 -0.803737 3.028155 1.000000 -0.016353 -0.884090 2.989277 1.000000
1656562072 -0.170083 0.211113 2.915431 1.000000 -0.172451 0.282579 2.919945 1.000000 -0.179642 0.641131 2.912893 1.000000 -0.154902 0.815549 2.832844 1.000000 -0.330327 0.539428 2.910944 1.000000 -0.381390 0.270267 2.885614 1.000000 -0.358414 0.060576 2.807070 1.000000 -0.339080 -0.035425 2.774422 1.000000 -0.015823 0.534878 2.943682 1.000000 0.009970 0.267289 2.920422 1.000000 0.013183 0.053989 2.832702 1.000000 0.003251 -0.044902 2.804816 1.000000 -0.239027 0.140842 2.905108 1.000000 -0.289340 -0.406945 2.956303 1.000000 -0.315184 -0.809776 3.022624 1.000000 -0.343789 -0.867743 2.958521 1.000000 -0.098020 0.138465 2.922742 1.000000 -0.062404 -0.399600 2.960851 1.000000 -0.035056 -0.801059 3.023811 1.000000 -0.013252 -0.882597 2.989697 1.000000
1656604474 -0.170206 0.210538 2.915934 1.000000 -0.172654 0.282011 2.920929 1.000000 -0.180012 0.640823 2.914018 1.000000 -0.154001 0.817436 2.834229 1.000000 -0.330224 0.539233 2.911220 1.000000 -0.380300 0.267866 2.887086 1.000000 -0.367165 0.051619 2.831152 1.000000 -0.353050 -0.045780 2.800012 1.000000 -0.015843 0.534899 2.943964 1.000000 0.011999 0.261163 2.922020 1.000000 0.024068 0.032823 2.847701 1.000000 0.016812 -0.067394 2.824051 1.000000 -0.239163 0.140323 2.905479 1.000000 -0.288933 -0.412185 2.956591 1.000000 -0.315039 -0.811383 3.023755 1.000000 -0.326559 -0.856757 2.945673 1.000000 -0.098051 0.138117 2.923053 1.000000 -0.062412 -0.399605 2.960854 1.000000 -0.035128 -0.800982 3.023968 1.000000 -0.013328 -0.882177 2.989036 1.000000
1656637517 -0.170097 0.209999 2.916262 1.000000 -0.172605 0.281586 2.921539 1.000000 -0.179966 0.640790 2.914125 1.000000 -0.153805 0.818041 2.834110 1.000000 -0.329943 0.539507 2.911519 1.000000 -0.379859 0.265628 2.888600 1.000000 -0.372747 0.047470 2.841917 1.000000 -0.366685 -0.055123 2.832246 1.000000 -0.016132 0.534625 2.944645 1.000000 0.013714 0.258114 2.923315 1.000000 0.031492 0.025579 2.862422 1.000000 0.024568 -0.074645 2.838701 1.000000 -0.238988 0.140080 2.905713 1.000000 -0.288959 -0.410329 2.955936 1.000000 -0.314853 -0.811059 3.024673 1.000000 -0.328672 -0.860060 2.949194 1.000000 -0.098063 0.137658 2.923363 1.000000 -0.062647 -0.401362 2.960901 1.000000 -0.034686 -0.808863 3.031469 1.000000 -0.018998 -0.879627 2.976373 1.000000
1656670585 -0.170203 0.209711 2.916796 1.000000 -0.172776 0.281306 2.922430 1.000000 -0.180096 0.640710 2.914851 1.000000 -0.152738 0.818337 2.834928 1.000000 -0.329840 0.539446 2.911697 1.000000 -0.380317 0.264351 2.893126 1.000000 -0.380374 0.044997 2.854345 1.000000 -0.372327 -0.057338 2.843463 1.000000 -0.016088 0.534283 2.945597 1.000000 0.017634 0.249244 2.926645 1.000000 0.045497 0.018821 2.881696 1.000000 0.039062 -0.080299 2.853600 1.000000 -0.239000 0.139941 2.906134 1.000000 -0.288611 -0.405717 2.954505 1.000000 -0.314986 -0.808796 3.023260 1.000000 -0.318049 -0.860397 2.948307 1.000000 -0.098252 0.137300 2.923879 1.000000 -0.062477 -0.400797 2.960450 1.000000 -0.034694 -0.807126 3.030866 1.000000 -0.019536 -0.878176 2.975983 1.000000
1656714469 -0.170768 0.209146 2.917500 1.000000 -0.173297 0.280769 2.923302 1.000000 -0.180015 0.640293 2.915195 1.000000 -0.155291 0.816753 2.836508 1.000000 -0.330124 0.539117 2.912221 1.000000 -0.383615 0.260547 2.909287 1.000000 -0.391728 0.040586 2.877850 1.000000 -0.383913 -0.035223 2.881472 1.000000 -0.016076 0.533556 2.948379 1.000000 0.025625 0.240984 2.939265 1.000000 0.049702 0.008095 2.904086 1.000000 0.050050 -0.095128 2.903527 1.000000 -0.239884 0.139343 2.907146 1.000000 -0.288642 -0.405806 2.954540 1.000000 -0.315162 -0.808685 3.023338 1.000000 -0.326367 -0.856184 2.946467 1.000000 -0.098866 0.136502 2.924492 1.000000 -0.062000 -0.399831 2.959950 1.000000 -0.035181 -0.805342 3.029480 1.000000 -0.014826 -0.879286 2.980401 1.000000
1656745929 -0.172106 0.208674 2.918615 1.000000 -0.174339 0.280512 2.924357 1.000000 -0.180133 0.640530 2.915447 1.000000 -0.153139 0.819665 2.837469 1.000000 -0.330243 0.539112 2.912555 1.000000 -0.391457 0.258538 2.935045 1.000000 -0.406494 0.002659 2.921060 1.000000 -0.403687 -0.088165 2.904458 1.000000 -0.015922 0.533441 2.948320 1.000000 0.028188 0.241060 2.944224 1.000000 0.067261 -0.054016 2.919106 1.000000 0.049350 -0.127057 2.906329 1.000000 -0.241775 0.139139 2.908684 1.000000 -0.288092 -0.409251 2.955796 1.000000 -0.314945 -0.808612 3.023278 1.000000 -0.326651 -0.858348 2.947906 1.000000 -0.100369 0.135343 2.925631 1.000000 -0.062068 -0.399914 2.959774 1.000000 -0.035678 -0.801241 3.025861 1.000000 -0.013537 -0.879461 2.984837 1.000000
1656787621 -0.172325 0.208628 2.919157 1.000000 -0.174446 0.280493 2.924768 1.000000 -0.179919 0.640570 2.915365 1.000000 -0.150831 0.819298 2.840656 1.000000 -0.329963 0.539494 2.913296 1.000000 -0.392874 0.260151 2.940044 1.000000 -0.415287 -0.009778 2.931790 1.000000 -0.415378 -0.111503 2.914366 1.000000 -0.015606 0.533327 2.948603 1.000000 0.030745 0.243015 2.954044 1.000000 0.071728 -0.051073 2.926675 1.000000 0.066921 -0.126945 2.920397 1.000000 -0.242182 0.139268 2.909572 1.000000 -0.288134 -0.407746 2.956041 1.000000 -0.314716 -0.808243 3.023202 1.000000 -0.315560 -0.858348 2.947167 1.000000 -0.100641 0.135124 2.926259 1.000000 -0.061897 -0.399680 2.959295 1.000000 -0.035724 -0.801226 3.025877 1.000000 -0.012244 -0.878095 2.983070 1.000000
1656820637 -0.172884 0.208628 2.919806 1.000000 -0.174888 0.280570 2.925353 1.000000 -0.179759 0.640972 2.915647 1.000000 -0.149292 0.820103 2.841284 1.000000 -0.329799 0.539550 2.913792 1.000000 -0.394884 0.258670 2.948334 1.000000 -0.420505 -0.010626 2.942964 1.000000 -0.416217 -0.112420 2.926238 1.000000 -0.014613 0.532108 2.949956 1.000000 0.032169 0.250418 2.966858 1.000000 0.072388 0.016144 2.958169 1.000000 0.081514 -0.086196 2.947998 1.000000 -0.243010 0.139239 2.910221 1.000000 -0.288007 -0.407709 2.956266 1.000000 -0.313937 -0.809230 3.023086 1.000000 -0.335886 -0.864315 2.953961 1.000000 -0.101203 0.134980 2.927008 1.000000 -0.061848 -0.399608 2.959289 1.000000 -0.035782 -0.801229 3.025638 1.000000 -0.012073 -0.878315 2.983330 1.000000
1656853645 -0.173010 0.208533 2.920078 1.000000 -0.175003 0.280550 2.925623 1.000000 -0.179610 0.641550 2.915934 1.000000 -0.146634 0.822718 2.842011 1.000000 -0.329777 0.539574 2.913911 1.000000 -0.396867 0.261707 2.955244 1.000000 -0.431479 0.004813 2.959230 1.000000 -0.422109 -0.096834 2.943713 1.000000 -0.014514 0.531837 2.950574 1.000000 0.032324 0.253074 2.969894 1.000000 0.077996 0.015116 2.964666 1.000000 0.085841 -0.087665 2.958727 1.000000 -0.243203 0.139147 2.910435 1.000000 -0.288015 -0.407728 2.956240 1.000000 -0.313902 -0.807958 3.022986 1.000000 -0.335434 -0.862611 2.953378 1.000000 -0.101280 0.134872 2.927312 1.000000 -0.061766 -0.399680 2.959170 1.000000 -0.035750 -0.801214 3.025598 1.000000 -0.012190 -0.878306 2.983199 1.000000
1656887629 -0.172995 0.208484 2.920186 1.000000 -0.174955 0.280506 2.925725 1.000000 -0.179484 0.641528 2.915947 1.000000 -0.148757 0.822042 2.841372 1.000000 -0.330114 0.539439 2.914744 1.000000 -0.398012 0.263417 2.960987 1.000000 -0.437822 -0.003691 2.967871 1.000000 -0.431290 -0.106481 2.975162 1.000000 -0.014217 0.531710 2.950637 1.000000 0.033521 0.258831 2.976359 1.000000 0.081244 0.026192 2.975238 1.000000 0.089523 -0.076729 2.975906 1.000000 -0.243307 0.138834 2.910692 1.000000 -0.287492 -0.412792 2.956547 1.000000 -0.315185 -0.811330 3.023911 1.000000 -0.326623 -0.858791 2.947007 1.000000 -0.101196 0.134822 2.927389 1.000000 -0.061675 -0.399959 2.959170 1.000000 -0.035731 -0.801153 3.024606 1.000000 -0.011351 -0.879760 2.985566 1.000000
1656931769 -0.173087 0.208422 2.921069 1.000000 -0.175092 0.280414 2.926946 1.000000 -0.179500 0.641543 2.917948 1.000000 -0.150179 0.821343 2.842227 1.000000 -0.330162 0.539399 2.915320 1.000000 -0.398694 0.263800 2.964277 1.000000 -0.441399 -0.007336 2.979876 1.000000 -0.433491 -0.110329 2.981321 1.000000 -0.013976 0.531363 2.951580 1.000000 0.034280 0.260191 2.979984 1.000000 0.083678 0.021867 2.978836 1.000000 0.089988 -0.081225 2.976687 1.000000 -0.243448 0.138804 2.911053 1.000000 -0.286910 -0.406345 2.955366 1.000000 -0.314657 -0.809259 3.024867 1.000000 -0.327745 -0.857317 2.948586 1.000000 -0.101092 0.134568 2.928464 1.000000 -0.061716 -0.400189 2.959169 1.000000 -0.035659 -0.804572 3.025599 1.000000 -0.020005 -0.878631 2.974903 1.000000
1656964341 -0.173454 0.208623 2.921891 1.000000 -0.175248 0.280586 2.927502 1.000000 -0.179313 0.641614 2.917828 1.000000 -0.150212 0.822065 2.841953 1.000000 -0.330355 0.539748 2.917614 1.000000 -0.399532 0.262995 2.969046 1.000000 -0.439467 -0.011936 2.984016 1.000000 -0.432070 -0.115029 2.984169 1.000000 -0.013756 0.531109 2.951946 1.000000 0.034472 0.261235 2.981943 1.000000 0.083713 0.021938 2.979289 1.000000 0.089222 -0.081206 2.982990 1.000000 -0.244177 0.138977 2.912160 1.000000 -0.287104 -0.406960 2.955580 1.000000 -0.314460 -0.809555 3.024647 1.000000 -0.328549 -0.856061 2.947571 1.000000 -0.101428 0.134645 2.929522 1.000000 -0.061622 -0.400042 2.959168 1.000000 -0.035868 -0.802449 3.023967 1.000000 -0.017801 -0.877425 2.975448 1.000000
1656995761 -0.173381 0.208674 2.922066 1.000000 -0.175140 0.280687 2.927617 1.000000 -0.178522 0.642246 2.917591 1.000000 -0.146831 0.825936 2.843903 1.000000 -0.330071 0.540135 2.917873 1.000000 -0.399598 0.263464 2.970560 1.000000 -0.437741 -0.013200 2.986362 1.000000 -0.431118 -0.114142 2.984822 1.000000 -0.012999 0.530564 2.952425 1.000000 0.034432 0.261530 2.983053 1.000000 0.076871 -0.004180 2.979558 1.000000 0.089613 -0.103571 2.984678 1.000000 -0.244147 0.139031 2.912458 1.000000 -0.287105 -0.407555 2.956014 1.000000 -0.314502 -0.809427 3.024284 1.000000 -0.328720 -0.856685 2.947675 1.000000 -0.101370 0.134643 2.929631 1.000000 -0.061539 -0.400171 2.959045 1.000000 -0.035939 -0.802004 3.023594 1.000000 -0.016820 -0.877627 2.976477 1.000000
1657037468 -0.173315 0.208773 2.922330 1.000000 -0.174937 0.280858 2.928015 1.000000 -0.177108 0.643166 2.918459 1.000000 -0.147179 0.826419 2.844014 1.000000 -0.330332 0.540724 2.919304 1.000000 -0.399884 0.263947 2.972995 1.000000 -0.436399 -0.012984 2.987730 1.000000 -0.426556 -0.113883 2.979110 1.000000 -0.012843 0.530380 2.952656 1.000000 0.034883 0.260951 2.984022 1.000000 0.078404 -0.027722 2.980968 1.000000 0.085327 -0.103802 2.982279 1.000000 -0.244222 0.139092 2.912874 1.000000 -0.287222 -0.408703 2.956513 1.000000 -0.314029 -0.810383 3.022824 1.000000 -0.337141 -0.860045 2.949992 1.000000 -0.101343 0.134662 2.929668 1.000000 -0.061322 -0.400353 2.959054 1.000000 -0.035981 -0.801565 3.023673 1.000000 -0.016626 -0.877524 2.977190 1.000000
1657071760 -0.172569 0.209124 2.923099 1.000000 -0.174280 0.281235 2.928582 1.000000 -0.176895 0.643445 2.918433 1.000000 -0.146403 0.827621 2.843834 1.000000 -0.329918 0.541143 2.920325 1.000000 -0.399814 0.265030 2.972801 1.000000 -0.435429 -0.012649 2.987081 1.000000 -0.423980 -0.114552 2.973984 1.000000 -0.011598 0.529956 2.953088 1.000000 0.034978 0.260513 2.983964 1.000000 0.076808 -0.035750 2.972060 1.000000 0.078868 -0.125171 2.971561 1.000000 -0.243677 0.139237 2.913367 1.000000 -0.287192 -0.408438 2.956733 1.000000 -0.314153 -0.808692 3.023121 1.000000 -0.335829 -0.858024 2.949614 1.000000 -0.100100 0.134818 2.930986 1.000000 -0.061094 -0.400289 2.959062 1.000000 -0.036038 -0.800800 3.023766 1.000000 -0.016736 -0.877150 2.977889 1.000000
1657104660 -0.172144 0.209445 2.923653 1.000000 -0.173891 0.281540 2.929157 1.000000 -0.177037 0.643631 2.919092 1.000000 -0.146007 0.827772 2.845824 1.000000 -0.329499 0.541820 2.922288 1.000000 -0.399788 0.265228 2.972729 1.000000 -0.432609 -0.013657 2.980575 1.000000 -0.420068 -0.113511 2.956851 1.000000 -0.011375 0.530046 2.953104 1.000000 0.035141 0.259150 2.982732 1.000000 0.073039 -0.037419 2.956633 1.000000 0.068562 -0.140373 2.949609 1.000000 -0.243044 0.139533 2.913716 1.000000 -0.287265 -0.408429 2.956753 1.000000 -0.314845 -0.808157 3.023295 1.000000 -0.339077 -0.859907 2.952277 1.000000 -0.099685 0.135042 2.931552 1.000000 -0.060741 -0.399801 2.959296 1.000000 -0.036045 -0.800853 3.023912 1.000000 -0.015689 -0.877634 2.979199 1.000000
1657148788 -0.172086 0.209867 2.925022 1.000000 -0.173596 0.281933 2.930892 1.000000 -0.174941 0.643871 2.921969 1.000000 -0.145669 0.827719 2.845749 1.000000 -0.329524 0.541870 2.922564 1.000000 -0.399687 0.264874 2.972150 1.000000 -0.428085 -0.016835 2.967668 1.000000 -0.420387 -0.117386 2.944793 1.000000 -0.011202 0.530089 2.953117 1.000000 0.035736 0.251855 2.972189 1.000000 0.062115 -0.044975 2.930920 1.000000 0.062522 -0.142834 2.932204 1.000000 -0.243161 0.139755 2.914327 1.000000 -0.286859 -0.405375 2.957356 1.000000 -0.314573 -0.806307 3.023907 1.000000 -0.337636 -0.857736 2.952254 1.000000 -0.099817 0.135249 2.933175 1.000000 -0.060739 -0.399765 2.959370 1.000000 -0.036437 -0.800558 3.022135 1.000000 -0.012094 -0.878380 2.981365 1.000000
1657181418 -0.171891 0.209808 2.925462 1.000000 -0.173374 0.281856 2.931458 1.000000 -0.174929 0.643716 2.922319 1.000000 -0.144378 0.829262 2.849975 1.000000 -0.329583 0.541427 2.924330 1.000000 -0.399011 0.263930 2.969815 1.000000 -0.414795 -0.017227 2.913251 1.000000 -0.399902 -0.104614 2.895673 1.000000 -0.011146 0.530098 2.953223 1.000000 0.034626 0.245066 2.963755 1.000000 0.058852 -0.046252 2.914548 1.000000 0.043798 -0.111920 2.878498 1.000000 -0.242842 0.139708 2.915025 1.000000 -0.286822 -0.405330 2.957646 1.000000 -0.315009 -0.807061 3.023976 1.000000 -0.335243 -0.857927 2.951070 1.000000 -0.099705 0.135194 2.933335 1.000000 -0.060889 -0.399897 2.960037 1.000000 -0.036404 -0.800448 3.022512 1.000000 -0.009437 -0.879884 2.986809 1.000000
1657212782 -0.171707 0.209342 2.926198 1.000000 -0.173300 0.281205 2.932986 1.000000 -0.176581 0.642492 2.926353 1.000000 -0.148457 0.824306 2.849913 1.000000 -0.330542 0.539642 2.926060 1.000000 -0.398931 0.263151 2.966932 1.000000 -0.409433 -0.011830 2.892455 1.000000 -0.395950 -0.091891 2.877228 1.000000 -0.011201 0.530186 2.953123 1.000000 0.032947 0.245205 2.952757 1.000000 0.052032 0.030472 2.882002 1.000000 0.042404 -0.068780 2.854554 1.000000 -0.242545 0.139061 2.915576 1.000000 -0.286876 -0.406798 2.958674 1.000000 -0.315110 -0.807663 3.024027 1.000000 -0.344261 -0.860144 2.955400 1.000000 -0.099428 0.134873 2.933688 1.000000 -0.060873 -0.399946 2.960538 1.000000 -0.036292 -0.800306 3.022852 1.000000 -0.009077 -0.879493 2.986765 1.000000
1657254656 -0.171635 0.209315 2.926218 1.000000 -0.173287 0.281156 2.933405 1.000000 -0.176643 0.642350 2.926448 1.000000 -0.148491 0.823511 2.849508 1.000000 -0.330819 0.539752 2.926779 1.000000 -0.401760 0.262429 2.954560 1.000000 -0.397705 0.038208 2.862471 1.000000 -0.380019 -0.062768 2.848762 1.000000 -0.010832 0.529857 2.953969 1.000000 0.030703 0.246776 2.934680 1.000000 0.038898 0.031282 2.863614 1.000000 0.027811 -0.069269 2.842088 1.000000 -0.242437 0.138909 2.915505 1.000000 -0.286528 -0.412798 2.960223 1.000000 -0.314949 -0.809224 3.023750 1.000000 -0.325237 -0.853425 2.944662 1.000000 -0.099215 0.134780 2.933699 1.000000 -0.060551 -0.399515 2.961098 1.000000 -0.036167 -0.800260 3.022465 1.000000 -0.007541 -0.880044 2.988854 1.000000
1657288470 -0.171544 0.209482 2.926433 1.000000 -0.173143 0.281185 2.934608 1.000000 -0.176072 0.641475 2.930066 1.000000 -0.149322 0.822372 2.849054 1.000000 -0.332054 0.539586 2.929408 1.000000 -0.404229 0.273672 2.936301 1.000000 -0.388478 0.068358 2.840153 1.000000 -0.365111 -0.026587 2.806451 1.000000 -0.010422 0.530400 2.954704 1.000000 0.028659 0.254469 2.926139 1.000000 0.019487 0.051446 2.824963 1.000000 -0.004252 -0.047422 2.806038 1.000000 -0.242494 0.138938 2.915524 1.000000 -0.286418 -0.414193 2.960713 1.000000 -0.314513 -0.808333 3.023271 1.000000 -0.325336 -0.853570 2.944840 1.000000 -0.098930 0.134790 2.933702 1.000000 -0.060296 -0.399616 2.962353 1.000000 -0.036317 -0.799902 3.022646 1.000000 -0.007840 -0.879596 2.988693 1.000000
1657321652 -0.171183 0.209710 2.926925 1.000000 -0.172750 0.281241 2.936150 1.000000 -0.175444 0.640781 2.932082 1.000000 -0.149380 0.822379 2.848944 1.000000 -0.332298 0.539745 2.930804 1.000000 -0.415316 0.297820 2.911528 1.000000 -0.377930 0.088806 2.790205 1.000000 -0.342802 -0.006851 2.772419 1.000000 -0.009786 0.530753 2.955019 1.000000 0.041508 0.284261 2.908179 1.000000 0.000842 0.087918 2.800965 1.000000 -0.025650 0.020813 2.776533 1.000000 -0.242494 0.138944 2.915528 1.000000 -0.286252 -0.416048 2.962054 1.000000 -0.314083 -0.810476 3.023935 1.000000 -0.325462 -0.853564 2.944378 1.000000 -0.097999 0.134747 2.934300 1.000000 -0.060345 -0.399790 2.962811 1.000000 -0.036055 -0.801246 3.023704 1.000000 -0.017622 -0.881036 2.983590 1.000000
1657365384 -0.169162 0.210280 2.928290 1.000000 -0.170767 0.281638 2.939190 1.000000 -0.173534 0.641538 2.937171 1.000000 -0.148615 0.821665 2.849364 1.000000 -0.332295 0.539582 2.931762 1.000000 -0.425384 0.320910 2.901152 1.000000 -0.360107 0.138428 2.727705 1.000000 -0.322864 0.072007 2.733999 1.000000 -0.009796 0.530639 2.955146 1.000000 0.048518 0.300838 2.898876 1.000000 -0.033264 0.136597 2.751142 1.000000 -0.061940 0.066065 2.744703 1.000000 -0.241269 0.139233 2.915958 1.000000 -0.285868 -0.412052 2.962903 1.000000 -0.315415 -0.812562 3.029602 1.000000 -0.326599 -0.854809 2.949571 1.000000 -0.095232 0.135478 2.935313 1.000000 -0.060344 -0.399684 2.963566 1.000000 -0.035674 -0.801460 3.025944 1.000000 -0.018429 -0.881438 2.985684 1.000000
1657397812 -0.166203 0.211979 2.930716 1.000000 -0.167936 0.282980 2.942488 1.000000 -0.171463 0.641662 2.938601 1.000000 -0.146402 0.821258 2.850327 1.000000 -0.331826 0.539999 2.933126 1.000000 -0.439352 0.344837 2.880173 1.000000 -0.300781 0.167236 2.715987 1.000000 -0.263559 0.100852 2.722278 1.000000 -0.007611 0.531755 2.954737 1.000000 0.075806 0.337891 2.860363 1.000000 -0.036482 0.167663 2.726811 1.000000 -0.073911 0.110921 2.686799 1.000000 -0.238081 0.140000 2.917754 1.000000 -0.285764 -0.410991 2.962929 1.000000 -0.316040 -0.812243 3.029192 1.000000 -0.327750 -0.855037 2.949534 1.000000 -0.092895 0.136818 2.937513 1.000000 -0.059937 -0.399557 2.964247 1.000000 -0.035634 -0.801394 3.025963 1.000000 -0.018387 -0.881373 2.985714 1.000000
1657429299 -0.165089 0.213435 2.932002 1.000000 -0.167133 0.283881 2.945212 1.000000 -0.171586 0.640764 2.943018 1.000000 -0.147524 0.813700 2.849360 1.000000 -0.332060 0.539787 2.933360 1.000000 -0.446934 0.346120 2.867120 1.000000 -0.288330 0.267334 2.702317 1.000000 -0.251128 0.200986 2.708604 1.000000 -0.006570 0.531753 2.955108 1.000000 0.079883 0.338625 2.842732 1.000000 -0.074044 0.276042 2.683139 1.000000 -0.098408 0.245007 2.617803 1.000000 -0.236179 0.140833 2.918252 1.000000 -0.285388 -0.409421 2.962604 1.000000 -0.316017 -0.812259 3.029382 1.000000 -0.328322 -0.856115 2.950401 1.000000 -0.092263 0.137678 2.938347 1.000000 -0.059678 -0.398736 2.964947 1.000000 -0.035780 -0.801384 3.025690 1.000000 -0.017503 -0.881272 2.985732 1.000000
1657471753 -0.164937 0.213249 2.932453 1.000000 -0.167061 0.283631 2.946652 1.000000 -0.171789 0.640593 2.943222 1.000000 -0.146544 0.813748 2.850683 1.000000 -0.331279 0.539881 2.933166 1.000000 -0.450936 0.367951 2.835527 1.000000 -0.260010 0.372803 2.704270 1.000000 -0.196368 0.374420 2.665024 1.000000 -0.005855 0.531580 2.953771 1.000000 0.085832 0.358525 2.824381 1.000000 -0.065023 0.361146 2.649094 1.000000 -0.123775 0.349762 2.601740 1.000000 -0.235835 0.140758 2.918948 1.000000 -0.285288 -0.409119 2.962482 1.000000 -0.314684 -0.813441 3.032104 1.000000 -0.327920 -0.853155 2.951122 1.000000 -0.092100 0.137589 2.938581 1.000000 -0.059552 -0.398732 2.965287 1.000000 -0.035577 -0.801369 3.026571 1.000000 -0.017590 -0.881213 2.986424 1.000000
1657504779 -0.164264 0.212854 2.932997 1.000000 -0.166719 0.283259 2.948369 1.000000 -0.170377 0.641465 2.945023 1.000000 -0.146017 0.814567 2.850835 1.000000 -0.326276 0.537443 2.925910 1.000000 -0.448839 0.366166 2.831813 1.000000 -0.372607 0.425119 2.619209 1.000000 -0.347196 0.444770 2.552847 1.000000 -0.005539 0.533098 2.953338 1.000000 0.099544 0.354702 2.795452 1.000000 -0.061233 0.448424 2.662397 1.000000 -0.100728 0.437453 2.598035 1.000000 -0.235132 0.140550 2.919063 1.000000 -0.285282 -0.409024 2.962509 1.000000 -0.314287 -0.813953 3.032995 1.000000 -0.327247 -0.850751 2.950609 1.000000 -0.091624 0.137656 2.939192 1.000000 -0.059527 -0.398354 2.965999 1.000000 -0.035556 -0.801340 3.026567 1.000000 -0.016114 -0.881478 2.987718 1.000000
1657538559 -0.164164 0.211824 2.933124 1.000000 -0.166544 0.282291 2.949496 1.000000 -0.170283 0.641040 2.945265 1.000000 -0.145342 0.814786 2.850830 1.000000 -0.326231 0.537158 2.925915 1.000000 -0.447213 0.367331 2.825671 1.000000 -0.396023 0.468298 2.622163 1.000000 -0.378959 0.501954 2.558833 1.000000 -0.006089 0.532889 2.950519 1.000000 0.101448 0.358921 2.788433 1.000000 -0.031624 0.510448 2.666352 1.000000 -0.075966 0.560940 2.630177 1.000000 -0.235084 0.139757 2.919513 1.000000 -0.285350 -0.409010 2.962451 1.000000 -0.314188 -0.814299 3.031486 1.000000 -0.335185 -0.855120 2.952739 1.000000 -0.091496 0.137203 2.938892 1.000000 -0.059284 -0.397520 2.966406 1.000000 -0.035518 -0.801228 3.026665 1.000000 -0.015929 -0.880712 2.986579 1.000000
1657581669 -0.164087 0.211805 2.933075 1.000000 -0.166454 0.282071 2.950277 1.000000 -0.169356 0.637730 2.945326 1.000000 -0.147735 0.806724 2.848779 1.000000 -0.327196 0.535818 2.925924 1.000000 -0.446198 0.371040 2.812286 1.000000 -0.402832 0.579590 2.698411 1.000000 -0.373244 0.640917 2.663982 1.000000 -0.012707 0.536417 2.950086 1.000000 0.099926 0.377107 2.779507 1.000000 0.026075 0.555754 2.658605 1.000000 0.030991 0.561523 2.649583 1.000000 -0.234775 0.139839 2.919234 1.000000 -0.284840 -0.402651 2.961268 1.000000 -0.313902 -0.807112 3.027871 1.000000 -0.335211 -0.854509 2.952995 1.000000 -0.091502 0.137647 2.938848 1.000000 -0.058895 -0.394989 2.966985 1.000000 -0.035019 -0.800191 3.025570 1.000000 -0.013535 -0.878179 2.983580 1.000000
1657613072 -0.164026 0.211500 2.932747 1.000000 -0.166477 0.281796 2.950857 1.000000 -0.169373 0.637775 2.945331 1.000000 -0.149554 0.809377 2.847227 1.000000 -0.327159 0.535174 2.925431 1.000000 -0.461398 0.410911 2.774709 1.000000 -0.436329 0.622462 2.702022 1.000000 -0.442840 0.697251 2.688451 1.000000 -0.011936 0.536117 2.949732 1.000000 0.114879 0.399098 2.774332 1.000000 0.066447 0.602221 2.688156 1.000000 0.044693 0.672417 2.667682 1.000000 -0.234748 0.139314 2.918704 1.000000 -0.284900 -0.402696 2.961262 1.000000 -0.313693 -0.806812 3.027739 1.000000 -0.334832 -0.853725 2.952529 1.000000 -0.091375 0.137559 2.938437 1.000000 -0.058852 -0.394975 2.966985 1.000000 -0.034990 -0.800169 3.025727 1.000000 -0.013434 -0.878194 2.983874 1.000000
1657654650 -0.164147 0.209525 2.932150 1.000000 -0.166226 0.279459 2.951296 1.000000 -0.168127 0.634726 2.945879 1.000000 -0.157253 0.804653 2.848751 1.000000 -0.330489 0.529426 2.922671 1.000000 -0.468123 0.411567 2.769516 1.000000 -0.470509 0.625459 2.700225 1.000000 -0.455311 0.700206 2.700448 1.000000 -0.008122 0.524660 2.943446 1.000000 0.120036 0.402786 2.778123 1.000000 0.113831 0.625977 2.708177 1.000000 0.104364 0.700713 2.696219 1.000000 -0.236084 0.135952 2.918632 1.000000 -0.285222 -0.403296 2.961480 1.000000 -0.313624 -0.805765 3.028121 1.000000 -0.340680 -0.854183 2.955831 1.000000 -0.090901 0.134957 2.936294 1.000000 -0.058998 -0.395137 2.966844 1.000000 -0.034938 -0.800135 3.026148 1.000000 -0.014404 -0.879456 2.986289 1.000000
1657687637 -0.164247 0.209309 2.931745 1.000000 -0.166385 0.279229 2.951560 1.000000 -0.168546 0.634799 2.945011 1.000000 -0.158330 0.806216 2.846992 1.000000 -0.330625 0.529581 2.922761 1.000000 -0.476303 0.412467 2.768919 1.000000 -0.508247 0.626792 2.711864 1.000000 -0.520389 0.701561 2.702981 1.000000 -0.007865 0.524936 2.943454 1.000000 0.145636 0.415230 2.801793 1.000000 0.167198 0.626529 2.727124 1.000000 0.168769 0.701144 2.711416 1.000000 -0.236238 0.135826 2.918496 1.000000 -0.285439 -0.406088 2.961859 1.000000 -0.312366 -0.806878 3.024183 1.000000 -0.324085 -0.855103 2.947781 1.000000 -0.090789 0.134686 2.935585 1.000000 -0.058927 -0.395637 2.967063 1.000000 -0.034973 -0.800043 3.026059 1.000000 -0.013485 -0.877507 2.983188 1.000000
1657721831 -0.164640 0.209157 2.931040 1.000000 -0.166881 0.278909 2.951417 1.000000 -0.170105 0.633654 2.943872 1.000000 -0.158392 0.803103 2.848225 1.000000 -0.333073 0.527829 2.923068 1.000000 -0.482101 0.406078 2.774008 1.000000 -0.543547 0.613662 2.716088 1.000000 -0.585997 0.676853 2.711602 1.000000 -0.007834 0.524954 2.943376 1.000000 0.157912 0.413123 2.822712 1.000000 0.223389 0.625000 2.737473 1.000000 0.237223 0.699867 2.733133 1.000000 -0.237059 0.135533 2.917710 1.000000 -0.284922 -0.403473 2.961688 1.000000 -0.313292 -0.804270 3.022210 1.000000 -0.329781 -0.857773 2.950347 1.000000 -0.090677 0.134296 2.934762 1.000000 -0.058987 -0.395760 2.967173 1.000000 -0.034854 -0.799944 3.025768 1.000000 -0.014140 -0.877333 2.982401 1.000000
1657754838 -0.164759 0.209315 2.930441 1.000000 -0.166980 0.279328 2.950665 1.000000 -0.170270 0.635312 2.939655 1.000000 -0.154354 0.807684 2.846346 1.000000 -0.333098 0.527774 2.923029 1.000000 -0.493706 0.371183 2.796108 1.000000 -0.578728 0.562392 2.711578 1.000000 -0.622392 0.622142 2.693193 1.000000 -0.006530 0.524607 2.942729 1.000000 0.171058 0.377478 2.852140 1.000000 0.275635 0.596191 2.753098 1.000000 0.317840 0.650650 2.785773 1.000000 -0.237425 0.135596 2.917270 1.000000 -0.285214 -0.403504 2.961995 1.000000 -0.312350 -0.803140 3.021143 1.000000 -0.332857 -0.858743 2.951959 1.000000 -0.090571 0.134279 2.934536 1.000000 -0.058974 -0.396027 2.967159 1.000000 -0.034841 -0.799866 3.025538 1.000000 -0.014309 -0.876257 2.980355 1.000000
1657799137 -0.164866 0.209758 2.929955 1.000000 -0.167378 0.279972 2.949714 1.000000 -0.173054 0.636183 2.936092 1.000000 -0.152829 0.810095 2.844123 1.000000 -0.332866 0.528585 2.923758 1.000000 -0.476997 0.368386 2.848417 1.000000 -0.625540 0.501684 2.723045 1.000000 -0.675251 0.545838 2.685707 1.000000 -0.004091 0.524683 2.944942 1.000000 0.159614 0.363836 2.884322 1.000000 0.332764 0.514160 2.801926 1.000000 0.375977 0.576172 2.778488 1.000000 -0.237558 0.135955 2.917010 1.000000 -0.285245 -0.403473 2.962030 1.000000 -0.313125 -0.803282 3.021584 1.000000 -0.331929 -0.858901 2.951932 1.000000 -0.090351 0.134376 2.934381 1.000000 -0.059021 -0.396416 2.966347 1.000000 -0.034890 -0.799963 3.025327 1.000000 -0.014049 -0.877358 2.982036 1.000000
1657831888 -0.165387 0.210856 2.928675 1.000000 -0.167997 0.281207 2.947553 1.000000 -0.174037 0.637060 2.931956 1.000000 -0.150048 0.817534 2.839905 1.000000 -0.331686 0.533897 2.925151 1.000000 -0.468001 0.356750 2.867657 1.000000 -0.663713 0.362753 2.751828 1.000000 -0.737518 0.406873 2.694806 1.000000 -0.002379 0.525585 2.946342 1.000000 0.150572 0.357118 2.897950 1.000000 0.374023 0.431396 2.803878 1.000000 0.436567 0.466304 2.777697 1.000000 -0.238210 0.137052 2.915929 1.000000 -0.286084 -0.405639 2.962688 1.000000 -0.313369 -0.805797 3.021784 1.000000 -0.347623 -0.864023 2.960675 1.000000 -0.090422 0.134755 2.934003 1.000000 -0.059185 -0.396619 2.965750 1.000000 -0.034899 -0.799970 3.025308 1.000000 -0.012410 -0.880402 2.988939 1.000000
1657864699 -0.165875 0.211134 2.927321 1.000000 -0.168546 0.281316 2.945668 1.000000 -0.174704 0.636241 2.930422 1.000000 -0.153525 0.807083 2.838122 1.000000 -0.332368 0.534047 2.925014 1.000000 -0.462527 0.342745 2.885299 1.000000 -0.656021 0.310688 2.753809 1.000000 -0.720519 0.300002 2.714485 1.000000 -0.002192 0.525531 2.946582 1.000000 0.136379 0.343206 2.920217 1.000000 0.385254 0.346924 2.807784 1.000000 0.457824 0.363129 2.790875 1.000000 -0.239009 0.137110 2.914429 1.000000 -0.286061 -0.405011 2.962508 1.000000 -0.314892 -0.808316 3.024826 1.000000 -0.344957 -0.861949 2.957619 1.000000 -0.090440 0.134736 2.933193 1.000000 -0.059230 -0.396699 2.965311 1.000000 -0.035116 -0.799918 3.025081 1.000000 -0.011450 -0.880781 2.990464 1.000000
1657896205 -0.166495 0.211498 2.926514 1.000000 -0.169095 0.281789 2.944104 1.000000 -0.174989 0.636872 2.928190 1.000000 -0.157621 0.808610 2.832068 1.000000 -0.332657 0.535131 2.925464 1.000000 -0.451020 0.346676 2.901870 1.000000 -0.558688 0.156415 2.856907 1.000000 -0.622782 0.150459 2.816069 1.000000 -0.002156 0.525458 2.946381 1.000000 0.128295 0.334218 2.927907 1.000000 0.382813 0.255859 2.821456 1.000000 0.457269 0.241932 2.812886 1.000000 -0.239828 0.137566 2.913531 1.000000 -0.286053 -0.404898 2.962435 1.000000 -0.315010 -0.808528 3.024642 1.000000 -0.341024 -0.863986 2.957236 1.000000 -0.090763 0.134848 2.932958 1.000000 -0.059374 -0.397030 2.964485 1.000000 -0.035264 -0.800106 3.024613 1.000000 -0.010081 -0.881998 2.993701 1.000000
1657938457 -0.166853 0.211908 2.925973 1.000000 -0.169406 0.282351 2.942907 1.000000 -0.175460 0.638129 2.927035 1.000000 -0.152618 0.814053 2.832503 1.000000 -0.332587 0.536745 2.925912 1.000000 -0.450643 0.343488 2.907214 1.000000 -0.559187 0.155780 2.851818 1.000000 -0.595369 0.093211 2.837858 1.000000 -0.002085 0.525184 2.945858 1.000000 0.123169 0.320099 2.931620 1.000000 0.299026 0.198003 2.863912 1.000000 0.391048 0.153303 2.850895 1.000000 -0.240122 0.137998 2.913117 1.000000 -0.286047 -0.404937 2.962389 1.000000 -0.314308 -0.809919 3.024604 1.000000 -0.353990 -0.867204 2.965959 1.000000 -0.091060 0.135184 2.932602 1.000000 -0.059358 -0.397350 2.964164 1.000000 -0.035288 -0.799852 3.024957 1.000000 -0.011629 -0.881580 2.992458 1.000000
1657971753 -0.166979 0.212229 2.925640 1.000000 -0.169139 0.282809 2.941873 1.000000 -0.174099 0.639181 2.925558 1.000000 -0.151529 0.815011 2.832115 1.000000 -0.332317 0.538770 2.926742 1.000000 -0.463619 0.308076 2.905538 1.000000 -0.581543 0.102234 2.817549 1.000000 -0.639209 0.021208 2.790211 1.000000 -0.001333 0.522976 2.942349 1.000000 0.117373 0.305627 2.932184 1.000000 0.287903 0.115631 2.875167 1.000000 0.345180 0.065332 2.876177 1.000000 -0.240406 0.138486 2.912961 1.000000 -0.285885 -0.404662 2.961782 1.000000 -0.314755 -0.809706 3.024124 1.000000 -0.310377 -0.892750 2.986962 1.000000 -0.091238 0.135335 2.932353 1.000000 -0.059347 -0.397260 2.963960 1.000000 -0.035254 -0.799707 3.025040 1.000000 -0.012185 -0.879436 2.987523 1.000000
1658015603 -0.167225 0.211478 2.925191 1.000000 -0.169378 0.281884 2.940864 1.000000 -0.174838 0.637123 2.925232 1.000000 -0.156619 0.793831 2.840174 1.000000 -0.333817 0.536712 2.926116 1.000000 -0.452835 0.277935 2.895742 1.000000 -0.531250 0.020477 2.835127 1.000000 -0.549316 -0.073608 2.840987 1.000000 -0.002298 0.522029 2.941072 1.000000 0.098487 0.268581 2.917952 1.000000 0.228638 0.040131 2.878096 1.000000 0.263064 -0.024946 2.897768 1.000000 -0.240725 0.137687 2.912775 1.000000 -0.285854 -0.404646 2.960930 1.000000 -0.312937 -0.811921 3.031044 1.000000 -0.330407 -0.878795 2.971717 1.000000 -0.091296 0.134668 2.931712 1.000000 -0.059501 -0.397434 2.963730 1.000000 -0.035001 -0.799556 3.023591 1.000000 -0.012615 -0.880421 2.988142 1.000000
1658047993 -0.167509 0.211061 2.925238 1.000000 -0.169564 0.281648 2.940381 1.000000 -0.175119 0.637340 2.925126 1.000000 -0.151849 0.801161 2.841346 1.000000 -0.333681 0.536396 2.925691 1.000000 -0.426258 0.266318 2.894083 1.000000 -0.473145 -0.018982 2.860518 1.000000 -0.464152 -0.094624 2.858402 1.000000 -0.004029 0.522416 2.939981 1.000000 0.079150 0.259446 2.909351 1.000000 0.143188 0.013885 2.872237 1.000000 0.163416 -0.085143 2.892580 1.000000 -0.240783 0.137598 2.912881 1.000000 -0.286136 -0.405775 2.960327 1.000000 -0.312949 -0.810020 3.029598 1.000000 -0.346101 -0.860762 2.961598 1.000000 -0.091709 0.134489 2.931797 1.000000 -0.059498 -0.397438 2.963720 1.000000 -0.035120 -0.799378 3.023342 1.000000 -0.013440 -0.880025 2.986957 1.000000
1658079325 -0.167329 0.210208 2.925006 1.000000 -0.169511 0.281160 2.939634 1.000000 -0.175331 0.637830 2.924474 1.000000 -0.148203 0.805848 2.839507 1.000000 -0.331444 0.535773 2.924403 1.000000 -0.400423 0.260644 2.890855 1.000000 -0.426270 0.020355 2.831221 1.000000 -0.411616 -0.081449 2.823895 1.000000 -0.004268 0.522689 2.939770 1.000000 0.049541 0.243204 2.897658 1.000000 0.078247 -0.000707 2.856612 1.000000 0.079895 -0.083801 2.852706 1.000000 -0.240225 0.137340 2.912999 1.000000 -0.286365 -0.407239 2.959377 1.000000 -0.312754 -0.811040 3.027715 1.000000 -0.350670 -0.863005 2.963210 1.000000 -0.091834 0.134117 2.931607 1.000000 -0.059503 -0.397465 2.963582 1.000000 -0.035212 -0.799352 3.023393 1.000000 -0.012812 -0.878519 2.984281 1.000000
1658121577 -0.167633 0.209172 2.924601 1.000000 -0.169824 0.280464 2.938919 1.000000 -0.175306 0.637942 2.924452 1.000000 -0.146848 0.808140 2.838948 1.000000 -0.329708 0.535377 2.921877 1.000000 -0.389053 0.255329 2.887250 1.000000 -0.378867 0.038236 2.834022 1.000000 -0.370536 -0.063103 2.816889 1.000000 -0.004805 0.522873 2.939757 1.000000 0.034295 0.238899 2.895343 1.000000 0.036357 0.023690 2.831917 1.000000 0.032216 -0.078778 2.821161 1.000000 -0.240175 0.137186 2.913053 1.000000 -0.286179 -0.410508 2.958819 1.000000 -0.312184 -0.810357 3.026901 1.000000 -0.344064 -0.861437 2.958534 1.000000 -0.092880 0.133323 2.930542 1.000000 -0.059571 -0.397701 2.963881 1.000000 -0.035260 -0.799255 3.023444 1.000000 -0.012815 -0.878497 2.984502 1.000000
1658154584 -0.167298 0.208166 2.923272 1.000000 -0.169650 0.279689 2.937761 1.000000 -0.175142 0.638056 2.924553 1.000000 -0.146497 0.809095 2.839249 1.000000 -0.327928 0.534889 2.920163 1.000000 -0.383458 0.255932 2.885391 1.000000 -0.362527 0.042414 2.819064 1.000000 -0.346379 -0.052669 2.782494 1.000000 -0.006213 0.523327 2.940439 1.000000 0.017812 0.255738 2.895465 1.000000 0.005923 0.040544 2.833292 1.000000 -0.002157 0.010918 2.833175 1.000000 -0.239464 0.136898 2.912283 1.000000 -0.285851 -0.411812 2.958875 1.000000 -0.311819 -0.812794 3.027220 1.000000 -0.344518 -0.863306 2.958814 1.000000 -0.093126 0.133196 2.928258 1.000000 -0.059575 -0.397713 2.963910 1.000000 -0.035478 -0.799181 3.023206 1.000000 -0.011059 -0.879128 2.986982 1.000000
1658187637 -0.167032 0.208244 2.922910 1.000000 -0.169487 0.279802 2.937261 1.000000 -0.175017 0.638906 2.924480 1.000000 -0.147975 0.812499 2.836523 1.000000 -0.327048 0.535220 2.919571 1.000000 -0.378323 0.264984 2.889242 1.000000 -0.333369 0.067153 2.788192 1.000000 -0.320313 0.020630 2.731612 1.000000 -0.006878 0.523550 2.941153 1.000000 0.012254 0.264125 2.901121 1.000000 -0.039027 0.059997 2.820358 1.000000 -0.065308 0.002947 2.786299 1.000000 -0.238762 0.137420 2.911729 1.000000 -0.285858 -0.410160 2.958190 1.000000 -0.311755 -0.810724 3.028305 1.000000 -0.339361 -0.856913 2.954787 1.000000 -0.092936 0.133556 2.927883 1.000000 -0.059610 -0.397688 2.963946 1.000000 -0.035405 -0.799043 3.023445 1.000000 -0.011301 -0.878887 2.986781 1.000000
1658231877 -0.165922 0.208339 2.922893 1.000000 -0.168859 0.279833 2.937152 1.000000 -0.175124 0.639002 2.924748 1.000000 -0.147096 0.812629 2.836471 1.000000 -0.326987 0.535111 2.919494 1.000000 -0.375384 0.281194 2.902149 1.000000 -0.326561 0.095160 2.779883 1.000000 -0.290161 0.034402 2.704903 1.000000 -0.007784 0.524431 2.942848 1.000000 0.012033 0.271285 2.906129 1.000000 -0.042373 0.076253 2.804174 1.000000 -0.098366 0.025010 2.734336 1.000000 -0.236186 0.137743 2.911728 1.000000 -0.285778 -0.409599 2.957853 1.000000 -0.312350 -0.807273 3.025359 1.000000 -0.337686 -0.856759 2.953178 1.000000 -0.091934 0.134022 2.927858 1.000000 -0.059277 -0.398408 2.964679 1.000000 -0.035264 -0.801348 3.024088 1.000000 -0.016636 -0.880628 2.983239 1.000000
1658263516 -0.165150 0.208804 2.923262 1.000000 -0.168413 0.280178 2.937314 1.000000 -0.175081 0.639165 2.924993 1.000000 -0.147314 0.813879 2.836100 1.000000 -0.326954 0.535615 2.919358 1.000000 -0.384315 0.313941 2.935760 1.000000 -0.331839 0.146554 2.787943 1.000000 -0.254194 0.138019 2.720598 1.000000 -0.008685 0.527282 2.945908 1.000000 0.019269 0.289119 2.914436 1.000000 -0.057413 0.120446 2.780594 1.000000 -0.117363 0.112652 2.697034 1.000000 -0.234335 0.138598 2.912016 1.000000 -0.285723 -0.408541 2.957761 1.000000 -0.312100 -0.806971 3.025076 1.000000 -0.319405 -0.857555 2.949656 1.000000 -0.091524 0.134585 2.928516 1.000000 -0.059305 -0.399151 2.965265 1.000000 -0.035409 -0.803392 3.025466 1.000000 -0.018182 -0.880726 2.980488 1.000000
1658295085 -0.164576 0.209941 2.923603 1.000000 -0.168166 0.281052 2.937330 1.000000 -0.174968 0.639369 2.924927 1.000000 -0.147140 0.814550 2.836986 1.000000 -0.326948 0.536204 2.919441 1.000000 -0.384720 0.315129 2.933112 1.000000 -0.329429 0.150928 2.782554 1.000000 -0.193848 0.241211 2.674973 1.000000 -0.007285 0.530259 2.951324 1.000000 0.023626 0.293385 2.915340 1.000000 -0.090838 0.183981 2.747783 1.000000 -0.159708 0.193058 2.671560 1.000000 -0.233537 0.139326 2.912001 1.000000 -0.285766 -0.408406 2.957598 1.000000 -0.312084 -0.808504 3.025668 1.000000 -0.326496 -0.854805 2.948543 1.000000 -0.091292 0.135817 2.929633 1.000000 -0.059167 -0.399137 2.965367 1.000000 -0.035278 -0.803164 3.025535 1.000000 -0.018172 -0.880869 2.981162 1.000000
1658337697 -0.164142 0.211799 2.924320 1.000000 -0.167826 0.282560 2.937575 1.000000 -0.174752 0.639773 2.924840 1.000000 -0.147144 0.814950 2.836714 1.000000 -0.326564 0.537788 2.920323 1.000000 -0.384735 0.311776 2.929196 1.000000 -0.241734 0.300102 2.737391 1.000000 -0.193237 0.296143 2.676927 1.000000 -0.006892 0.532132 2.954540 1.000000 0.029868 0.305154 2.916203 1.000000 -0.080114 0.180656 2.757107 1.000000 -0.132105 0.221965 2.678213 1.000000 -0.232447 0.141222 2.912664 1.000000 -0.285735 -0.408065 2.957569 1.000000 -0.311542 -0.806838 3.024138 1.000000 -0.332249 -0.857948 2.951627 1.000000 -0.091643 0.137834 2.930964 1.000000 -0.059266 -0.398608 2.965334 1.000000 -0.035196 -0.802967 3.026029 1.000000 -0.014576 -0.881282 2.984309 1.000000
1658371699 -0.163814 0.212783 2.924872 1.000000 -0.167632 0.283315 2.937896 1.000000 -0.174987 0.639868 2.925399 1.000000 -0.147382 0.814105 2.837747 1.000000 -0.326537 0.537795 2.920320 1.000000 -0.385685 0.309456 2.925582 1.000000 -0.239302 0.329419 2.737297 1.000000 -0.188737 0.336314 2.676928 1.000000 -0.006941 0.532848 2.955592 1.000000 0.032071 0.307467 2.913639 1.000000 -0.060069 0.214443 2.722259 1.000000 -0.107107 0.203392 2.663321 1.000000 -0.231670 0.142203 2.912718 1.000000 -0.285893 -0.407747 2.957541 1.000000 -0.311678 -0.805976 3.023625 1.000000 -0.331992 -0.857161 2.951060 1.000000 -0.091592 0.138883 2.932121 1.000000 -0.059331 -0.398343 2.965671 1.000000 -0.035091 -0.802659 3.025683 1.000000 -0.014074 -0.881703 2.985579 1.000000
1658404734 -0.163855 0.213120 2.924976 1.000000 -0.167636 0.283521 2.937757 1.000000 -0.175023 0.639752 2.925327 1.000000 -0.146780 0.813799 2.838937 1.000000 -0.326788 0.538019 2.920304 1.000000 -0.386806 0.310415 2.918704 1.000000 -0.247232 0.343299 2.737241 1.000000 -0.184342 0.357398 2.684869 1.000000 -0.007100 0.532703 2.955707 1.000000 0.033858 0.309338 2.907909 1.000000 -0.071048 0.203701 2.731286 1.000000 -0.118079 0.192652 2.672358 1.000000 -0.231682 0.142548 2.912791 1.000000 -0.285892 -0.407436 2.957517 1.000000 -0.311728 -0.805610 3.023695 1.000000 -0.331743 -0.856481 2.950835 1.000000 -0.091690 0.139088 2.932317 1.000000 -0.059254 -0.397814 2.965811 1.000000 -0.035135 -0.802030 3.026000 1.000000 -0.014389 -0.881097 2.985810 1.000000
1658448612 -0.163767 0.213210 2.925056 1.000000 -0.167483 0.283645 2.937849 1.000000 -0.174588 0.640270 2.926345 1.000000 -0.148533 0.812143 2.840102 1.000000 -0.326770 0.538091 2.920389 1.000000 -0.386584 0.310780 2.915083 1.000000 -0.238249 0.366278 2.736397 1.000000 -0.188863 0.384755 2.681407 1.000000 -0.006989 0.533046 2.955842 1.000000 0.035270 0.308075 2.902308 1.000000 -0.092742 0.220101 2.731849 1.000000 -0.139764 0.209054 2.672932 1.000000 -0.231604 0.142600 2.912789 1.000000 -0.285984 -0.407503 2.957608 1.000000 -0.312314 -0.803194 3.021332 1.000000 -0.338410 -0.859017 2.954258 1.000000 -0.091673 0.139126 2.932367 1.000000 -0.059139 -0.397859 2.966036 1.000000 -0.035098 -0.801767 3.025353 1.000000 -0.013741 -0.881672 2.987209 1.000000
1658480045 -0.163628 0.213392 2.925081 1.000000 -0.167331 0.283882 2.937894 1.000000 -0.174198 0.640810 2.926795 1.000000 -0.147767 0.812735 2.840864 1.000000 -0.326492 0.538404 2.920366 1.000000 -0.383914 0.310130 2.905462 1.000000 -0.252869 0.369095 2.724320 1.000000 -0.190544 0.390671 2.686231 1.000000 -0.007257 0.534290 2.956785 1.000000 0.036074 0.308080 2.901180 1.000000 -0.100365 0.234297 2.730540 1.000000 -0.147372 0.223254 2.671641 1.000000 -0.231263 0.142944 2.912801 1.000000 -0.285980 -0.407538 2.957668 1.000000 -0.311783 -0.804674 3.021190 1.000000 -0.344719 -0.860276 2.957013 1.000000 -0.091698 0.139377 2.932337 1.000000 -0.059185 -0.398190 2.966117 1.000000 -0.035090 -0.801206 3.025697 1.000000 -0.013970 -0.881171 2.987559 1.000000
1658522660 -0.163747 0.213095 2.925041 1.000000 -0.167419 0.283613 2.937835 1.000000 -0.174400 0.640495 2.926726 1.000000 -0.148872 0.809633 2.842804 1.000000 -0.326825 0.538418 2.920348 1.000000 -0.383402 0.307597 2.898719 1.000000 -0.249550 0.370825 2.721424 1.000000 -0.187616 0.393384 2.683308 1.000000 -0.008133 0.534414 2.956294 1.000000 0.036938 0.306569 2.900464 1.000000 -0.106194 0.240820 2.732262 1.000000 -0.153188 0.229779 2.673379 1.000000 -0.231365 0.142625 2.912933 1.000000 -0.285974 -0.407567 2.957912 1.000000 -0.311593 -0.806907 3.023501 1.000000 -0.345770 -0.858490 2.956680 1.000000 -0.091887 0.139154 2.932119 1.000000 -0.059317 -0.398526 2.966195 1.000000 -0.035089 -0.801178 3.025659 1.000000 -0.013012 -0.881339 2.988502 1.000000
1658555878 -0.163732 0.213177 2.925060 1.000000 -0.167428 0.283635 2.937878 1.000000 -0.174876 0.640099 2.927108 1.000000 -0.150388 0.809490 2.843369 1.000000 -0.327506 0.538495 2.920556 1.000000 -0.381944 0.306246 2.894930 1.000000 -0.247428 0.371701 2.719088 1.000000 -0.185796 0.396141 2.681658 1.000000 -0.008453 0.534630 2.956578 1.000000 0.037304 0.304432 2.898867 1.000000 -0.111837 0.244894 2.733889 1.000000 -0.170141 0.296913 2.666766 1.000000 -0.231294 0.142684 2.912820 1.000000 -0.285837 -0.404756 2.958216 1.000000 -0.312686 -0.805479 3.022017 1.000000 -0.343569 -0.859568 2.955579 1.000000 -0.091874 0.139201 2.932190 1.000000 -0.059370 -0.398559 2.966226 1.000000 -0.035192 -0.801032 3.025412 1.000000 -0.012912 -0.881547 2.989158 1.000000
1658588699 -0.163770 0.213219 2.925036 1.000000 -0.167476 0.283668 2.937914 1.000000 -0.175055 0.640176 2.927320 1.000000 -0.146809 0.812971 2.846612 1.000000 -0.327210 0.538969 2.920511 1.000000 -0.380980 0.307030 2.893537 1.000000 -0.246535 0.373540 2.718091 1.000000 -0.151645 0.402094 2.689986 1.000000 -0.008518 0.534611 2.956526 1.000000 0.037187 0.304693 2.898911 1.000000 -0.113698 0.243933 2.736191 1.000000 -0.171673 0.296262 2.669034 1.000000 -0.231295 0.142751 2.912772 1.000000 -0.286223 -0.405556 2.959387 1.000000 -0.312775 -0.806783 3.021776 1.000000 -0.338928 -0.857468 2.950783 1.000000 -0.092037 0.139376 2.932085 1.000000 -0.059372 -0.398672 2.966265 1.000000 -0.035197 -0.801027 3.025393 1.000000 -0.012904 -0.881543 2.989156 1.000000
1658622525 -0.163766 0.213269 2.925090 1.000000 -0.167460 0.283748 2.938108 1.000000 -0.175172 0.640642 2.927866 1.000000 -0.145391 0.816972 2.849164 1.000000 -0.326577 0.539918 2.921074 1.000000 -0.379543 0.307678 2.891875 1.000000 -0.246152 0.375248 2.716024 1.000000 -0.150472 0.402507 2.689370 1.000000 -0.008643 0.534454 2.956445 1.000000 0.036630 0.304888 2.899196 1.000000 -0.115496 0.241028 2.739082 1.000000 -0.173092 0.293682 2.671864 1.000000 -0.231163 0.142977 2.912919 1.000000 -0.286363 -0.406276 2.959605 1.000000 -0.312548 -0.807382 3.021634 1.000000 -0.344306 -0.860756 2.955038 1.000000 -0.092126 0.139500 2.932076 1.000000 -0.059517 -0.398885 2.966320 1.000000 -0.034645 -0.802142 3.029862 1.000000 -0.014805 -0.879889 2.986802 1.000000
1658665708 -0.163987 0.212529 2.925263 1.000000 -0.167861 0.282721 2.938551 1.000000 -0.176768 0.637640 2.928930 1.000000 -0.156777 0.792701 2.846075 1.000000 -0.328657 0.537249 2.920311 1.000000 -0.378132 0.305574 2.888350 1.000000 -0.245039 0.372943 2.712197 1.000000 -0.156987 0.407971 2.671866 1.000000 -0.009623 0.534553 2.956558 1.000000 0.034792 0.301615 2.900361 1.000000 -0.103702 0.379551 2.722216 1.000000 -0.149777 0.405479 2.667448 1.000000 -0.231295 0.141802 2.913177 1.000000 -0.286786 -0.406905 2.959556 1.000000 -0.312934 -0.809139 3.023649 1.000000 -0.343466 -0.859937 2.954517 1.000000 -0.092274 0.139073 2.932058 1.000000 -0.059571 -0.398888 2.966470 1.000000 -0.033738 -0.800196 3.027508 1.000000 -0.016104 -0.879948 2.987251 1.000000
1658698271 -0.164142 0.212561 2.925446 1.000000 -0.168145 0.282684 2.939118 1.000000 -0.177856 0.637472 2.930174 1.000000 -0.156643 0.795433 2.847776 1.000000 -0.329160 0.537346 2.920743 1.000000 -0.378243 0.304574 2.888540 1.000000 -0.245498 0.372212 2.712241 1.000000 -0.167566 0.372226 2.706309 1.000000 -0.010145 0.534565 2.956847 1.000000 0.035264 0.302370 2.902117 1.000000 -0.123560 0.246248 2.746054 1.000000 -0.183354 0.296277 2.678769 1.000000 -0.231334 0.141809 2.913193 1.000000 -0.286844 -0.407292 2.959924 1.000000 -0.312914 -0.809123 3.023617 1.000000 -0.340899 -0.859768 2.953307 1.000000 -0.092400 0.139083 2.932240 1.000000 -0.059571 -0.398888 2.966477 1.000000 -0.033844 -0.800202 3.027690 1.000000 -0.015651 -0.879726 2.987236 1.000000
1658729774 -0.164355 0.212941 2.925968 1.000000 -0.168504 0.282965 2.940087 1.000000 -0.178820 0.637424 2.931560 1.000000 -0.155532 0.800554 2.846535 1.000000 -0.330150 0.537627 2.921604 1.000000 -0.378144 0.304845 2.888479 1.000000 -0.207866 0.357874 2.731668 1.000000 -0.151215 0.375517 2.683995 1.000000 -0.011021 0.534502 2.957876 1.000000 0.034845 0.302288 2.904573 1.000000 -0.124419 0.238155 2.752466 1.000000 -0.176445 0.286605 2.677966 1.000000 -0.231343 0.141975 2.913236 1.000000 -0.286747 -0.407175 2.959997 1.000000 -0.313156 -0.809732 3.024670 1.000000 -0.334037 -0.858643 2.950760 1.000000 -0.092697 0.139376 2.933126 1.000000 -0.059594 -0.398890 2.966604 1.000000 -0.033850 -0.800054 3.027132 1.000000 -0.015608 -0.880126 2.987802 1.000000
1658771807 -0.164632 0.213318 2.926054 1.000000 -0.168822 0.283357 2.940348 1.000000 -0.179082 0.638008 2.931108 1.000000 -0.151289 0.813637 2.845198 1.000000 -0.329703 0.538310 2.921667 1.000000 -0.378071 0.304423 2.888807 1.000000 -0.209837 0.355473 2.728956 1.000000 -0.153860 0.372459 2.680268 1.000000 -0.011230 0.534810 2.958203 1.000000 0.034101 0.305054 2.909399 1.000000 -0.118162 0.231437 2.754204 1.000000 -0.169067 0.281426 2.679957 1.000000 -0.231442 0.142548 2.913318 1.000000 -0.286754 -0.407242 2.960201 1.000000 -0.312504 -0.811935 3.028807 1.000000 -0.332875 -0.855032 2.951229 1.000000 -0.093350 0.139972 2.933350 1.000000 -0.059608 -0.398751 2.966757 1.000000 -0.033846 -0.799904 3.027092 1.000000 -0.016155 -0.879625 2.986815 1.000000
1658805632 -0.164778 0.213662 2.926333 1.000000 -0.168920 0.283714 2.940747 1.000000 -0.179253 0.638467 2.930988 1.000000 -0.149288 0.814914 2.846024 1.000000 -0.329863 0.539083 2.923193 1.000000 -0.378050 0.305443 2.888653 1.000000 -0.210708 0.349925 2.725724 1.000000 -0.155022 0.364727 2.676008 1.000000 -0.011219 0.534775 2.958236 1.000000 0.033414 0.306595 2.911681 1.000000 -0.116550 0.228070 2.756703 1.000000 -0.186987 0.259691 2.688584 1.000000 -0.231509 0.142900 2.913575 1.000000 -0.286998 -0.407350 2.960273 1.000000 -0.312543 -0.812069 3.028784 1.000000 -0.334136 -0.855577 2.951772 1.000000 -0.093509 0.140164 2.933668 1.000000 -0.059595 -0.398759 2.966763 1.000000 -0.033865 -0.799979 3.027065 1.000000 -0.015279 -0.879097 2.986015 1.000000
1658838777 -0.165065 0.214637 2.926683 1.000000 -0.169222 0.284480 2.941046 1.000000 -0.179544 0.638623 2.930706 1.000000 -0.149645 0.815766 2.845745 1.000000 -0.329875 0.539110 2.923355 1.000000 -0.378202 0.306907 2.889181 1.000000 -0.211747 0.343421 2.723226 1.000000 -0.156345 0.355574 2.672493 1.000000 -0.011321 0.534871 2.958443 1.000000 0.032393 0.309047 2.914179 1.000000 -0.112620 0.223024 2.758436 1.000000 -0.182219 0.253507 2.688962 1.000000 -0.231533 0.143958 2.913530 1.000000 -0.287070 -0.405410 2.960844 1.000000 -0.312001 -0.806787 3.025122 1.000000 -0.335928 -0.858361 2.954009 1.000000 -0.093993 0.141008 2.934690 1.000000 -0.059645 -0.398740 2.966773 1.000000 -0.034056 -0.800111 3.026599 1.000000 -0.013511 -0.879882 2.987818 1.000000
1658882549 -0.165147 0.214990 2.927082 1.000000 -0.169336 0.284840 2.941527 1.000000 -0.179667 0.638892 2.930988 1.000000 -0.149363 0.815536 2.845944 1.000000 -0.329805 0.539233 2.924225 1.000000 -0.378322 0.306905 2.889335 1.000000 -0.211595 0.326073 2.720630 1.000000 -0.156093 0.332454 2.668970 1.000000 -0.011355 0.535111 2.959350 1.000000 0.032131 0.309753 2.915844 1.000000 -0.113191 0.230142 2.756758 1.000000 -0.182695 0.254326 2.684767 1.000000 -0.231499 0.144266 2.913780 1.000000 -0.287178 -0.405568 2.960865 1.000000 -0.312960 -0.806052 3.023372 1.000000 -0.340329 -0.857359 2.953321 1.000000 -0.094148 0.141326 2.935153 1.000000 -0.059687 -0.398749 2.966878 1.000000 -0.034070 -0.800055 3.026677 1.000000 -0.013678 -0.878555 2.985318 1.000000
1658915133 -0.165298 0.215155 2.927395 1.000000 -0.169472 0.284985 2.941777 1.000000 -0.179686 0.638914 2.930958 1.000000 -0.149552 0.815590 2.845948 1.000000 -0.330005 0.539511 2.924603 1.000000 -0.378338 0.306868 2.889449 1.000000 -0.216437 0.306616 2.714658 1.000000 -0.162530 0.306532 2.660963 1.000000 -0.011964 0.535662 2.959877 1.000000 0.032291 0.310375 2.918321 1.000000 -0.110255 0.235167 2.754268 1.000000 -0.174125 0.249440 2.674810 1.000000 -0.231548 0.144364 2.913927 1.000000 -0.287475 -0.405913 2.960895 1.000000 -0.313302 -0.808890 3.025810 1.000000 -0.341181 -0.855146 2.952522 1.000000 -0.094502 0.141614 2.935884 1.000000 -0.059738 -0.398562 2.966889 1.000000 -0.034163 -0.799437 3.025765 1.000000 -0.014633 -0.877541 2.983265 1.000000
1658946542 -0.165343 0.215295 2.927449 1.000000 -0.169540 0.285120 2.941834 1.000000 -0.179897 0.638999 2.930888 1.000000 -0.149619 0.815807 2.845433 1.000000 -0.330131 0.539392 2.924692 1.000000 -0.380691 0.311983 2.893998 1.000000 -0.223444 0.293410 2.715786 1.000000 -0.171079 0.287225 2.660944 1.000000 -0.011910 0.535662 2.959928 1.000000 0.033656 0.311450 2.925185 1.000000 -0.102816 0.232554 2.757472 1.000000 -0.165441 0.245196 2.676768 1.000000 -0.231539 0.144415 2.913916 1.000000 -0.287771 -0.406994 2.961571 1.000000 -0.313423 -0.809421 3.025873 1.000000 -0.343911 -0.857279 2.954690 1.000000 -0.094532 0.141666 2.935980 1.000000 -0.059778 -0.398154 2.967090 1.000000 -0.034114 -0.799395 3.025544 1.000000 -0.014723 -0.878001 2.983926 1.000000
1658988601 -0.165390 0.215273 2.927471 1.000000 -0.169552 0.285129 2.941797 1.000000 -0.179876 0.639014 2.930414 1.000000 -0.149402 0.816460 2.845271 1.000000 -0.329931 0.540122 2.925127 1.000000 -0.382503 0.315768 2.899739 1.000000 -0.229927 0.278255 2.720429 1.000000 -0.177513 0.265367 2.663478 1.000000 -0.011943 0.535722 2.959983 1.000000 0.033569 0.312345 2.927913 1.000000 -0.098735 0.227921 2.759535 1.000000 -0.159432 0.233484 2.676603 1.000000 -0.231470 0.144378 2.913832 1.000000 -0.288051 -0.409000 2.962755 1.000000 -0.313669 -0.809522 3.025573 1.000000 -0.336352 -0.855296 2.950232 1.000000 -0.095077 0.141529 2.936460 1.000000 -0.059752 -0.398280 2.967091 1.000000 -0.034106 -0.799448 3.025713 1.000000 -0.014363 -0.878468 2.985069 1.000000
1659022678 -0.165344 0.215263 2.927568 1.000000 -0.169525 0.285134 2.941851 1.000000 -0.179865 0.639056 2.930473 1.000000 -0.148093 0.821084 2.844582 1.000000 -0.329696 0.540729 2.925233 1.000000 -0.384615 0.318482 2.906461 1.000000 -0.239016 0.251263 2.730357 1.000000 -0.186802 0.227157 2.672055 1.000000 -0.011948 0.536100 2.960298 1.000000 0.032824 0.312754 2.929593 1.000000 -0.097134 0.258795 2.736209 1.000000 -0.140421 0.240821 2.676300 1.000000 -0.231101 0.144343 2.913750 1.000000 -0.288179 -0.408898 2.962780 1.000000 -0.313691 -0.809776 3.025494 1.000000 -0.335409 -0.854410 2.949199 1.000000 -0.095187 0.141496 2.936846 1.000000 -0.059754 -0.398103 2.967428 1.000000 -0.034175 -0.799537 3.025171 1.000000 -0.013057 -0.878824 2.985770 1.000000
1659055724 -0.165264 0.215342 2.927869 1.000000 -0.169483 0.285226 2.941998 1.000000 -0.179961 0.639135 2.930447 1.000000 -0.148202 0.821450 2.844922 1.000000 -0.330093 0.541232 2.925562 1.000000 -0.384410 0.316875 2.909089 1.000000 -0.357177 0.138708 2.768673 1.000000 -0.282560 0.129105 2.698465 1.000000 -0.012081 0.536359 2.960546 1.000000 0.032229 0.313129 2.931315 1.000000 -0.041311 0.146074 2.794214 1.000000 -0.132447 0.209080 2.683892 1.000000 -0.231089 0.144361 2.913779 1.000000 -0.288136 -0.408099 2.962825 1.000000 -0.312638 -0.811219 3.028222 1.000000 -0.339797 -0.857519 2.954721 1.000000 -0.094711 0.141410 2.937868 1.000000 -0.059831 -0.398042 2.967412 1.000000 -0.034218 -0.799583 3.025146 1.000000 -0.013222 -0.879227 2.986418 1.000000
1659099427 -0.165287 0.215257 2.928075 1.000000 -0.169546 0.285140 2.942178 1.000000 -0.180209 0.639050 2.930750 1.000000 -0.148257 0.821359 2.845427 1.000000 -0.330400 0.541389 2.925780 1.000000 -0.384514 0.313327 2.911403 1.000000 -0.355239 0.136844 2.769146 1.000000 -0.187134 0.145996 2.653508 1.000000 -0.012206 0.536291 2.960979 1.000000 0.031833 0.311125 2.931192 1.000000 -0.031458 0.131130 2.807344 1.000000 -0.044040 0.060772 2.781355 1.000000 -0.231259 0.144082 2.913846 1.000000 -0.288577 -0.407961 2.963054 1.000000 -0.313462 -0.810202 3.027176 1.000000 -0.342154 -0.856422 2.954214 1.000000 -0.094474 0.141350 2.938212 1.000000 -0.059963 -0.397846 2.967233 1.000000 -0.034296 -0.799222 3.025087 1.000000 -0.012821 -0.878719 2.986332 1.000000
1659132004 -0.165332 0.215159 2.928139 1.000000 -0.169553 0.285080 2.942173 1.000000 -0.180233 0.639053 2.930729 1.000000 -0.148243 0.821392 2.845482 1.000000 -0.329922 0.542338 2.926833 1.000000 -0.384116 0.311759 2.911716 1.000000 -0.348492 0.136800 2.769019 1.000000 -0.279190 0.099606 2.702689 1.000000 -0.012403 0.536368 2.961361 1.000000 0.030578 0.306309 2.934383 1.000000 -0.020890 0.128893 2.800693 1.000000 -0.064778 0.076401 2.723854 1.000000 -0.231452 0.143974 2.913877 1.000000 -0.288592 -0.408093 2.963175 1.000000 -0.313950 -0.810928 3.027955 1.000000 -0.337994 -0.855316 2.952233 1.000000 -0.094424 0.141335 2.938271 1.000000 -0.059985 -0.397734 2.967223 1.000000 -0.034329 -0.799196 3.025306 1.000000 -0.013088 -0.878464 2.985964 1.000000
1659163541 -0.165332 0.215014 2.927939 1.000000 -0.169522 0.284965 2.941886 1.000000 -0.180132 0.638968 2.930265 1.000000 -0.147961 0.822947 2.845743 1.000000 -0.329834 0.542347 2.927039 1.000000 -0.382486 0.306031 2.911529 1.000000 -0.345240 0.125065 2.777918 1.000000 -0.277808 0.072309 2.720870 1.000000 -0.012438 0.536306 2.961250 1.000000 0.030282 0.305800 2.934901 1.000000 -0.014385 0.122436 2.807625 1.000000 -0.055279 0.060956 2.735984 1.000000 -0.231902 0.143745 2.913265 1.000000 -0.288388 -0.407166 2.963166 1.000000 -0.313715 -0.810937 3.027647 1.000000 -0.334505 -0.853381 2.949876 1.000000 -0.094124 0.141183 2.938139 1.000000 -0.060012 -0.397545 2.967072 1.000000 -0.034362 -0.799072 3.025115 1.000000 -0.014016 -0.879074 2.986806 1.000000
1659205741 -0.165463 0.214932 2.927881 1.000000 -0.169625 0.284907 2.941808 1.000000 -0.180198 0.638976 2.930334 1.000000 -0.148007 0.823108 2.845697 1.000000 -0.329760 0.542617 2.927108 1.000000 -0.380813 0.297002 2.908809 1.000000 -0.350444 0.104288 2.792863 1.000000 -0.298735 0.037254 2.734412 1.000000 -0.012383 0.536159 2.961244 1.000000 0.023858 0.297081 2.933854 1.000000 -0.011581 0.110347 2.808859 1.000000 -0.041417 0.034897 2.745605 1.000000 -0.232795 0.143756 2.912767 1.000000 -0.288479 -0.406881 2.962772 1.000000 -0.314379 -0.810437 3.026870 1.000000 -0.333274 -0.853138 2.948758 1.000000 -0.093994 0.140956 2.938117 1.000000 -0.059983 -0.397427 2.966954 1.000000 -0.034421 -0.799058 3.024967 1.000000 -0.015537 -0.880581 2.989197 1.000000
1659239608 -0.165864 0.214551 2.927569 1.000000 -0.169864 0.284691 2.941634 1.000000 -0.180089 0.639111 2.930429 1.000000 -0.147826 0.823423 2.845546 1.000000 -0.329492 0.542521 2.927349 1.000000 -0.379797 0.293691 2.908916 1.000000 -0.355950 0.095716 2.801663 1.000000 -0.327863 0.013812 2.746112 1.000000 -0.012393 0.535728 2.961662 1.000000 0.022923 0.291013 2.933434 1.000000 -0.007023 0.098278 2.817421 1.000000 -0.034742 0.016156 2.762006 1.000000 -0.233928 0.143779 2.912101 1.000000 -0.288581 -0.407261 2.962988 1.000000 -0.314577 -0.808787 3.024360 1.000000 -0.338632 -0.856667 2.950801 1.000000 -0.094134 0.140290 2.937698 1.000000 -0.060467 -0.398433 2.966667 1.000000 -0.034277 -0.801965 3.026896 1.000000 -0.020703 -0.880758 2.983426 1.000000
1659272396 -0.166331 0.214237 2.927548 1.000000 -0.170128 0.284479 2.941563 1.000000 -0.179874 0.639078 2.930241 1.000000 -0.147488 0.823117 2.846050 1.000000 -0.329571 0.542697 2.927537 1.000000 -0.379489 0.290050 2.908468 1.000000 -0.362452 0.086683 2.811888 1.000000 -0.335815 0.005265 2.754931 1.000000 -0.012250 0.535576 2.961479 1.000000 0.023656 0.281103 2.933959 1.000000 0.001032 0.081425 2.830081 1.000000 -0.017009 -0.011969 2.790905 1.000000 -0.235159 0.143650 2.912242 1.000000 -0.288632 -0.406869 2.962587 1.000000 -0.315682 -0.806447 3.020962 1.000000 -0.338062 -0.858052 2.949419 1.000000 -0.094429 0.139516 2.937599 1.000000 -0.060721 -0.398843 2.966269 1.000000 -0.034418 -0.803819 3.027179 1.000000 -0.023198 -0.883280 2.984254 1.000000
1659316065 -0.167131 0.213847 2.927554 1.000000 -0.170751 0.284211 2.941348 1.000000 -0.180004 0.639088 2.929464 1.000000 -0.146951 0.823372 2.845932 1.000000 -0.329649 0.542591 2.927686 1.000000 -0.380252 0.285047 2.909982 1.000000 -0.364946 0.078775 2.820529 1.000000 -0.351662 -0.018577 2.790059 1.000000 -0.012139 0.535404 2.961314 1.000000 0.023449 0.276600 2.934154 1.000000 0.008538 0.071510 2.841487 1.000000 -0.008000 -0.023013 2.804420 1.000000 -0.236732 0.143264 2.912564 1.000000 -0.288420 -0.407047 2.962476 1.000000 -0.315265 -0.804915 3.020145 1.000000 -0.338408 -0.858619 2.950410 1.000000 -0.094816 0.139036 2.937617 1.000000 -0.060760 -0.398897 2.966059 1.000000 -0.034383 -0.802979 3.027078 1.000000 -0.023286 -0.883205 2.985565 1.000000
1659348507 -0.167590 0.213549 2.927618 1.000000 -0.170977 0.284076 2.941257 1.000000 -0.179569 0.639406 2.929304 1.000000 -0.146647 0.822960 2.846035 1.000000 -0.329775 0.542534 2.927701 1.000000 -0.381258 0.279220 2.912510 1.000000 -0.376788 0.065302 2.846350 1.000000 -0.360280 -0.027666 2.805530 1.000000 -0.012091 0.535415 2.961214 1.000000 0.024234 0.271810 2.934296 1.000000 0.019731 0.061338 2.855715 1.000000 0.004146 -0.035178 2.823721 1.000000 -0.237685 0.142951 2.912929 1.000000 -0.288429 -0.407176 2.962404 1.000000 -0.315462 -0.805119 3.020176 1.000000 -0.341779 -0.860709 2.953091 1.000000 -0.095190 0.138591 2.937523 1.000000 -0.060722 -0.399063 2.965840 1.000000 -0.034587 -0.802457 3.026783 1.000000 -0.022410 -0.883346 2.986885 1.000000
1659379828 -0.168106 0.213005 2.927897 1.000000 -0.171331 0.283697 2.941300 1.000000 -0.179524 0.639415 2.929256 1.000000 -0.147067 0.822850 2.846030 1.000000 -0.329983 0.542326 2.927886 1.000000 -0.384675 0.274080 2.919533 1.000000 -0.379989 0.059839 2.854668 1.000000 -0.367807 -0.035493 2.817991 1.000000 -0.012187 0.535247 2.961212 1.000000 0.025857 0.266782 2.938774 1.000000 0.023180 0.054811 2.865098 1.000000 0.009196 -0.041996 2.833246 1.000000 -0.238170 0.142702 2.913281 1.000000 -0.288148 -0.405694 2.961831 1.000000 -0.315407 -0.803575 3.021416 1.000000 -0.339081 -0.856332 2.951130 1.000000 -0.095790 0.137663 2.937855 1.000000 -0.060906 -0.400402 2.964561 1.000000 -0.034809 -0.803808 3.027046 1.000000 -0.025779 -0.883786 2.984551 1.000000
1659422551 -0.168937 0.212705 2.928256 1.000000 -0.171834 0.283492 2.941477 1.000000 -0.179099 0.639487 2.929518 1.000000 -0.146768 0.822649 2.846776 1.000000 -0.330287 0.541863 2.928107 1.000000 -0.385668 0.270979 2.923849 1.000000 -0.383322 0.054946 2.866875 1.000000 -0.373084 -0.045050 2.845025 1.000000 -0.012155 0.535222 2.961123 1.000000 0.026222 0.265613 2.940869 1.000000 0.028203 0.052295 2.872070 1.000000 0.018417 -0.046167 2.843950 1.000000 -0.239557 0.142353 2.913616 1.000000 -0.288242 -0.405824 2.961792 1.000000 -0.315655 -0.803585 3.021495 1.000000 -0.338229 -0.856273 2.950792 1.000000 -0.096632 0.137172 2.938262 1.000000 -0.060842 -0.400459 2.964494 1.000000 -0.035387 -0.802283 3.027285 1.000000 -0.022631 -0.883276 2.987765 1.000000
1659455749 -0.169082 0.212735 2.928386 1.000000 -0.171976 0.283510 2.941639 1.000000 -0.178820 0.639855 2.930401 1.000000 -0.146154 0.824668 2.848993 1.000000 -0.330479 0.541639 2.928471 1.000000 -0.385993 0.268263 2.927786 1.000000 -0.387067 0.050296 2.881683 1.000000 -0.375800 -0.047995 2.853517 1.000000 -0.011876 0.535067 2.961522 1.000000 0.027402 0.260716 2.944111 1.000000 0.037389 0.046638 2.879175 1.000000 0.024071 -0.051004 2.849683 1.000000 -0.239694 0.142339 2.913661 1.000000 -0.288028 -0.406174 2.961735 1.000000 -0.317637 -0.805243 3.022665 1.000000 -0.338814 -0.858310 2.951810 1.000000 -0.096712 0.137159 2.938328 1.000000 -0.060730 -0.400418 2.964247 1.000000 -0.035425 -0.802096 3.027230 1.000000 -0.019655 -0.883125 2.988879 1.000000
1659489619 -0.169283 0.212590 2.928497 1.000000 -0.172056 0.283454 2.941629 1.000000 -0.178620 0.640149 2.930178 1.000000 -0.146361 0.825080 2.847945 1.000000 -0.330747 0.541566 2.929098 1.000000 -0.386397 0.265683 2.932650 1.000000 -0.392531 0.046528 2.896430 1.000000 -0.380764 -0.050431 2.864154 1.000000 -0.011964 0.534640 2.961293 1.000000 0.028340 0.257277 2.947190 1.000000 0.044662 0.041551 2.891509 1.000000 0.033017 -0.057119 2.864864 1.000000 -0.239924 0.142196 2.913869 1.000000 -0.288080 -0.406625 2.961681 1.000000 -0.317539 -0.805323 3.022767 1.000000 -0.346970 -0.861004 2.957047 1.000000 -0.096924 0.136998 2.938429 1.000000 -0.060693 -0.400369 2.964049 1.000000 -0.036066 -0.800657 3.023774 1.000000 -0.017375 -0.883507 2.991026 1.000000
1659532874 -0.169641 0.212428 2.928715 1.000000 -0.172271 0.283296 2.941820 1.000000 -0.178319 0.640053 2.930534 1.000000 -0.145838 0.825502 2.848176 1.000000 -0.330925 0.541560 2.929575 1.000000 -0.386646 0.265380 2.935428 1.000000 -0.397409 0.045867 2.904845 1.000000 -0.390381 -0.027802 2.887881 1.000000 -0.011723 0.534324 2.960855 1.000000 0.029881 0.250167 2.950778 1.000000 0.049523 0.013880 2.905146 1.000000 0.037538 -0.083244 2.873430 1.000000 -0.240574 0.142023 2.914618 1.000000 -0.288115 -0.406564 2.961921 1.000000 -0.317480 -0.806018 3.023589 1.000000 -0.342562 -0.861803 2.956169 1.000000 -0.097298 0.136756 2.938269 1.000000 -0.060664 -0.400158 2.963822 1.000000 -0.036035 -0.800610 3.023798 1.000000 -0.017324 -0.883488 2.991120 1.000000
1659565545 -0.169664 0.212338 2.928824 1.000000 -0.172251 0.283196 2.941948 1.000000 -0.177479 0.640065 2.930989 1.000000 -0.146323 0.826593 2.847987 1.000000 -0.330938 0.541071 2.929610 1.000000 -0.387387 0.264659 2.938879 1.000000 -0.392578 -0.009552 2.917179 1.000000 -0.383692 -0.105375 2.880767 1.000000 -0.011724 0.534315 2.960861 1.000000 0.030639 0.248603 2.951853 1.000000 0.050037 0.010406 2.912282 1.000000 0.047536 -0.089599 2.894055 1.000000 -0.240580 0.142004 2.914611 1.000000 -0.287886 -0.403986 2.962195 1.000000 -0.317033 -0.804235 3.022073 1.000000 -0.341112 -0.863519 2.957312 1.000000 -0.097408 0.136536 2.938564 1.000000 -0.060618 -0.400171 2.963675 1.000000 -0.035891 -0.800568 3.024660 1.000000 -0.017770 -0.882910 2.990310 1.000000
1659597133 -0.169976 0.212143 2.929166 1.000000 -0.172359 0.283048 2.942184 1.000000 -0.176751 0.639954 2.931097 1.000000 -0.146511 0.826786 2.848233 1.000000 -0.331207 0.541063 2.930413 1.000000 -0.387617 0.263031 2.942733 1.000000 -0.396973 0.042511 2.930851 1.000000 -0.388086 -0.053321 2.894436 1.000000 -0.011671 0.534234 2.960778 1.000000 0.030758 0.247763 2.952468 1.000000 0.054871 -0.043762 2.911319 1.000000 0.057350 -0.123591 2.903827 1.000000 -0.241098 0.141714 2.915214 1.000000 -0.287920 -0.405397 2.962023 1.000000 -0.316067 -0.805807 3.022950 1.000000 -0.346200 -0.859538 2.955903 1.000000 -0.097813 0.136320 2.938780 1.000000 -0.060615 -0.400103 2.963272 1.000000 -0.035837 -0.800622 3.024945 1.000000 -0.015604 -0.880011 2.985216 1.000000
1659638758 -0.170068 0.212092 2.929372 1.000000 -0.172316 0.282986 2.942333 1.000000 -0.176500 0.639819 2.931157 1.000000 -0.145907 0.827854 2.848829 1.000000 -0.331500 0.541054 2.932156 1.000000 -0.387503 0.261988 2.946445 1.000000 -0.394468 0.019297 2.929515 1.000000 -0.385580 -0.076544 2.893097 1.000000 -0.011523 0.534055 2.960667 1.000000 0.030845 0.247144 2.953262 1.000000 0.053303 -0.041904 2.914703 1.000000 0.057675 -0.124908 2.905337 1.000000 -0.241250 0.141564 2.915581 1.000000 -0.287893 -0.405432 2.961996 1.000000 -0.316015 -0.806572 3.023414 1.000000 -0.347669 -0.859795 2.956650 1.000000 -0.097879 0.136291 2.938870 1.000000 -0.060685 -0.399902 2.962895 1.000000 -0.035910 -0.800749 3.025212 1.000000 -0.012837 -0.879927 2.986602 1.000000
1659672475 -0.170136 0.212038 2.929733 1.000000 -0.172289 0.282866 2.942738 1.000000 -0.176133 0.639430 2.931739 1.000000 -0.145995 0.827375 2.849884 1.000000 -0.332334 0.540405 2.933572 1.000000 -0.387594 0.261168 2.948459 1.000000 -0.403602 0.041257 2.939848 1.000000 -0.394714 -0.054595 2.903426 1.000000 -0.011332 0.533752 2.960894 1.000000 0.031022 0.247480 2.954819 1.000000 0.053052 -0.041203 2.917786 1.000000 0.058611 -0.126733 2.909567 1.000000 -0.241424 0.141386 2.916027 1.000000 -0.287694 -0.405279 2.962079 1.000000 -0.315930 -0.806430 3.022924 1.000000 -0.342732 -0.861952 2.955901 1.000000 -0.097873 0.136191 2.939046 1.000000 -0.060717 -0.399558 2.962525 1.000000 -0.035918 -0.800669 3.025181 1.000000 -0.012676 -0.879923 2.986815 1.000000
1659705666 -0.170136 0.211801 2.929982 1.000000 -0.172217 0.282685 2.943030 1.000000 -0.175360 0.639814 2.932323 1.000000 -0.146835 0.826666 2.851132 1.000000 -0.332329 0.540287 2.933936 1.000000 -0.387758 0.259011 2.951674 1.000000 -0.393517 0.015533 2.936913 1.000000 -0.384628 -0.080328 2.900487 1.000000 -0.011254 0.533498 2.960915 1.000000 0.031144 0.247296 2.955862 1.000000 0.052908 -0.039979 2.919176 1.000000 0.059277 -0.124578 2.911404 1.000000 -0.241431 0.141103 2.916308 1.000000 -0.287380 -0.406402 2.962240 1.000000 -0.315839 -0.806539 3.022528 1.000000 -0.346756 -0.862948 2.958051 1.000000 -0.097914 0.136039 2.939147 1.000000 -0.060647 -0.399596 2.962466 1.000000 -0.035859 -0.800744 3.025240 1.000000 -0.012952 -0.880335 2.987352 1.000000
1659749716 -0.170508 0.211538 2.930420 1.000000 -0.172514 0.282349 2.943591 1.000000 -0.175251 0.639259 2.933061 1.000000 -0.148016 0.824781 2.851703 1.000000 -0.333153 0.539850 2.934871 1.000000 -0.387067 0.258707 2.952292 1.000000 -0.392487 0.013931 2.937663 1.000000 -0.383599 -0.081921 2.901240 1.000000 -0.011515 0.533566 2.961330 1.000000 0.031354 0.246388 2.956873 1.000000 0.052277 0.018295 2.932806 1.000000 0.047436 -0.057545 2.929325 1.000000 -0.242052 0.140684 2.917182 1.000000 -0.287208 -0.406749 2.961942 1.000000 -0.315036 -0.804920 3.024275 1.000000 -0.347092 -0.860792 2.959886 1.000000 -0.098142 0.135893 2.939189 1.000000 -0.060785 -0.400016 2.962122 1.000000 -0.035859 -0.800735 3.025226 1.000000 -0.011517 -0.879574 2.986660 1.000000
1659782185 -0.170527 0.211517 2.930533 1.000000 -0.172492 0.282346 2.943796 1.000000 -0.174574 0.639778 2.933433 1.000000 -0.148180 0.824772 2.852441 1.000000 -0.332925 0.539826 2.935103 1.000000 -0.386396 0.259568 2.952894 1.000000 -0.393669 0.014065 2.938500 1.000000 -0.384781 -0.081779 2.902081 1.000000 -0.011520 0.533642 2.961417 1.000000 0.031301 0.246268 2.957406 1.000000 0.052549 0.018567 2.932038 1.000000 0.044337 -0.056801 2.925833 1.000000 -0.242046 0.140728 2.917218 1.000000 -0.286855 -0.406549 2.961397 1.000000 -0.314919 -0.805510 3.023471 1.000000 -0.339602 -0.860348 2.955067 1.000000 -0.098275 0.135830 2.939358 1.000000 -0.060828 -0.399979 2.961946 1.000000 -0.035801 -0.800700 3.025197 1.000000 -0.012328 -0.879086 2.985195 1.000000
1659813496 -0.170536 0.211265 2.930852 1.000000 -0.172402 0.282069 2.944329 1.000000 -0.174347 0.639632 2.934257 1.000000 -0.153017 0.820638 2.853278 1.000000 -0.333256 0.539233 2.936675 1.000000 -0.386011 0.257604 2.953553 1.000000 -0.393936 0.013322 2.938271 1.000000 -0.385048 -0.082514 2.901855 1.000000 -0.011502 0.533598 2.961410 1.000000 0.031460 0.245490 2.958059 1.000000 0.052663 0.018253 2.931939 1.000000 0.043847 -0.057002 2.925295 1.000000 -0.242092 0.140348 2.917762 1.000000 -0.286749 -0.406608 2.961038 1.000000 -0.313277 -0.802863 3.023719 1.000000 -0.336694 -0.856158 2.953668 1.000000 -0.098263 0.135709 2.939375 1.000000 -0.060861 -0.399904 2.961915 1.000000 -0.035822 -0.800372 3.023701 1.000000 -0.011131 -0.879421 2.985787 1.000000
1659856741 -0.170805 0.211418 2.931118 1.000000 -0.172571 0.282162 2.944694 1.000000 -0.174145 0.639550 2.934557 1.000000 -0.152890 0.820992 2.853323 1.000000 -0.333071 0.539373 2.937212 1.000000 -0.385664 0.257739 2.953793 1.000000 -0.393971 0.013579 2.938703 1.000000 -0.385081 -0.082281 2.902277 1.000000 -0.011180 0.533460 2.961781 1.000000 0.031515 0.245715 2.958203 1.000000 0.052061 -0.001142 2.931262 1.000000 0.059082 -0.102955 2.917851 1.000000 -0.242479 0.140534 2.917876 1.000000 -0.286733 -0.406655 2.960959 1.000000 -0.313667 -0.803047 3.023991 1.000000 -0.341452 -0.857294 2.956300 1.000000 -0.098543 0.135766 2.939662 1.000000 -0.060760 -0.400068 2.961714 1.000000 -0.035941 -0.800580 3.023136 1.000000 -0.009103 -0.880359 2.988325 1.000000
1659889780 -0.170819 0.211522 2.931414 1.000000 -0.172533 0.282220 2.945431 1.000000 -0.173055 0.639775 2.936452 1.000000 -0.152128 0.822873 2.853420 1.000000 -0.333087 0.539346 2.937607 1.000000 -0.385506 0.258627 2.954112 1.000000 -0.399210 0.038355 2.943633 1.000000 -0.390318 -0.057530 2.907199 1.000000 -0.010753 0.533366 2.962443 1.000000 0.032471 0.246695 2.959267 1.000000 0.052316 -0.006613 2.926679 1.000000 0.058140 -0.108698 2.914632 1.000000 -0.242531 0.140580 2.917939 1.000000 -0.286688 -0.406692 2.960967 1.000000 -0.313919 -0.805844 3.025064 1.000000 -0.343194 -0.856029 2.954908 1.000000 -0.098569 0.135764 2.939846 1.000000 -0.060802 -0.400112 2.961578 1.000000 -0.036065 -0.800383 3.023725 1.000000 -0.008209 -0.880356 2.990174 1.000000
1659922515 -0.170978 0.211443 2.931462 1.000000 -0.172637 0.282159 2.945716 1.000000 -0.173013 0.639788 2.936499 1.000000 -0.152754 0.823613 2.851778 1.000000 -0.332866 0.539361 2.937760 1.000000 -0.385299 0.258669 2.954115 1.000000 -0.400497 0.038448 2.939964 1.000000 -0.391603 -0.057461 2.903521 1.000000 -0.010759 0.533362 2.962410 1.000000 0.032542 0.246830 2.959197 1.000000 0.052405 -0.006565 2.927042 1.000000 0.056638 -0.108471 2.912794 1.000000 -0.242661 0.140582 2.917845 1.000000 -0.286620 -0.406733 2.961082 1.000000 -0.314133 -0.804660 3.024303 1.000000 -0.343293 -0.856293 2.955152 1.000000 -0.098947 0.135610 2.940019 1.000000 -0.060772 -0.400309 2.961408 1.000000 -0.036101 -0.800411 3.023749 1.000000 -0.007995 -0.880169 2.989883 1.000000
1659966668 -0.170937 0.211579 2.931658 1.000000 -0.172616 0.282295 2.946163 1.000000 -0.173019 0.639969 2.936751 1.000000 -0.151200 0.824682 2.851983 1.000000 -0.332476 0.539907 2.937991 1.000000 -0.385318 0.258881 2.954476 1.000000 -0.402036 0.038746 2.939511 1.000000 -0.387260 -0.029333 2.914003 1.000000 -0.010415 0.533588 2.962675 1.000000 0.033025 0.247361 2.958801 1.000000 0.052604 -0.007435 2.926762 1.000000 0.058341 -0.109049 2.910960 1.000000 -0.242581 0.140794 2.917950 1.000000 -0.286620 -0.407072 2.960921 1.000000 -0.314598 -0.805573 3.024326 1.000000 -0.342419 -0.856714 2.954259 1.000000 -0.098911 0.135655 2.940176 1.000000 -0.060819 -0.400802 2.961181 1.000000 -0.035806 -0.804122 3.027900 1.000000 -0.012561 -0.879608 2.982509 1.000000
1659999253 -0.170882 0.211581 2.931698 1.000000 -0.172481 0.282342 2.946388 1.000000 -0.171841 0.640737 2.936589 1.000000 -0.147849 0.827217 2.855098 1.000000 -0.332095 0.540023 2.938376 1.000000 -0.385388 0.258590 2.954451 1.000000 -0.391782 0.010650 2.931446 1.000000 -0.374023 -0.077579 2.909370 1.000000 -0.010426 0.533593 2.962792 1.000000 0.033367 0.248350 2.958977 1.000000 0.053377 -0.010776 2.925205 1.000000 0.058357 -0.112649 2.910795 1.000000 -0.242480 0.140868 2.918087 1.000000 -0.286683 -0.407252 2.960609 1.000000 -0.314131 -0.806295 3.022940 1.000000 -0.346960 -0.857977 2.955473 1.000000 -0.098916 0.135684 2.940166 1.000000 -0.060820 -0.400815 2.961104 1.000000 -0.035807 -0.804109 3.027855 1.000000 -0.012036 -0.880335 2.983980 1.000000
1660030805 -0.170860 0.211779 2.932114 1.000000 -0.172464 0.282523 2.947019 1.000000 -0.171882 0.640826 2.937109 1.000000 -0.147276 0.827334 2.855686 1.000000 -0.331850 0.540224 2.938484 1.000000 -0.385447 0.258826 2.954430 1.000000 -0.404833 0.038850 2.940588 1.000000 -0.385742 -0.023651 2.919136 1.000000 -0.010454 0.533682 2.962808 1.000000 0.033549 0.249729 2.958823 1.000000 0.052850 -0.028026 2.921601 1.000000 0.057945 -0.122651 2.909649 1.000000 -0.242365 0.141247 2.918267 1.000000 -0.286397 -0.406507 2.960681 1.000000 -0.314611 -0.806722 3.022891 1.000000 -0.342391 -0.858253 2.953078 1.000000 -0.098984 0.135846 2.940767 1.000000 -0.060822 -0.400811 2.961105 1.000000 -0.035799 -0.803423 3.027684 1.000000 -0.011051 -0.879422 2.983949 1.000000
1660072602 -0.170878 0.211725 2.932151 1.000000 -0.172444 0.282468 2.947208 1.000000 -0.171986 0.640793 2.937140 1.000000 -0.147174 0.827193 2.855691 1.000000 -0.331841 0.540058 2.939497 1.000000 -0.385605 0.259092 2.954409 1.000000 -0.404695 0.039067 2.939629 1.000000 -0.385599 -0.023020 2.918277 1.000000 -0.010425 0.533682 2.962816 1.000000 0.033713 0.249687 2.958628 1.000000 0.053745 -0.032804 2.919530 1.000000 0.058766 -0.121843 2.908039 1.000000 -0.242382 0.141217 2.918297 1.000000 -0.286330 -0.406899 2.960726 1.000000 -0.314792 -0.807456 3.022297 1.000000 -0.339290 -0.858142 2.950655 1.000000 -0.098978 0.135759 2.940768 1.000000 -0.060817 -0.400804 2.961035 1.000000 -0.035979 -0.802956 3.027555 1.000000 -0.011056 -0.877564 2.981574 1.000000
1660105728 -0.170886 0.211733 2.932277 1.000000 -0.172471 0.282433 2.947630 1.000000 -0.172051 0.640708 2.937982 1.000000 -0.147379 0.826342 2.855832 1.000000 -0.331839 0.540124 2.939418 1.000000 -0.385669 0.259135 2.954489 1.000000 -0.400428 0.038905 2.932595 1.000000 -0.388472 -0.022996 2.913254 1.000000 -0.010440 0.533659 2.962825 1.000000 0.033792 0.249804 2.958461 1.000000 0.053733 -0.026204 2.920098 1.000000 0.057804 -0.121578 2.905694 1.000000 -0.242379 0.141229 2.918293 1.000000 -0.285653 -0.405005 2.960818 1.000000 -0.314923 -0.805385 3.021940 1.000000 -0.338745 -0.857878 2.951375 1.000000 -0.098999 0.135738 2.940932 1.000000 -0.060889 -0.400872 2.960940 1.000000 -0.036002 -0.802113 3.026795 1.000000 -0.011251 -0.876528 2.980402 1.000000
1660138682 -0.170950 0.211350 2.932435 1.000000 -0.172528 0.282130 2.947924 1.000000 -0.172033 0.640656 2.937975 1.000000 -0.147188 0.826595 2.855558 1.000000 -0.331553 0.540117 2.939603 1.000000 -0.385787 0.259700 2.954233 1.000000 -0.385498 0.001440 2.903512 1.000000 -0.379813 -0.068429 2.873849 1.000000 -0.010289 0.533415 2.963253 1.000000 0.033771 0.249811 2.958514 1.000000 0.053921 -0.031408 2.917797 1.000000 0.054805 -0.106685 2.906545 1.000000 -0.242406 0.140863 2.918487 1.000000 -0.285969 -0.410276 2.961575 1.000000 -0.315867 -0.806511 3.022762 1.000000 -0.338687 -0.859768 2.952431 1.000000 -0.099108 0.135516 2.940991 1.000000 -0.060934 -0.401775 2.961554 1.000000 -0.036165 -0.804199 3.027539 1.000000 -0.013538 -0.877706 2.978672 1.000000
1660182807 -0.171071 0.211117 2.932673 1.000000 -0.172745 0.281679 2.948712 1.000000 -0.172719 0.639428 2.940143 1.000000 -0.160571 0.807939 2.856358 1.000000 -0.332551 0.538886 2.939620 1.000000 -0.385848 0.259857 2.953881 1.000000 -0.385267 0.000856 2.898590 1.000000 -0.379092 -0.070345 2.872453 1.000000 -0.010515 0.533143 2.963642 1.000000 0.033662 0.249564 2.958629 1.000000 0.053911 -0.024931 2.915391 1.000000 0.043333 -0.096797 2.892717 1.000000 -0.242629 0.140486 2.918630 1.000000 -0.285614 -0.404649 2.962099 1.000000 -0.315977 -0.805951 3.022736 1.000000 -0.330175 -0.855254 2.947426 1.000000 -0.099109 0.135367 2.941027 1.000000 -0.060966 -0.401400 2.961522 1.000000 -0.035949 -0.803164 3.024976 1.000000 -0.012613 -0.879118 2.980361 1.000000
1660214121 -0.170509 0.211034 2.932912 1.000000 -0.172100 0.281551 2.949381 1.000000 -0.171494 0.639304 2.940713 1.000000 -0.153983 0.811181 2.853814 1.000000 -0.332442 0.538896 2.939518 1.000000 -0.385761 0.260226 2.953506 1.000000 -0.388086 0.044860 2.890628 1.000000 -0.378200 -0.054983 2.867531 1.000000 -0.010450 0.533167 2.963705 1.000000 0.033655 0.249533 2.958676 1.000000 0.055177 0.031686 2.915102 1.000000 0.046385 -0.069304 2.897118 1.000000 -0.242104 0.140375 2.918600 1.000000 -0.285562 -0.404776 2.962157 1.000000 -0.316926 -0.805180 3.026536 1.000000 -0.331813 -0.854166 2.951146 1.000000 -0.098650 0.135287 2.941303 1.000000 -0.060951 -0.401178 2.961351 1.000000 -0.036022 -0.802762 3.025110 1.000000 -0.012899 -0.879229 2.981259 1.000000
1660255454 -0.170023 0.210500 2.933201 1.000000 -0.171821 0.280953 2.950182 1.000000 -0.172205 0.638481 2.941946 1.000000 -0.155440 0.804872 2.854519 1.000000 -0.332612 0.538484 2.939109 1.000000 -0.386067 0.260813 2.952774 1.000000 -0.385745 0.046818 2.884099 1.000000 -0.369587 -0.049001 2.850083 1.000000 -0.010687 0.533050 2.963499 1.000000 0.033536 0.249600 2.958751 1.000000 0.053894 0.031940 2.912906 1.000000 0.043911 -0.067912 2.889893 1.000000 -0.241312 0.139521 2.918519 1.000000 -0.285584 -0.404789 2.962131 1.000000 -0.316369 -0.804369 3.027108 1.000000 -0.324319 -0.850808 2.949096 1.000000 -0.097961 0.134927 2.941595 1.000000 -0.060844 -0.401088 2.961457 1.000000 -0.036111 -0.802496 3.025211 1.000000 -0.010746 -0.880081 2.984681 1.000000
1660288738 -0.169190 0.210602 2.933381 1.000000 -0.171274 0.280885 2.950676 1.000000 -0.172024 0.637702 2.941909 1.000000 -0.154536 0.802195 2.852835 1.000000 -0.332594 0.538489 2.939240 1.000000 -0.385750 0.261007 2.951878 1.000000 -0.380208 0.051488 2.868227 1.000000 -0.361183 -0.040795 2.826738 1.000000 -0.010031 0.533503 2.964801 1.000000 0.033576 0.248854 2.958413 1.000000 0.052243 0.032045 2.906263 1.000000 0.038931 -0.064592 2.873348 1.000000 -0.240476 0.139440 2.918210 1.000000 -0.285376 -0.403992 2.962859 1.000000 -0.316007 -0.804090 3.027452 1.000000 -0.324915 -0.850869 2.949745 1.000000 -0.096455 0.134852 2.942335 1.000000 -0.061201 -0.400294 2.961974 1.000000 -0.036095 -0.802342 3.025023 1.000000 -0.009561 -0.880417 2.986211 1.000000
1660322430 -0.168553 0.210855 2.933153 1.000000 -0.170872 0.281055 2.950905 1.000000 -0.171997 0.637805 2.941998 1.000000 -0.148511 0.803760 2.840525 1.000000 -0.332393 0.538495 2.939140 1.000000 -0.384363 0.264892 2.947149 1.000000 -0.373091 0.059017 2.853969 1.000000 -0.354923 -0.032969 2.811450 1.000000 -0.008939 0.533455 2.965473 1.000000 0.032940 0.250850 2.958742 1.000000 0.049272 0.035601 2.897704 1.000000 0.035404 -0.060866 2.864522 1.000000 -0.239715 0.139664 2.917497 1.000000 -0.285325 -0.404068 2.962872 1.000000 -0.316196 -0.806088 3.026401 1.000000 -0.330131 -0.858177 2.952921 1.000000 -0.095553 0.134917 2.942111 1.000000 -0.061084 -0.399762 2.962097 1.000000 -0.036303 -0.801342 3.025225 1.000000 -0.008927 -0.877721 2.983711 1.000000
1660355639 -0.167309 0.210400 2.933008 1.000000 -0.170135 0.280681 2.951067 1.000000 -0.171985 0.637776 2.941888 1.000000 -0.144482 0.804233 2.840415 1.000000 -0.329502 0.538109 2.936573 1.000000 -0.381778 0.270520 2.940002 1.000000 -0.366794 0.067860 2.839474 1.000000 -0.342742 -0.024626 2.801176 1.000000 -0.008421 0.533275 2.965433 1.000000 0.032675 0.251364 2.958668 1.000000 0.045873 0.037046 2.892627 1.000000 0.029411 -0.057519 2.855407 1.000000 -0.238175 0.139344 2.917214 1.000000 -0.285308 -0.404499 2.963089 1.000000 -0.316190 -0.804877 3.025356 1.000000 -0.341552 -0.861231 2.958363 1.000000 -0.094092 0.134605 2.942009 1.000000 -0.060851 -0.399527 2.962663 1.000000 -0.036347 -0.800881 3.026307 1.000000 -0.008513 -0.875777 2.982455 1.000000
1660399642 -0.165181 0.208556 2.932897 1.000000 -0.168539 0.278801 2.950911 1.000000 -0.171927 0.635087 2.940373 1.000000 -0.147368 0.782214 2.846182 1.000000 -0.328123 0.534505 2.933195 1.000000 -0.377940 0.273057 2.934162 1.000000 -0.355411 0.074381 2.826339 1.000000 -0.324294 -0.015501 2.786950 1.000000 -0.007862 0.532397 2.965092 1.000000 0.032800 0.251886 2.958386 1.000000 0.040786 0.040271 2.881408 1.000000 0.024290 -0.054011 2.843495 1.000000 -0.235833 0.136938 2.916837 1.000000 -0.285285 -0.404330 2.963092 1.000000 -0.314669 -0.802936 3.023108 1.000000 -0.348054 -0.862506 2.962738 1.000000 -0.091220 0.133050 2.942395 1.000000 -0.060422 -0.398869 2.962722 1.000000 -0.035461 -0.799735 3.027455 1.000000 -0.008338 -0.869761 2.975798 1.000000
1660431074 -0.162785 0.208270 2.932314 1.000000 -0.166001 0.278740 2.950167 1.000000 -0.168498 0.636249 2.938506 1.000000 -0.141019 0.805238 2.841278 1.000000 -0.324488 0.535265 2.931100 1.000000 -0.374585 0.275773 2.927251 1.000000 -0.350807 0.079158 2.815475 1.000000 -0.316472 -0.009255 2.775447 1.000000 -0.005656 0.530698 2.964142 1.000000 0.033496 0.257373 2.956255 1.000000 0.036897 0.045896 2.878373 1.000000 0.022029 -0.046408 2.835283 1.000000 -0.234006 0.137169 2.916349 1.000000 -0.285101 -0.404223 2.963233 1.000000 -0.314972 -0.802839 3.023218 1.000000 -0.345708 -0.860806 2.959949 1.000000 -0.088884 0.132734 2.941980 1.000000 -0.057841 -0.400189 2.963296 1.000000 -0.035494 -0.799498 3.027205 1.000000 0.015901 -0.870343 3.001765 1.000000
1660473682 -0.158351 0.207240 2.931666 1.000000 -0.160772 0.278520 2.948281 1.000000 -0.156348 0.640173 2.931802 1.000000 -0.130478 0.814575 2.846541 1.000000 -0.311914 0.535740 2.922976 1.000000 -0.370317 0.277260 2.920909 1.000000 -0.347621 0.080777 2.808594 1.000000 -0.312364 -0.006503 2.766924 1.000000 0.002416 0.528144 2.959394 1.000000 0.033902 0.257590 2.955791 1.000000 0.039483 0.046356 2.877238 1.000000 0.022948 -0.045776 2.834393 1.000000 -0.230819 0.136970 2.916425 1.000000 -0.284368 -0.404772 2.963488 1.000000 -0.315132 -0.808449 3.025708 1.000000 -0.339337 -0.858739 2.953645 1.000000 -0.085305 0.131993 2.941616 1.000000 -0.056301 -0.400961 2.962897 1.000000 -0.035590 -0.799890 3.027821 1.000000 0.011140 -0.869113 2.991317 1.000000
1660506506 -0.154361 0.205958 2.930740 1.000000 -0.156740 0.277725 2.946601 1.000000 -0.154350 0.640814 2.930520 1.000000 -0.128291 0.815019 2.846005 1.000000 -0.306181 0.534818 2.919823 1.000000 -0.362227 0.274806 2.910944 1.000000 -0.341444 0.076713 2.801448 1.000000 -0.308358 -0.012725 2.762679 1.000000 0.008366 0.525357 2.953601 1.000000 0.035476 0.258241 2.955102 1.000000 0.044058 0.047878 2.874074 1.000000 0.025846 -0.044483 2.832424 1.000000 -0.226786 0.136467 2.915907 1.000000 -0.281229 -0.400324 2.962722 1.000000 -0.312492 -0.803869 3.022526 1.000000 -0.342187 -0.861873 2.958792 1.000000 -0.081458 0.130784 2.940812 1.000000 -0.055115 -0.401140 2.962627 1.000000 -0.035692 -0.799804 3.027742 1.000000 0.009409 -0.868622 2.988519 1.000000
1660539575 -0.146252 0.205322 2.929076 1.000000 -0.147440 0.277889 2.942245 1.000000 -0.139959 0.642762 2.919560 1.000000 -0.111554 0.825237 2.844160 1.000000 -0.295403 0.536437 2.914186 1.000000 -0.354183 0.275167 2.905946 1.000000 -0.331662 0.074177 2.803075 1.000000 -0.300485 -0.013835 2.759732 1.000000 0.017402 0.522921 2.949038 1.000000 0.042208 0.256829 2.951666 1.000000 0.049650 0.048580 2.864222 1.000000 0.031234 -0.045738 2.827321 1.000000 -0.218810 0.136387 2.915088 1.000000 -0.279540 -0.401208 2.963190 1.000000 -0.312700 -0.804673 3.023076 1.000000 -0.336548 -0.856927 2.952296 1.000000 -0.074863 0.130267 2.940409 1.000000 -0.052998 -0.401595 2.960909 1.000000 -0.035259 -0.799341 3.028049 1.000000 0.001131 -0.867938 2.980309 1.000000
1660573420 -0.138235 0.204902 2.928418 1.000000 -0.139573 0.277899 2.940128 1.000000 -0.134492 0.644179 2.919106 1.000000 -0.108484 0.826434 2.843367 1.000000 -0.290069 0.533658 2.911384 1.000000 -0.347260 0.271308 2.900540 1.000000 -0.331670 0.068779 2.799672 1.000000 -0.300843 -0.020757 2.759208 1.000000 0.023493 0.520038 2.947747 1.000000 0.045778 0.256171 2.951282 1.000000 0.062561 0.003376 2.841012 1.000000 0.047828 -0.085995 2.818116 1.000000 -0.210605 0.135466 2.915027 1.000000 -0.277046 -0.403140 2.965332 1.000000 -0.312898 -0.806472 3.022588 1.000000 -0.341940 -0.857191 2.952633 1.000000 -0.066749 0.130485 2.939653 1.000000 -0.047989 -0.401680 2.959084 1.000000 -0.035249 -0.799323 3.027993 1.000000 0.000468 -0.869060 2.981403 1.000000
1660616586 -0.124980 0.200931 2.926229 1.000000 -0.127148 0.273523 2.936402 1.000000 -0.127111 0.637693 2.916042 1.000000 -0.103441 0.808826 2.844368 1.000000 -0.283642 0.528328 2.906677 1.000000 -0.330093 0.258475 2.891838 1.000000 -0.310888 0.050837 2.804747 1.000000 -0.293053 -0.024107 2.770339 1.000000 0.035953 0.518994 2.941417 1.000000 0.062193 0.254449 2.951809 1.000000 0.079216 0.020488 2.872160 1.000000 0.069228 -0.076725 2.839637 1.000000 -0.197635 0.130150 2.915051 1.000000 -0.271136 -0.406856 2.965240 1.000000 -0.312096 -0.806810 3.023509 1.000000 -0.342196 -0.856228 2.953067 1.000000 -0.049929 0.126151 2.935652 1.000000 -0.039054 -0.404751 2.957436 1.000000 -0.035122 -0.799379 3.027903 1.000000 0.000002 -0.869966 2.982146 1.000000
1660647831 -0.114554 0.200039 2.924057 1.000000 -0.116203 0.272474 2.932360 1.000000 -0.115631 0.634983 2.911221 1.000000 -0.088868 0.808300 2.841529 1.000000 -0.270429 0.528833 2.903526 1.000000 -0.325845 0.257848 2.891207 1.000000 -0.311282 0.048299 2.808561 1.000000 -0.293391 -0.047212 2.774412 1.000000 0.051208 0.514285 2.938205 1.000000 0.075870 0.244679 2.955475 1.000000 0.098686 -0.006449 2.882003 1.000000 0.092833 -0.080858 2.852054 1.000000 -0.187723 0.129415 2.913624 1.000000 -0.261632 -0.407238 2.962567 1.000000 -0.313423 -0.809095 3.025218 1.000000 -0.338270 -0.855324 2.950679 1.000000 -0.040682 0.124996 2.933933 1.000000 -0.032156 -0.404580 2.955906 1.000000 -0.034188 -0.799512 3.027400 1.000000 -0.002030 -0.872115 2.982618 1.000000
1660689554 -0.104153 0.201126 2.921522 1.000000 -0.105685 0.273797 2.928235 1.000000 -0.105924 0.637143 2.907224 1.000000 -0.078127 0.807409 2.839506 1.000000 -0.261713 0.529846 2.903133 1.000000 -0.316671 0.256976 2.893973 1.000000 -0.306229 0.044169 2.821177 1.000000 -0.295983 -0.053850 2.791108 1.000000 0.065624 0.517406 2.936891 1.000000 0.092286 0.242802 2.959254 1.000000 0.119149 0.007418 2.908675 1.000000 0.114422 -0.091142 2.879003 1.000000 -0.177856 0.129702 2.912981 1.000000 -0.254271 -0.411489 2.961182 1.000000 -0.314812 -0.811157 3.026419 1.000000 -0.329571 -0.850615 2.945570 1.000000 -0.029612 0.125819 2.930008 1.000000 -0.026182 -0.404229 2.955704 1.000000 -0.033910 -0.798771 3.026686 1.000000 -0.003349 -0.872434 2.982517 1.000000
1660722462 -0.093810 0.200394 2.919917 1.000000 -0.093408 0.273307 2.925365 1.000000 -0.082509 0.638191 2.905385 1.000000 -0.070240 0.806697 2.836978 1.000000 -0.246047 0.527879 2.900616 1.000000 -0.308544 0.256292 2.897980 1.000000 -0.307988 0.039709 2.839619 1.000000 -0.298453 -0.058107 2.808669 1.000000 0.074929 0.518132 2.933806 1.000000 0.109746 0.242874 2.965673 1.000000 0.129249 0.003619 2.918563 1.000000 0.128009 -0.096829 2.895642 1.000000 -0.168108 0.129315 2.912173 1.000000 -0.245529 -0.413442 2.958654 1.000000 -0.313115 -0.809405 3.026419 1.000000 -0.329460 -0.850895 2.946899 1.000000 -0.022088 0.125615 2.927977 1.000000 -0.016170 -0.405912 2.956414 1.000000 -0.032899 -0.798262 3.025602 1.000000 -0.003201 -0.874167 2.984754 1.000000
1660756781 -0.084931 0.201140 2.917773 1.000000 -0.084528 0.274234 2.922178 1.000000 -0.075709 0.639669 2.903586 1.000000 -0.037328 0.823007 2.824270 1.000000 -0.233072 0.530686 2.896509 1.000000 -0.299183 0.254914 2.900363 1.000000 -0.300513 0.032513 2.857744 1.000000 -0.305780 -0.068067 2.835997 1.000000 0.089660 0.518362 2.931694 1.000000 0.121911 0.242709 2.970794 1.000000 0.144006 0.008485 2.929807 1.000000 0.153524 -0.087033 2.913909 1.000000 -0.159080 0.130086 2.910516 1.000000 -0.235378 -0.417231 2.955204 1.000000 -0.311218 -0.807945 3.026420 1.000000 -0.328569 -0.850522 2.947686 1.000000 -0.013536 0.126154 2.925341 1.000000 -0.007661 -0.403475 2.957605 1.000000 -0.032227 -0.797908 3.025461 1.000000 -0.003254 -0.874673 2.985705 1.000000
1660789777 -0.076125 0.200220 2.915559 1.000000 -0.074336 0.273366 2.918740 1.000000 -0.058349 0.638781 2.899490 1.000000 -0.024861 0.817771 2.822361 1.000000 -0.220899 0.529991 2.893690 1.000000 -0.292070 0.253771 2.902280 1.000000 -0.303453 0.001992 2.866210 1.000000 -0.307143 -0.096987 2.837720 1.000000 0.098197 0.515931 2.929265 1.000000 0.139915 0.247664 2.981686 1.000000 0.188721 -0.009956 2.942577 1.000000 0.181921 -0.093216 2.924148 1.000000 -0.150756 0.129671 2.909595 1.000000 -0.227923 -0.416406 2.950294 1.000000 -0.303491 -0.803101 3.017555 1.000000 -0.331142 -0.854380 2.947409 1.000000 -0.006576 0.125804 2.922355 1.000000 -0.002444 -0.404380 2.958137 1.000000 -0.031950 -0.797828 3.025386 1.000000 -0.003575 -0.876540 2.989140 1.000000
1660833862 -0.064904 0.199245 2.911771 1.000000 -0.063304 0.272008 2.914039 1.000000 -0.049386 0.635634 2.895586 1.000000 -0.018716 0.802001 2.818455 1.000000 -0.211482 0.527923 2.890669 1.000000 -0.280578 0.259372 2.909188 1.000000 -0.305538 -0.015198 2.890497 1.000000 -0.320355 -0.115497 2.871987 1.000000 0.111038 0.517016 2.928614 1.000000 0.157475 0.250241 2.991521 1.000000 0.201991 0.034186 2.994975 1.000000 0.212079 -0.067328 2.980300 1.000000 -0.140473 0.128630 2.906782 1.000000 -0.216554 -0.418490 2.937071 1.000000 -0.291106 -0.795208 3.009068 1.000000 -0.316657 -0.853645 2.943895 1.000000 0.005828 0.124459 2.917625 1.000000 0.002050 -0.403988 2.958467 1.000000 -0.030668 -0.797395 3.024522 1.000000 -0.004386 -0.877336 2.989393 1.000000
1660866635 -0.051844 0.199659 2.906476 1.000000 -0.050069 0.272191 2.907335 1.000000 -0.035823 0.634007 2.886111 1.000000 0.002449 0.812871 2.806490 1.000000 -0.198036 0.529664 2.888732 1.000000 -0.272109 0.257560 2.919286 1.000000 -0.301078 -0.016883 2.920374 1.000000 -0.311555 -0.114795 2.889945 1.000000 0.129264 0.513793 2.928230 1.000000 0.172920 0.254139 2.994715 1.000000 0.212666 0.037174 2.998677 1.000000 0.223033 -0.065010 2.990106 1.000000 -0.128761 0.128994 2.902093 1.000000 -0.200751 -0.415203 2.918310 1.000000 -0.282164 -0.796568 3.006427 1.000000 -0.281896 -0.851497 2.929930 1.000000 0.019827 0.123684 2.913083 1.000000 0.007482 -0.403687 2.958720 1.000000 -0.029968 -0.797011 3.024262 1.000000 -0.004742 -0.877625 2.989893 1.000000
1660899320 -0.044619 0.198826 2.903062 1.000000 -0.043246 0.271072 2.903124 1.000000 -0.031193 0.631637 2.882191 1.000000 0.008552 0.794720 2.803735 1.000000 -0.190808 0.529711 2.886528 1.000000 -0.265419 0.258074 2.924882 1.000000 -0.301156 -0.016800 2.928577 1.000000 -0.309896 -0.115372 2.899620 1.000000 0.135542 0.514100 2.926738 1.000000 0.179524 0.254143 2.997081 1.000000 0.222714 0.030571 3.006723 1.000000 0.230089 -0.071690 2.995784 1.000000 -0.121082 0.128451 2.899465 1.000000 -0.189051 -0.408021 2.901530 1.000000 -0.246948 -0.791016 2.969781 1.000000 -0.280557 -0.859983 2.920469 1.000000 0.027672 0.122317 2.909023 1.000000 0.010330 -0.404128 2.958373 1.000000 -0.029532 -0.795947 3.022793 1.000000 -0.004577 -0.878998 2.994553 1.000000
1660930606 -0.035835 0.198161 2.900115 1.000000 -0.033287 0.270606 2.898861 1.000000 -0.014765 0.632051 2.874478 1.000000 0.013916 0.798643 2.797631 1.000000 -0.178034 0.529495 2.881651 1.000000 -0.260255 0.258067 2.930116 1.000000 -0.298584 0.002947 2.932520 1.000000 -0.288669 -0.071764 2.921214 1.000000 0.144235 0.512690 2.926441 1.000000 0.187628 0.253845 2.999510 1.000000 0.232538 0.039020 3.014543 1.000000 0.247508 -0.035644 3.017549 1.000000 -0.112671 0.128425 2.896542 1.000000 -0.178115 -0.413309 2.886365 1.000000 -0.235866 -0.800196 2.968732 1.000000 -0.228274 -0.852814 2.894625 1.000000 0.034540 0.121635 2.907267 1.000000 0.011628 -0.404757 2.957839 1.000000 -0.032767 -0.797278 3.017982 1.000000 -0.003802 -0.881757 2.999478 1.000000
1660973399 -0.027029 0.199535 2.895231 1.000000 -0.023822 0.271772 2.893016 1.000000 -0.003203 0.631688 2.867812 1.000000 0.036665 0.807730 2.786559 1.000000 -0.166208 0.532673 2.876324 1.000000 -0.252981 0.258347 2.931860 1.000000 -0.292767 -0.006408 2.942197 1.000000 -0.284156 -0.081752 2.934655 1.000000 0.163281 0.511784 2.923762 1.000000 0.195262 0.252716 3.000108 1.000000 0.235834 0.037100 3.015889 1.000000 0.247209 -0.038239 3.017398 1.000000 -0.105485 0.129921 2.892572 1.000000 -0.169506 -0.419788 2.877372 1.000000 -0.189941 -0.800293 2.928766 1.000000 -0.196998 -0.850231 2.852772 1.000000 0.043322 0.121520 2.902520 1.000000 0.014692 -0.404458 2.957210 1.000000 -0.032754 -0.798338 3.017479 1.000000 -0.003595 -0.882477 2.997754 1.000000
1661006577 -0.019137 0.200929 2.891865 1.000000 -0.016322 0.273089 2.889064 1.000000 0.001917 0.632786 2.864194 1.000000 0.042505 0.810752 2.783541 1.000000 -0.160201 0.534008 2.872143 1.000000 -0.246767 0.260430 2.931425 1.000000 -0.285672 0.008010 2.943522 1.000000 -0.279754 -0.067318 2.933539 1.000000 0.168856 0.513304 2.918476 1.000000 0.205508 0.254825 2.999637 1.000000 0.240707 0.034861 3.014526 1.000000 0.254735 -0.067285 3.016116 1.000000 -0.096213 0.131830 2.887688 1.000000 -0.152784 -0.424207 2.870089 1.000000 -0.167114 -0.801270 2.879937 1.000000 -0.162284 -0.859232 2.809680 1.000000 0.050986 0.122203 2.900645 1.000000 0.017924 -0.407425 2.956055 1.000000 -0.023165 -0.811259 3.013635 1.000000 -0.006083 -0.898522 2.993325 1.000000
1661050736 -0.007654 0.199580 2.887042 1.000000 -0.006127 0.271643 2.883797 1.000000 0.006670 0.631177 2.859634 1.000000 0.047785 0.803483 2.771858 1.000000 -0.152852 0.535338 2.866773 1.000000 -0.237168 0.265419 2.928314 1.000000 -0.274010 -0.003111 2.944095 1.000000 -0.268769 -0.078312 2.932801 1.000000 0.171280 0.514702 2.913922 1.000000 0.210961 0.254925 2.998802 1.000000 0.243328 0.034262 3.014145 1.000000 0.255512 -0.068142 3.014663 1.000000 -0.081375 0.131042 2.879758 1.000000 -0.128744 -0.430084 2.851007 1.000000 -0.140660 -0.801686 2.854941 1.000000 -0.098322 -0.860458 2.799503 1.000000 0.062299 0.121428 2.898483 1.000000 0.020474 -0.413870 2.949842 1.000000 -0.009933 -0.811124 3.001371 1.000000 0.003235 -0.864927 2.909461 1.000000
1661083322 0.001133 0.198900 2.881881 1.000000 0.002173 0.270911 2.878178 1.000000 0.011611 0.630314 2.854434 1.000000 0.051290 0.796682 2.766310 1.000000 -0.146743 0.532618 2.859159 1.000000 -0.228545 0.264706 2.921115 1.000000 -0.265038 0.010251 2.936167 1.000000 -0.259594 -0.064835 2.924178 1.000000 0.179658 0.517238 2.906656 1.000000 0.216524 0.249138 2.997336 1.000000 0.245462 0.031262 3.010802 1.000000 0.255629 -0.071373 3.010555 1.000000 -0.072897 0.129950 2.873745 1.000000 -0.112602 -0.428241 2.837582 1.000000 -0.098511 -0.796875 2.799860 1.000000 -0.057941 -0.862022 2.750560 1.000000 0.072199 0.119870 2.894665 1.000000 0.015965 -0.438477 2.917809 1.000000 0.023867 -0.813939 3.012643 1.000000 0.011899 -0.900046 2.985024 1.000000
1661114621 0.012013 0.196971 2.874758 1.000000 0.014450 0.269050 2.869686 1.000000 0.031167 0.628658 2.840404 1.000000 0.073039 0.806913 2.761254 1.000000 -0.131258 0.534247 2.845668 1.000000 -0.220015 0.264421 2.914518 1.000000 -0.259663 0.018339 2.923112 1.000000 -0.254263 -0.056732 2.910961 1.000000 0.186034 0.516728 2.898618 1.000000 0.218530 0.248392 2.991941 1.000000 0.246168 0.029720 3.000105 1.000000 0.257299 -0.072340 2.990134 1.000000 -0.060617 0.129430 2.864230 1.000000 -0.064087 -0.443848 2.830329 1.000000 -0.056976 -0.793945 2.762751 1.000000 -0.027035 -0.857889 2.704995 1.000000 0.079177 0.118307 2.891251 1.000000 0.001526 -0.447583 2.884280 1.000000 0.078384 -0.808105 3.042048 1.000000 0.072037 -0.894932 3.014808 1.000000
1661156435 0.017113 0.195080 2.870595 1.000000 0.019474 0.267043 2.864477 1.000000 0.034959 0.625689 2.831462 1.000000 0.074038 0.801785 2.757712 1.000000 -0.124257 0.532398 2.837623 1.000000 -0.210715 0.264745 2.903154 1.000000 -0.251456 0.013028 2.903789 1.000000 -0.242065 -0.085083 2.889844 1.000000 0.191525 0.514105 2.893107 1.000000 0.222672 0.251886 2.968388 1.000000 0.244859 0.018588 2.973572 1.000000 0.252675 -0.083427 2.960255 1.000000 -0.056039 0.128438 2.860654 1.000000 -0.050002 -0.431748 2.825490 1.000000 -0.036916 -0.779263 2.738281 1.000000 0.002822 -0.826804 2.671329 1.000000 0.084639 0.116097 2.888299 1.000000 -0.003877 -0.459617 2.855222 1.000000 0.075247 -0.817515 3.020540 1.000000 0.052312 -0.821153 2.899324 1.000000
1661190754 0.028105 0.194751 2.865138 1.000000 0.029924 0.266573 2.857609 1.000000 0.043312 0.624241 2.819067 1.000000 0.079531 0.801883 2.749049 1.000000 -0.110571 0.528752 2.821259 1.000000 -0.205068 0.262545 2.889322 1.000000 -0.228149 0.000356 2.856641 1.000000 -0.227434 -0.075353 2.865696 1.000000 0.198783 0.514317 2.890706 1.000000 0.226127 0.255033 2.961923 1.000000 0.249026 0.000933 2.959112 1.000000 0.255353 -0.099141 2.945055 1.000000 -0.043519 0.130033 2.854107 1.000000 -0.033470 -0.426820 2.811862 1.000000 -0.010635 -0.796387 2.690485 1.000000 0.041663 -0.818442 2.619068 1.000000 0.095427 0.114390 2.885968 1.000000 -0.005924 -0.468004 2.845522 1.000000 0.072956 -0.827460 3.008475 1.000000 0.066389 -0.824279 2.885269 1.000000
1661223664 0.037116 0.194363 2.857025 1.000000 0.039347 0.266331 2.848550 1.000000 0.053707 0.624928 2.808063 1.000000 0.094123 0.800050 2.738670 1.000000 -0.105231 0.527867 2.811825 1.000000 -0.200384 0.261768 2.877820 1.000000 -0.227289 -0.002100 2.853198 1.000000 -0.223204 -0.078059 2.848074 1.000000 0.206437 0.511095 2.886572 1.000000 0.230106 0.255284 2.953519 1.000000 0.248910 -0.002589 2.948540 1.000000 0.254413 -0.095585 2.940053 1.000000 -0.035367 0.130576 2.845410 1.000000 -0.010146 -0.393467 2.801949 1.000000 0.007907 -0.773382 2.668735 1.000000 0.084229 -0.807129 2.581110 1.000000 0.104127 0.112499 2.880105 1.000000 -0.005055 -0.470050 2.837920 1.000000 0.073897 -0.829376 3.000849 1.000000 0.071526 -0.824436 2.877546 1.000000
1661266852 0.047175 0.194417 2.848057 1.000000 0.048379 0.265547 2.839003 1.000000 0.058777 0.619801 2.796081 1.000000 0.108203 0.798131 2.722633 1.000000 -0.095571 0.527849 2.802077 1.000000 -0.190635 0.258015 2.858520 1.000000 -0.194824 -0.001057 2.803906 1.000000 -0.184369 -0.074698 2.787177 1.000000 0.216336 0.506348 2.885842 1.000000 0.236662 0.250729 2.946638 1.000000 0.244242 -0.005521 2.917385 1.000000 0.248691 -0.105783 2.893580 1.000000 -0.024621 0.130624 2.835076 1.000000 0.022842 -0.405518 2.763921 1.000000 0.094666 -0.767090 2.645563 1.000000 0.096728 -0.809083 2.564600 1.000000 0.115495 0.111838 2.873530 1.000000 0.011949 -0.461980 2.824846 1.000000 -0.061981 -0.818359 3.026422 1.000000 -0.018733 -0.814688 2.910879 1.000000
1661299575 0.060213 0.190637 2.839276 1.000000 0.060644 0.262076 2.829732 1.000000 0.066551 0.618036 2.786990 1.000000 0.112792 0.793547 2.706852 1.000000 -0.087338 0.520669 2.790455 1.000000 -0.181255 0.250425 2.831367 1.000000 -0.189540 0.007123 2.771999 1.000000 -0.186265 -0.068812 2.765980 1.000000 0.222984 0.504880 2.879614 1.000000 0.241894 0.247979 2.937327 1.000000 0.248881 -0.005791 2.908583 1.000000 0.258518 -0.104357 2.879731 1.000000 -0.010413 0.125255 2.825927 1.000000 0.023697 -0.406578 2.754593 1.000000 0.138397 -0.781250 2.622125 1.000000 0.155263 -0.805379 2.535770 1.000000 0.128882 0.109639 2.865775 1.000000 0.029160 -0.437012 2.730719 1.000000 -0.053247 -0.792367 3.004031 1.000000 -0.000001 -0.792525 2.892670 1.000000
1661331066 0.064955 0.185511 2.830329 1.000000 0.065958 0.256057 2.819720 1.000000 0.074266 0.606677 2.772382 1.000000 0.119274 0.761645 2.688721 1.000000 -0.084114 0.513571 2.779845 1.000000 -0.179086 0.246298 2.817487 1.000000 -0.195578 -0.007026 2.753481 1.000000 -0.178503 -0.079986 2.739319 1.000000 0.229887 0.496227 2.866861 1.000000 0.247863 0.246341 2.926049 1.000000 0.261132 0.004266 2.898257 1.000000 0.264792 -0.095197 2.871083 1.000000 -0.007751 0.119433 2.817920 1.000000 0.037994 -0.393032 2.739067 1.000000 0.137297 -0.771917 2.621276 1.000000 0.176324 -0.806887 2.546583 1.000000 0.135113 0.105268 2.857148 1.000000 0.072461 -0.496415 2.706612 1.000000 -0.047018 -0.818658 3.022820 1.000000 0.005588 -0.812512 2.911315 1.000000
1661373534 0.072729 0.183337 2.821058 1.000000 0.072799 0.253456 2.810964 1.000000 0.077115 0.603104 2.766999 1.000000 0.124610 0.763246 2.682850 1.000000 -0.074631 0.510197 2.765934 1.000000 -0.169771 0.245141 2.791167 1.000000 -0.185556 -0.000909 2.730950 1.000000 -0.177510 -0.080866 2.707753 1.000000 0.235901 0.497251 2.861604 1.000000 0.256024 0.238861 2.912693 1.000000 0.274204 0.009013 2.888855 1.000000 0.277350 -0.088200 2.854300 1.000000 0.002703 0.116640 2.805119 1.000000 0.024331 -0.368480 2.733485 1.000000 0.147632 -0.778333 2.617771 1.000000 0.190415 -0.818139 2.547695 1.000000 0.142051 0.102857 2.850184 1.000000 0.071375 -0.497450 2.697314 1.000000 -0.037524 -0.818315 3.022686 1.000000 0.017195 -0.819220 2.912031 1.000000
1661406760 0.086086 0.179470 2.807816 1.000000 0.085967 0.249405 2.796722 1.000000 0.088524 0.598276 2.749700 1.000000 0.141961 0.765888 2.671532 1.000000 -0.056142 0.500566 2.733177 1.000000 -0.163784 0.240910 2.775670 1.000000 -0.184344 -0.011303 2.683489 1.000000 -0.171245 -0.085367 2.670644 1.000000 0.244144 0.495604 2.852956 1.000000 0.266642 0.238619 2.903642 1.000000 0.291925 -0.018514 2.853356 1.000000 0.290230 -0.120492 2.837399 1.000000 0.017329 0.112918 2.789756 1.000000 0.028101 -0.360792 2.726138 1.000000 0.164992 -0.782559 2.610788 1.000000 0.205799 -0.830007 2.544372 1.000000 0.153946 0.099317 2.841017 1.000000 0.081002 -0.502160 2.694348 1.000000 -0.030983 -0.819398 3.022623 1.000000 0.024451 -0.820972 2.912314 1.000000
