31237315340 0 0 0 0 0 0 0 0 0 0 0 0 0 0 0 0 0 0 0 0 0 0 0 0 0 0 0 0 0 0 0 0 0 0 0 0 0 0 0 0 0 0 0 0 0 0 0 0 0 0 0 0 0 0 0 0 0 0 0 0 0 0 0 0 0 0 0 0 0 0 0 0 0 0 0 0 0 0 0 0
31237347366 0 0 0 0 0 0 0 0 0 0 0 0 0 0 0 0 0 0 0 0 0 0 0 0 0 0 0 0 0 0 0 0 0 0 0 0 0 0 0 0 0 0 0 0 0 0 0 0 0 0 0 0 0 0 0 0 0 0 0 0 0 0 0 0 0 0 0 0 0 0 0 0 0 0 0 0 0 0 0 0
31237376452 0 0 0 0 0 0 0 0 0 0 0 0 0 0 0 0 0 0 0 0 0 0 0 0 0 0 0 0 0 0 0 0 0 0 0 0 0 0 0 0 0 0 0 0 0 0 0 0 0 0 0 0 0 0 0 0 0 0 0 0 0 0 0 0 0 0 0 0 0 0 0 0 0 0 0 0 0 0 0 0
31237405370 0 0 0 0 0 0 0 0 0 0 0 0 0 0 0 0 0 0 0 0 0 0 0 0 0 0 0 0 0 0 0 0 0 0 0 0 0 0 0 0 0 0 0 0 0 0 0 0 0 0 0 0 0 0 0 0 0 0 0 0 0 0 0 0 0 0 0 0 0 0 0 0 0 0 0 0 0 0 0 0
31237447255 0 0 0 0 0 0 0 0 0 0 0 0 0 0 0 0 0 0 0 0 0 0 0 0 0 0 0 0 0 0 0 0 0 0 0 0 0 0 0 0 0 0 0 0 0 0 0 0 0 0 0 0 0 0 0 0 0 0 0 0 0 0 0 0 0 0 0 0 0 0 0 0 0 0 0 0 0 0 0 0
31237480470 0 0 0 0 0 0 0 0 0 0 0 0 0 0 0 0 0 0 0 0 0 0 0 0 0 0 0 0 0 0 0 0 0 0 0 0 0 0 0 0 0 0 0 0 0 0 0 0 0 0 0 0 0 0 0 0 0 0 0 0 0 0 0 0 0 0 0 0 0 0 0 0 0 0 0 0 0 0 0 0
31237509751 0 0 0 0 0 0 0 0 0 0 0 0 0 0 0 0 0 0 0 0 0 0 0 0 0 0 0 0 0 0 0 0 0 0 0 0 0 0 0 0 0 0 0 0 0 0 0 0 0 0 0 0 0 0 0 0 0 0 0 0 0 0 0 0 0 0 0 0 0 0 0 0 0 0 0 0 0 0 0 0
31237538719 0 0 0 0 0 0 0 0 0 0 0 0 0 0 0 0 0 0 0 0 0 0 0 0 0 0 0 0 0 0 0 0 0 0 0 0 0 0 0 0 0 0 0 0 0 0 0 0 0 0 0 0 0 0 0 0 0 0 0 0 0 0 0 0 0 0 0 0 0 0 0 0 0 0 0 0 0 0 0 0
31237580377 0 0 0 0 0 0 0 0 0 0 0 0 0 0 0 0 0 0 0 0 0 0 0 0 0 0 0 0 0 0 0 0 0 0 0 0 0 0 0 0 0 0 0 0 0 0 0 0 0 0 0 0 0 0 0 0 0 0 0 0 0 0 0 0 0 0 0 0 0 0 0 0 0 0 0 0 0 0 0 0
31237609793 0 0 0 0 0 0 0 0 0 0 0 0 0 0 0 0 0 0 0 0 0 0 0 0 0 0 0 0 0 0 0 0 0 0 0 0 0 0 0 0 0 0 0 0 0 0 0 0 0 0 0 0 0 0 0 0 0 0 0 0 0 0 0 0 0 0 0 0 0 0 0 0 0 0 0 0 0 0 0 0
31237638682 0 0 0 0 0 0 0 0 0 0 0 0 0 0 0 0 0 0 0 0 0 0 0 0 0 0 0 0 0 0 0 0 0 0 0 0 0 0 0 0 0 0 0 0 0 0 0 0 0 0 0 0 0 0 0 0 0 0 0 0 0 0 0 0 0 0 0 0 0 0 0 0 0 0 0 0 0 0 0 0
31237680367 0 0 0 0 0 0 0 0 0 0 0 0 0 0 0 0 0 0 0 0 0 0 0 0 0 0 0 0 0 0 0 0 0 0 0 0 0 0 0 0 0 0 0 0 0 0 0 0 0 0 0 0 0 0 0 0 0 0 0 0 0 0 0 0 0 0 0 0 0 0 0 0 0 0 0 0 0 0 0 0
31237709867 0 0 0 0 0 0 0 0 0 0 0 0 0 0 0 0 0 0 0 0 0 0 0 0 0 0 0 0 0 0 0 0 0 0 0 0 0 0 0 0 0 0 0 0 0 0 0 0 0 0 0 0 0 0 0 0 0 0 0 0 0 0 0 0 0 0 0 0 0 0 0 0 0 0 0 0 0 0 0 0
31237738938 0 0 0 0 0 0 0 0 0 0 0 0 0 0 0 0 0 0 0 0 0 0 0 0 0 0 0 0 0 0 0 0 0 0 0 0 0 0 0 0 0 0 0 0 0 0 0 0 0 0 0 0 0 0 0 0 0 0 0 0 0 0 0 0 0 0 0 0 0 0 0 0 0 0 0 0 0 0 0 0
31237780217 0 0 0 0 0 0 0 0 0 0 0 0 0 0 0 0 0 0 0 0 0 0 0 0 0 0 0 0 0 0 0 0 0 0 0 0 0 0 0 0 0 0 0 0 0 0 0 0 0 0 0 0 0 0 0 0 0 0 0 0 0 0 0 0 0 0 0 0 0 0 0 0 0 0 0 0 0 0 0 0
31237814816 0 0 0 0 0 0 0 0 0 0 0 0 0 0 0 0 0 0 0 0 0 0 0 0 0 0 0 0 0 0 0 0 0 0 0 0 0 0 0 0 0 0 0 0 0 0 0 0 0 0 0 0 0 0 0 0 0 0 0 0 0 0 0 0 0 0 0 0 0 0 0 0 0 0 0 0 0 0 0 0
31237848878 0 0 0 0 0 0 0 0 0 0 0 0 0 0 0 0 0 0 0 0 0 0 0 0 0 0 0 0 0 0 0 0 0 0 0 0 0 0 0 0 0 0 0 0 0 0 0 0 0 0 0 0 0 0 0 0 0 0 0 0 0 0 0 0 0 0 0 0 0 0 0 0 0 0 0 0 0 0 0 0
31237881858 0 0 0 0 0 0 0 0 0 0 0 0 0 0 0 0 0 0 0 0 0 0 0 0 0 0 0 0 0 0 0 0 0 0 0 0 0 0 0 0 0 0 0 0 0 0 0 0 0 0 0 0 0 0 0 0 0 0 0 0 0 0 0 0 0 0 0 0 0 0 0 0 0 0 0 0 0 0 0 0
31237914673 0 0 0 0 0 0 0 0 0 0 0 0 0 0 0 0 0 0 0 0 0 0 0 0 0 0 0 0 0 0 0 0 0 0 0 0 0 0 0 0 0 0 0 0 0 0 0 0 0 0 0 0 0 0 0 0 0 0 0 0 0 0 0 0 0 0 0 0 0 0 0 0 0 0 0 0 0 0 0 0
31237948526 0 0 0 0 0 0 0 0 0 0 0 0 0 0 0 0 0 0 0 0 0 0 0 0 0 0 0 0 0 0 0 0 0 0 0 0 0 0 0 0 0 0 0 0 0 0 0 0 0 0 0 0 0 0 0 0 0 0 0 0 0 0 0 0 0 0 0 0 0 0 0 0 0 0 0 0 0 0 0 0
31237981602 0.017499 0.087213 2.988422 1.000000 0.015820 0.152231 3.035498 1.000000 0.030197 0.504883 3.020819 1.000000 0.039143 0.665771 2.958205 1.000000 -0.137451 0.406250 3.014960 1.000000 -0.201172 0.135864 3.004769 1.000000 -0.224731 -0.073730 2.953550 1.000000 -0.226196 -0.176636 2.945738 1.000000 0.204834 0.405029 3.044256 1.000000 0.253662 0.126343 3.045784 1.000000 0.278320 -0.093018 3.002378 1.000000 0.274547 -0.201029 2.989172 1.000000 -0.061847 0.010789 2.975358 1.000000 -0.105530 -0.476807 3.095038 1.000000 -0.135010 -0.813965 3.106331 1.000000 -0.159588 -0.927843 3.055537 1.000000 0.092181 0.010240 2.985124 1.000000 0.107056 -0.500488 3.093085 1.000000 0.129767 -0.869633 3.090371 1.000000 0.141235 -0.952148 3.037972 1.000000
31238025213 0.017144 0.087915 2.991750 1.000000 0.015594 0.152722 3.038474 1.000000 0.030098 0.504756 3.023131 1.000000 0.039061 0.665740 2.962260 1.000000 -0.137213 0.406519 3.017609 1.000000 -0.201322 0.136071 3.006513 1.000000 -0.225994 -0.084395 2.952285 1.000000 -0.226165 -0.176326 2.946049 1.000000 0.204873 0.405544 3.046700 1.000000 0.253732 0.126245 3.047266 1.000000 0.278164 -0.095870 3.002833 1.000000 0.274414 -0.204493 2.989591 1.000000 -0.062185 0.011524 2.978800 1.000000 -0.111572 -0.385986 3.062531 1.000000 -0.110694 -0.646666 3.127935 1.000000 -0.105117 -0.766228 3.093283 1.000000 0.091616 0.011222 2.988610 1.000000 0.106433 -0.488750 3.094786 1.000000 0.128058 -0.860789 3.090828 1.000000 0.143701 -0.955499 3.045522 1.000000
31238057620 0.016904 0.086850 2.993328 1.000000 0.015511 0.152102 3.039687 1.000000 0.029367 0.504778 3.023249 1.000000 0.041759 0.672112 2.964215 1.000000 -0.136995 0.406608 3.018867 1.000000 -0.201310 0.135802 3.007190 1.000000 -0.226679 -0.089070 2.952125 1.000000 -0.225888 -0.175788 2.945914 1.000000 0.203841 0.406487 3.046548 1.000000 0.253486 0.125905 3.047699 1.000000 0.278713 -0.100665 3.002907 1.000000 0.274377 -0.204579 2.990060 1.000000 -0.062087 0.010665 2.980856 1.000000 -0.115356 -0.439453 3.089325 1.000000 -0.147676 -0.840924 3.090174 1.000000 -0.174561 -0.940430 3.038457 1.000000 0.091302 0.010664 2.990152 1.000000 0.106060 -0.494625 3.096515 1.000000 0.128389 -0.874033 3.089747 1.000000 0.143695 -0.954803 3.043494 1.000000
31238089080 0.017042 0.087284 2.993733 1.000000 0.015600 0.152308 3.039951 1.000000 0.029249 0.504514 3.023714 1.000000 0.041250 0.670416 2.965625 1.000000 -0.136784 0.406769 3.019064 1.000000 -0.201479 0.135995 3.007544 1.000000 -0.226890 -0.091115 2.951550 1.000000 -0.225396 -0.175625 2.945996 1.000000 0.203842 0.406384 3.046534 1.000000 0.253439 0.126707 3.047096 1.000000 0.278990 -0.102277 3.002707 1.000000 0.274412 -0.204002 2.990713 1.000000 -0.061758 0.011399 2.981305 1.000000 -0.103516 -0.390625 3.075990 1.000000 -0.140452 -0.812485 3.083161 1.000000 -0.133320 -0.857511 2.992208 1.000000 0.091428 0.011054 2.990453 1.000000 0.106773 -0.490982 3.094066 1.000000 0.128833 -0.872534 3.092813 1.000000 0.142040 -0.953430 3.045818 1.000000
31238131412 0.017145 0.086900 2.993907 1.000000 0.015755 0.152133 3.039646 1.000000 0.029170 0.504081 3.022029 1.000000 0.040238 0.673065 2.967453 1.000000 -0.136735 0.406734 3.019523 1.000000 -0.201187 0.136225 3.007978 1.000000 -0.227047 -0.092192 2.951523 1.000000 -0.225340 -0.175470 2.946267 1.000000 0.203997 0.406629 3.046623 1.000000 0.253384 0.126721 3.047224 1.000000 0.278833 -0.103688 3.002722 1.000000 0.274350 -0.204013 2.990781 1.000000 -0.061637 0.010862 2.981669 1.000000 -0.112305 -0.454834 3.092064 1.000000 -0.137451 -0.816895 3.109242 1.000000 -0.163928 -0.917754 3.049212 1.000000 0.091547 0.010760 2.990721 1.000000 0.107260 -0.492090 3.095454 1.000000 0.128737 -0.872585 3.093010 1.000000 0.140540 -0.952908 3.046956 1.000000
31238165416 0.017437 0.088579 2.993991 1.000000 0.016037 0.153355 3.039399 1.000000 0.029172 0.504085 3.022009 1.000000 0.039926 0.671237 2.966055 1.000000 -0.136461 0.406834 3.019931 1.000000 -0.201241 0.136334 3.007953 1.000000 -0.227189 -0.093013 2.951383 1.000000 -0.225600 -0.175412 2.946219 1.000000 0.203856 0.406621 3.046524 1.000000 0.253382 0.126720 3.047208 1.000000 0.278807 -0.104616 3.002494 1.000000 0.274735 -0.204172 2.990325 1.000000 -0.061007 0.013093 2.982181 1.000000 -0.116577 -0.381836 3.066656 1.000000 -0.116111 -0.681354 3.136803 1.000000 -0.139270 -0.791830 3.094530 1.000000 0.091687 0.012684 2.990552 1.000000 0.086365 -0.428467 3.078375 1.000000 0.124881 -0.851298 3.080650 1.000000 0.131984 -0.897764 2.986970 1.000000
31238208577 0.017059 0.089907 2.994025 1.000000 0.015713 0.154460 3.039221 1.000000 0.028900 0.504231 3.022163 1.000000 0.038735 0.669591 2.966252 1.000000 -0.136910 0.406650 3.020130 1.000000 -0.201369 0.136836 3.009193 1.000000 -0.227355 -0.092864 2.951065 1.000000 -0.225591 -0.175389 2.946213 1.000000 0.203782 0.406540 3.046471 1.000000 0.253316 0.126584 3.047192 1.000000 0.278876 -0.105359 3.002263 1.000000 0.274758 -0.203799 2.991164 1.000000 -0.061455 0.014046 2.982051 1.000000 -0.113926 -0.376147 3.062044 1.000000 -0.113675 -0.673907 3.137639 1.000000 -0.137207 -0.784799 3.096026 1.000000 0.091503 0.013666 2.990624 1.000000 0.096276 -0.432165 3.074692 1.000000 0.127410 -0.854908 3.086636 1.000000 0.140815 -0.954635 3.046462 1.000000
31238241134 0.017016 0.089496 2.994128 1.000000 0.015669 0.154271 3.039033 1.000000 0.028492 0.504304 3.021844 1.000000 0.038221 0.669228 2.967532 1.000000 -0.136834 0.406727 3.020166 1.000000 -0.201357 0.136794 3.009238 1.000000 -0.227440 -0.093418 2.950980 1.000000 -0.225409 -0.175444 2.946250 1.000000 0.203651 0.406673 3.046383 1.000000 0.253505 0.126074 3.047247 1.000000 0.279144 -0.106218 3.001002 1.000000 0.275328 -0.203662 2.990274 1.000000 -0.061413 0.013650 2.982354 1.000000 -0.111535 -0.408657 3.075965 1.000000 -0.119829 -0.703819 3.148428 1.000000 -0.142859 -0.811414 3.099027 1.000000 0.091462 0.013336 2.990690 1.000000 0.091248 -0.482910 3.086374 1.000000 0.127836 -0.870863 3.087875 1.000000 0.140744 -0.953674 3.045656 1.000000
31238282918 0.016985 0.089407 2.994336 1.000000 0.015828 0.154248 3.038985 1.000000 0.028482 0.504306 3.021964 1.000000 0.038112 0.668998 2.967697 1.000000 -0.137230 0.406926 3.021516 1.000000 -0.201350 0.136750 3.009254 1.000000 -0.227457 -0.093832 2.950575 1.000000 -0.225423 -0.175202 2.946107 1.000000 0.203565 0.406938 3.046423 1.000000 0.253499 0.125850 3.047291 1.000000 0.279153 -0.106876 3.000947 1.000000 0.275577 -0.203746 2.990006 1.000000 -0.061520 0.013375 2.982756 1.000000 -0.108755 -0.407525 3.075761 1.000000 -0.121662 -0.705381 3.130684 1.000000 -0.145594 -0.816085 3.089756 1.000000 0.091451 0.013269 2.990849 1.000000 0.093925 -0.476448 3.085015 1.000000 0.128273 -0.877726 3.079831 1.000000 0.141751 -0.957307 3.042299 1.000000
31238315295 0.017086 0.088952 2.994548 1.000000 0.015813 0.154104 3.038868 1.000000 0.028151 0.504584 3.021691 1.000000 0.039097 0.682098 2.976516 1.000000 -0.137228 0.406932 3.021095 1.000000 -0.201241 0.136520 3.009383 1.000000 -0.227600 -0.094416 2.950755 1.000000 -0.225344 -0.175153 2.946042 1.000000 0.203773 0.407207 3.046492 1.000000 0.253426 0.126093 3.047698 1.000000 0.279184 -0.106922 3.000880 1.000000 0.275478 -0.203702 2.989843 1.000000 -0.061385 0.013087 2.982928 1.000000 -0.115601 -0.456055 3.096406 1.000000 -0.145996 -0.864746 3.097785 1.000000 -0.171835 -0.940896 3.049551 1.000000 0.091744 0.011920 2.991445 1.000000 0.104944 -0.510299 3.104020 1.000000 0.127335 -0.874695 3.089870 1.000000 0.140884 -0.953198 3.044191 1.000000
31238348010 0.017170 0.088368 2.994855 1.000000 0.015882 0.153658 3.038940 1.000000 0.027862 0.504389 3.022061 1.000000 0.038164 0.678379 2.975620 1.000000 -0.137226 0.406889 3.021432 1.000000 -0.201244 0.136414 3.009621 1.000000 -0.227615 -0.094852 2.951151 1.000000 -0.225375 -0.175016 2.945745 1.000000 0.203654 0.407158 3.046448 1.000000 0.253380 0.126399 3.048085 1.000000 0.278967 -0.106896 3.001028 1.000000 0.275142 -0.203565 2.989619 1.000000 -0.061180 0.013008 2.983361 1.000000 -0.112407 -0.474679 3.102710 1.000000 -0.133484 -0.806396 3.115452 1.000000 -0.161953 -0.912425 3.063671 1.000000 0.091791 0.010392 2.991422 1.000000 0.104958 -0.503704 3.101278 1.000000 0.127129 -0.873145 3.092301 1.000000 0.140562 -0.952710 3.044161 1.000000
31238382493 0.017145 0.087803 2.994957 1.000000 0.015870 0.153383 3.038685 1.000000 0.027472 0.504515 3.021427 1.000000 0.037888 0.676401 2.973653 1.000000 -0.137242 0.407111 3.021579 1.000000 -0.201409 0.136364 3.009572 1.000000 -0.227303 -0.095159 2.950822 1.000000 -0.224707 -0.175034 2.945572 1.000000 0.203396 0.407313 3.046305 1.000000 0.253149 0.126760 3.048723 1.000000 0.279022 -0.106631 3.000799 1.000000 0.274897 -0.203214 2.989387 1.000000 -0.061119 0.012822 2.983730 1.000000 -0.110919 -0.447755 3.090540 1.000000 -0.148926 -0.861328 3.097925 1.000000 -0.169501 -0.940643 3.048944 1.000000 0.091746 0.009493 2.991405 1.000000 0.105468 -0.501342 3.098452 1.000000 0.127817 -0.872029 3.091626 1.000000 0.140326 -0.952740 3.044281 1.000000
31238425153 0.017270 0.087664 2.995022 1.000000 0.015996 0.153353 3.038506 1.000000 0.027487 0.504811 3.021445 1.000000 0.037998 0.684906 2.973887 1.000000 -0.137248 0.407233 3.021858 1.000000 -0.201492 0.136199 3.009656 1.000000 -0.227337 -0.095570 2.950986 1.000000 -0.224464 -0.174908 2.945639 1.000000 0.203570 0.407680 3.046357 1.000000 0.253051 0.127131 3.048416 1.000000 0.278803 -0.106530 3.000726 1.000000 0.275488 -0.203187 2.988871 1.000000 -0.060986 0.012779 2.983867 1.000000 -0.111428 -0.451874 3.092470 1.000000 -0.148797 -0.860505 3.095923 1.000000 -0.170942 -0.941206 3.043989 1.000000 0.091946 0.009115 2.991368 1.000000 0.105733 -0.502668 3.098895 1.000000 0.127335 -0.872105 3.092584 1.000000 0.138266 -0.953511 3.045911 1.000000
31238457608 0.017277 0.087986 2.995073 1.000000 0.016083 0.153526 3.038353 1.000000 0.027491 0.504688 3.021559 1.000000 0.037332 0.678599 2.970706 1.000000 -0.137335 0.408164 3.022613 1.000000 -0.201474 0.136223 3.010069 1.000000 -0.227381 -0.095672 2.950973 1.000000 -0.224741 -0.174879 2.946484 1.000000 0.203639 0.407715 3.046487 1.000000 0.252954 0.127278 3.048646 1.000000 0.278844 -0.106536 3.000639 1.000000 0.276097 -0.204094 2.988618 1.000000 -0.060932 0.013395 2.984086 1.000000 -0.111837 -0.448729 3.090479 1.000000 -0.148619 -0.860357 3.095611 1.000000 -0.167321 -0.942825 3.056796 1.000000 0.091910 0.009280 2.991282 1.000000 0.105782 -0.498362 3.097721 1.000000 0.126844 -0.871646 3.097265 1.000000 0.137939 -0.952101 3.045111 1.000000
31238489022 0.017235 0.087894 2.995172 1.000000 0.016096 0.153541 3.038092 1.000000 0.027016 0.504255 3.020549 1.000000 0.037321 0.677090 2.970725 1.000000 -0.137436 0.408086 3.023002 1.000000 -0.201533 0.135855 3.010114 1.000000 -0.227538 -0.096234 2.951059 1.000000 -0.224815 -0.174773 2.946594 1.000000 0.203662 0.407860 3.046394 1.000000 0.252759 0.127369 3.048722 1.000000 0.278924 -0.106593 3.000613 1.000000 0.276338 -0.204321 2.988302 1.000000 -0.060948 0.013448 2.984210 1.000000 -0.112380 -0.447838 3.089649 1.000000 -0.148249 -0.861007 3.094851 1.000000 -0.167749 -0.942036 3.055456 1.000000 0.091795 0.008498 2.991668 1.000000 0.106346 -0.496677 3.096815 1.000000 0.126793 -0.871500 3.097235 1.000000 0.138473 -0.952004 3.045169 1.000000
31238532500 0.017336 0.087272 2.995355 1.000000 0.016175 0.153193 3.037989 1.000000 0.027012 0.504379 3.020772 1.000000 0.038642 0.678172 2.972773 1.000000 -0.137434 0.408077 3.023096 1.000000 -0.201538 0.135830 3.010258 1.000000 -0.227673 -0.096424 2.951220 1.000000 -0.224764 -0.175133 2.947750 1.000000 0.203721 0.407881 3.046483 1.000000 0.252769 0.127281 3.048925 1.000000 0.279087 -0.106873 3.001057 1.000000 0.276372 -0.204444 2.988519 1.000000 -0.060781 0.012853 2.984402 1.000000 -0.110559 -0.457937 3.094072 1.000000 -0.148339 -0.861632 3.094301 1.000000 -0.168575 -0.942171 3.054507 1.000000 0.091877 0.007877 2.991829 1.000000 0.101859 -0.497756 3.099465 1.000000 0.126667 -0.871558 3.097233 1.000000 0.138704 -0.952172 3.045085 1.000000
31238565374 0.017435 0.086418 2.995614 1.000000 0.016295 0.152616 3.037870 1.000000 0.027079 0.504356 3.020750 1.000000 0.038506 0.675602 2.971886 1.000000 -0.137443 0.408081 3.023220 1.000000 -0.201630 0.135917 3.010413 1.000000 -0.227634 -0.096562 2.951674 1.000000 -0.224992 -0.175004 2.948197 1.000000 0.203698 0.407949 3.046543 1.000000 0.252762 0.127443 3.048680 1.000000 0.278771 -0.107000 3.001529 1.000000 0.276284 -0.204489 2.988698 1.000000 -0.060664 0.012085 2.984896 1.000000 -0.111353 -0.457036 3.093985 1.000000 -0.136720 -0.814946 3.107924 1.000000 -0.163031 -0.921084 3.063220 1.000000 0.091936 0.007097 2.992065 1.000000 0.102889 -0.498049 3.099456 1.000000 0.126655 -0.871381 3.097330 1.000000 0.138602 -0.951662 3.044711 1.000000
31238598418 0.017296 0.086129 2.995478 1.000000 0.016277 0.152479 3.037386 1.000000 0.026871 0.504677 3.020033 1.000000 0.038505 0.675833 2.970585 1.000000 -0.137353 0.408004 3.023227 1.000000 -0.201576 0.136463 3.010878 1.000000 -0.227667 -0.096067 2.951870 1.000000 -0.225043 -0.175123 2.947864 1.000000 0.203223 0.407335 3.045600 1.000000 0.252590 0.127032 3.048572 1.000000 0.278672 -0.107536 3.001566 1.000000 0.275819 -0.204250 2.988963 1.000000 -0.060686 0.012099 2.984914 1.000000 -0.111262 -0.458270 3.094185 1.000000 -0.145386 -0.864746 3.090364 1.000000 -0.168257 -0.939776 3.051182 1.000000 0.091697 0.006602 2.991944 1.000000 0.103250 -0.498073 3.099826 1.000000 0.127067 -0.871978 3.096195 1.000000 0.138499 -0.951662 3.044895 1.000000
31238642090 0.017262 0.085894 2.995570 1.000000 0.016317 0.152320 3.037203 1.000000 0.026623 0.504727 3.020137 1.000000 0.038410 0.675000 2.970531 1.000000 -0.137308 0.408650 3.023451 1.000000 -0.201574 0.136370 3.010968 1.000000 -0.227705 -0.096254 2.951858 1.000000 -0.225062 -0.174956 2.947772 1.000000 0.203226 0.406893 3.044992 1.000000 0.252476 0.126549 3.048479 1.000000 0.278570 -0.108240 3.002208 1.000000 0.275705 -0.204111 2.989723 1.000000 -0.060679 0.011967 2.984990 1.000000 -0.112674 -0.457879 3.093701 1.000000 -0.145381 -0.864823 3.090390 1.000000 -0.165894 -0.940335 3.054540 1.000000 0.091701 0.006364 2.992064 1.000000 0.103510 -0.498446 3.099790 1.000000 0.127104 -0.872643 3.097093 1.000000 0.138225 -0.952815 3.049122 1.000000
31238674547 0.017367 0.085701 2.995628 1.000000 0.016323 0.152173 3.037012 1.000000 0.026359 0.504627 3.020223 1.000000 0.038514 0.673924 2.970742 1.000000 -0.137326 0.408106 3.022918 1.000000 -0.201660 0.136214 3.010944 1.000000 -0.227819 -0.096541 2.951914 1.000000 -0.225060 -0.174967 2.947788 1.000000 0.203387 0.407179 3.044968 1.000000 0.252472 0.126009 3.048154 1.000000 0.278464 -0.108979 3.002388 1.000000 0.275628 -0.204063 2.989708 1.000000 -0.060519 0.011554 2.984975 1.000000 -0.113683 -0.454232 3.091879 1.000000 -0.136623 -0.821287 3.101621 1.000000 -0.162722 -0.927622 3.059721 1.000000 0.091982 0.006212 2.992209 1.000000 0.103829 -0.498855 3.099741 1.000000 0.127204 -0.871938 3.097820 1.000000 0.136687 -0.952286 3.050373 1.000000
31238705959 0.017204 0.085148 2.995569 1.000000 0.016267 0.151839 3.036546 1.000000 0.026334 0.504664 3.019252 1.000000 0.038420 0.674012 2.969850 1.000000 -0.137316 0.408116 3.022951 1.000000 -0.201671 0.136201 3.011003 1.000000 -0.227970 -0.096604 2.951807 1.000000 -0.225063 -0.174964 2.947805 1.000000 0.202955 0.406739 3.044417 1.000000 0.252315 0.126196 3.048123 1.000000 0.277784 -0.108834 3.001564 1.000000 0.274272 -0.203414 2.988893 1.000000 -0.060622 0.011228 2.985047 1.000000 -0.113039 -0.460542 3.092390 1.000000 -0.140869 -0.890137 3.094332 1.000000 -0.171087 -0.952645 3.043703 1.000000 0.091782 0.005852 2.992294 1.000000 0.103829 -0.499007 3.099849 1.000000 0.127140 -0.871923 3.097773 1.000000 0.136423 -0.951333 3.049962 1.000000
31238748107 0.017099 0.084699 2.995682 1.000000 0.016272 0.151438 3.036347 1.000000 0.026399 0.504449 3.019273 1.000000 0.038132 0.673045 2.970040 1.000000 -0.137346 0.408001 3.022986 1.000000 -0.201868 0.136385 3.012082 1.000000 -0.227938 -0.096428 2.952456 1.000000 -0.224221 -0.174623 2.947303 1.000000 0.202723 0.405577 3.043812 1.000000 0.252121 0.126088 3.048234 1.000000 0.277439 -0.109012 3.001584 1.000000 0.274257 -0.203996 2.989801 1.000000 -0.060724 0.010996 2.985150 1.000000 -0.112320 -0.461131 3.092544 1.000000 -0.144889 -0.877120 3.093332 1.000000 -0.166831 -0.947171 3.049675 1.000000 0.091607 0.005260 2.992487 1.000000 0.104141 -0.497504 3.101340 1.000000 0.127178 -0.871899 3.097553 1.000000 0.137076 -0.952163 3.048856 1.000000
31238782606 0.019932 0.089715 2.996028 1.000000 0.018036 0.154337 3.036153 1.000000 0.026422 0.503629 3.019107 1.000000 0.037654 0.671035 2.967926 1.000000 -0.137394 0.407674 3.022448 1.000000 -0.201838 0.137392 3.012316 1.000000 -0.227963 -0.095521 2.953034 1.000000 -0.223366 -0.173920 2.947082 1.000000 0.202608 0.405736 3.043864 1.000000 0.252216 0.125851 3.048237 1.000000 0.277195 -0.109214 3.000815 1.000000 0.274210 -0.203941 2.990779 1.000000 -0.056035 0.022300 2.985433 1.000000 -0.112363 -0.468661 3.095042 1.000000 -0.138252 -0.900909 3.075818 1.000000 -0.175354 -0.962139 3.030500 1.000000 0.094194 0.007225 2.992931 1.000000 0.102400 -0.496614 3.099874 1.000000 0.126244 -0.870471 3.096440 1.000000 0.137214 -0.951887 3.048460 1.000000
31238815280 0.018930 0.087299 2.995743 1.000000 0.017569 0.152895 3.035662 1.000000 0.026465 0.503445 3.018999 1.000000 0.037587 0.670656 2.967674 1.000000 -0.137616 0.407582 3.022669 1.000000 -0.201891 0.137217 3.012465 1.000000 -0.227963 -0.095727 2.953068 1.000000 -0.221775 -0.174381 2.946558 1.000000 0.202441 0.405423 3.043561 1.000000 0.252106 0.125351 3.048601 1.000000 0.277037 -0.109712 3.000804 1.000000 0.274150 -0.203945 2.990171 1.000000 -0.058639 0.016148 2.985812 1.000000 -0.084652 -0.487882 3.099967 1.000000 -0.142441 -0.861946 3.090963 1.000000 -0.167128 -0.949578 3.043401 1.000000 0.093469 0.005923 2.992430 1.000000 0.104168 -0.499923 3.101327 1.000000 0.126652 -0.871567 3.094866 1.000000 0.137278 -0.952021 3.046901 1.000000
31238858869 0.018843 0.087138 2.995692 1.000000 0.017602 0.152879 3.035340 1.000000 0.026927 0.503498 3.018567 1.000000 0.037462 0.669975 2.967944 1.000000 -0.137486 0.407750 3.022697 1.000000 -0.201794 0.137078 3.012331 1.000000 -0.227966 -0.095974 2.953303 1.000000 -0.221875 -0.173906 2.947284 1.000000 0.202547 0.405144 3.043295 1.000000 0.252126 0.125194 3.048540 1.000000 0.276861 -0.109965 3.000947 1.000000 0.274151 -0.203968 2.990200 1.000000 -0.058778 0.015981 2.985805 1.000000 -0.096487 -0.487117 3.102412 1.000000 -0.135742 -0.817871 3.115786 1.000000 -0.159616 -0.917132 3.061085 1.000000 0.093308 0.005762 2.992389 1.000000 0.104634 -0.497173 3.101265 1.000000 0.126474 -0.871002 3.096656 1.000000 0.137219 -0.952008 3.046928 1.000000
31238891523 0.018571 0.086213 2.995586 1.000000 0.017399 0.152318 3.034863 1.000000 0.026493 0.503361 3.017901 1.000000 0.037787 0.669433 2.967316 1.000000 -0.137394 0.407585 3.022619 1.000000 -0.201809 0.137109 3.012432 1.000000 -0.228082 -0.095992 2.953485 1.000000 -0.221923 -0.173924 2.947328 1.000000 0.202555 0.404891 3.043099 1.000000 0.252262 0.124677 3.047912 1.000000 0.276578 -0.110672 3.001030 1.000000 0.274038 -0.204358 2.990782 1.000000 -0.058929 0.015055 2.985844 1.000000 -0.101696 -0.493086 3.105933 1.000000 -0.137778 -0.829833 3.109701 1.000000 -0.163172 -0.929779 3.055308 1.000000 0.093047 0.004989 2.992380 1.000000 0.105244 -0.498570 3.102389 1.000000 0.126484 -0.870968 3.096307 1.000000 0.136882 -0.950705 3.044157 1.000000
31238923104 0.018206 0.085138 2.995578 1.000000 0.017140 0.151749 3.034569 1.000000 0.026479 0.503493 3.017884 1.000000 0.037591 0.668873 2.966804 1.000000 -0.137636 0.407232 3.022260 1.000000 -0.202106 0.136219 3.012430 1.000000 -0.228126 -0.096929 2.953395 1.000000 -0.221434 -0.174000 2.947419 1.000000 0.201945 0.404797 3.043275 1.000000 0.252088 0.125513 3.047602 1.000000 0.276207 -0.109890 3.000711 1.000000 0.273996 -0.204535 2.990951 1.000000 -0.059343 0.013559 2.985944 1.000000 -0.102425 -0.492532 3.106093 1.000000 -0.138401 -0.837411 3.105779 1.000000 -0.164980 -0.937421 3.051055 1.000000 0.092714 0.004496 2.992367 1.000000 0.105724 -0.499407 3.102786 1.000000 0.126798 -0.870830 3.095050 1.000000 0.136739 -0.950737 3.044001 1.000000
31238966528 0.018091 0.084903 2.995674 1.000000 0.017028 0.151590 3.034382 1.000000 0.026454 0.503461 3.017890 1.000000 0.039934 0.674255 2.966552 1.000000 -0.137475 0.407291 3.022213 1.000000 -0.201881 0.136129 3.011696 1.000000 -0.228055 -0.097190 2.953497 1.000000 -0.221472 -0.174046 2.947383 1.000000 0.202171 0.404691 3.043571 1.000000 0.252272 0.125994 3.047606 1.000000 0.276031 -0.109529 3.001124 1.000000 0.273837 -0.204584 2.991327 1.000000 -0.059466 0.013124 2.986039 1.000000 -0.103030 -0.492603 3.106000 1.000000 -0.138840 -0.840250 3.104386 1.000000 -0.165841 -0.940574 3.049757 1.000000 0.092577 0.004353 2.992503 1.000000 0.105557 -0.501560 3.102868 1.000000 0.126422 -0.871529 3.093450 1.000000 0.136479 -0.951678 3.044897 1.000000
31238999397 0.018005 0.084864 2.995672 1.000000 0.016964 0.151415 3.034317 1.000000 0.026531 0.502720 3.019071 1.000000 0.039746 0.672552 2.967622 1.000000 -0.137430 0.407402 3.022157 1.000000 -0.201924 0.135912 3.011425 1.000000 -0.228091 -0.097479 2.953472 1.000000 -0.222472 -0.174158 2.948549 1.000000 0.202363 0.404414 3.043489 1.000000 0.252299 0.125917 3.047605 1.000000 0.275913 -0.109683 3.001398 1.000000 0.273964 -0.204453 2.992501 1.000000 -0.059783 0.013192 2.985547 1.000000 -0.103961 -0.490970 3.105423 1.000000 -0.139210 -0.841377 3.104983 1.000000 -0.165459 -0.942087 3.050177 1.000000 0.092422 0.004105 2.992603 1.000000 0.105797 -0.500865 3.102380 1.000000 0.126061 -0.871362 3.094020 1.000000 0.136681 -0.951640 3.045095 1.000000
31239032521 0.017578 0.084724 2.995370 1.000000 0.016609 0.151262 3.033981 1.000000 0.026476 0.502623 3.018948 1.000000 0.039492 0.670729 2.966671 1.000000 -0.137278 0.407461 3.021613 1.000000 -0.201922 0.136058 3.010905 1.000000 -0.228134 -0.097463 2.953519 1.000000 -0.222833 -0.174700 2.947595 1.000000 0.201916 0.404299 3.043165 1.000000 0.252494 0.125581 3.047402 1.000000 0.274620 -0.110217 3.001390 1.000000 0.273870 -0.204173 2.992188 1.000000 -0.060300 0.012947 2.985185 1.000000 -0.104167 -0.467342 3.095320 1.000000 -0.134526 -0.862632 3.094914 1.000000 -0.165779 -0.945720 3.048236 1.000000 0.091887 0.004329 2.992257 1.000000 0.107586 -0.481289 3.100342 1.000000 0.124851 -0.871873 3.084977 1.000000 0.137764 -0.952347 3.044110 1.000000
31239075583 0.017663 0.084554 2.995381 1.000000 0.016602 0.151200 3.033924 1.000000 0.026420 0.502982 3.018971 1.000000 0.039517 0.670814 2.966529 1.000000 -0.136759 0.408555 3.021219 1.000000 -0.202185 0.135654 3.010860 1.000000 -0.228168 -0.097941 2.953434 1.000000 -0.221417 -0.173821 2.946968 1.000000 0.201886 0.403987 3.043126 1.000000 0.252238 0.124556 3.047421 1.000000 0.275451 -0.111174 3.001265 1.000000 0.273955 -0.204793 2.993251 1.000000 -0.060139 0.012860 2.985225 1.000000 -0.105795 -0.489329 3.101904 1.000000 -0.135278 -0.863090 3.096199 1.000000 -0.166091 -0.946106 3.048897 1.000000 0.091959 0.004180 2.992248 1.000000 0.105924 -0.489989 3.100674 1.000000 0.125346 -0.872031 3.085718 1.000000 0.136258 -0.954553 3.047358 1.000000
31239108156 0.017659 0.084553 2.995335 1.000000 0.016635 0.151188 3.033827 1.000000 0.026931 0.502771 3.018971 1.000000 0.039254 0.671663 2.965847 1.000000 -0.136723 0.408527 3.021107 1.000000 -0.201860 0.136194 3.011021 1.000000 -0.228582 -0.097263 2.953073 1.000000 -0.221239 -0.173848 2.946765 1.000000 0.201908 0.403704 3.042898 1.000000 0.252298 0.124400 3.047083 1.000000 0.275469 -0.111433 3.001336 1.000000 0.273927 -0.204767 2.993242 1.000000 -0.060192 0.012881 2.985166 1.000000 -0.106217 -0.489476 3.102220 1.000000 -0.136208 -0.864058 3.096892 1.000000 -0.165720 -0.946137 3.050332 1.000000 0.091940 0.004173 2.992151 1.000000 0.105896 -0.489909 3.100591 1.000000 0.125889 -0.863541 3.097867 1.000000 0.136397 -0.951775 3.050913 1.000000
31239139621 0.017518 0.084277 2.995205 1.000000 0.016505 0.151090 3.033356 1.000000 0.027188 0.502611 3.017088 1.000000 0.038989 0.672689 2.965880 1.000000 -0.136592 0.408411 3.020762 1.000000 -0.201821 0.135978 3.011117 1.000000 -0.227901 -0.097566 2.952978 1.000000 -0.218901 -0.172929 2.946198 1.000000 0.202273 0.403949 3.043058 1.000000 0.252218 0.123982 3.046942 1.000000 0.275549 -0.111896 3.001268 1.000000 0.273665 -0.204798 2.992847 1.000000 -0.060524 0.012282 2.984887 1.000000 -0.106322 -0.493520 3.104243 1.000000 -0.136599 -0.860646 3.097258 1.000000 -0.166230 -0.947286 3.050832 1.000000 0.091814 0.003924 2.992297 1.000000 0.092305 -0.506984 3.107557 1.000000 0.126594 -0.866326 3.095261 1.000000 0.136149 -0.951876 3.050288 1.000000
31239182514 0.017544 0.084185 2.995103 1.000000 0.016512 0.151041 3.033055 1.000000 0.027134 0.502711 3.017008 1.000000 0.039399 0.674458 2.965566 1.000000 -0.136418 0.408514 3.020674 1.000000 -0.201834 0.136009 3.011111 1.000000 -0.227789 -0.097556 2.952706 1.000000 -0.219139 -0.172864 2.945841 1.000000 0.202620 0.404690 3.043267 1.000000 0.252043 0.124149 3.047155 1.000000 0.276333 -0.111665 3.001302 1.000000 0.273764 -0.204720 2.992870 1.000000 -0.060387 0.012199 2.984657 1.000000 -0.107239 -0.495304 3.105259 1.000000 -0.138255 -0.866296 3.099726 1.000000 -0.166804 -0.947282 3.052349 1.000000 0.091810 0.003827 2.992283 1.000000 0.095677 -0.508256 3.107426 1.000000 0.126206 -0.869771 3.095039 1.000000 0.135943 -0.952896 3.051562 1.000000
31239215470 0.017563 0.084145 2.995055 1.000000 0.016523 0.151054 3.032767 1.000000 0.027180 0.502901 3.016696 1.000000 0.040074 0.678583 2.965443 1.000000 -0.136461 0.409166 3.019910 1.000000 -0.202053 0.135689 3.010864 1.000000 -0.227825 -0.098000 2.952673 1.000000 -0.219369 -0.173060 2.945513 1.000000 0.202810 0.404296 3.042737 1.000000 0.252251 0.124110 3.047962 1.000000 0.276968 -0.111615 3.001333 1.000000 0.273675 -0.204382 2.992895 1.000000 -0.060355 0.012112 2.984675 1.000000 -0.107937 -0.498171 3.106194 1.000000 -0.138715 -0.872325 3.094464 1.000000 -0.167218 -0.948488 3.051882 1.000000 0.091828 0.003794 2.992206 1.000000 0.096371 -0.507496 3.106762 1.000000 0.125970 -0.871556 3.095684 1.000000 0.137681 -0.953846 3.055638 1.000000
31239248557 0.017588 0.084071 2.995070 1.000000 0.016523 0.151064 3.032487 1.000000 0.026704 0.502968 3.016024 1.000000 0.040369 0.678830 2.965460 1.000000 -0.136526 0.408984 3.019735 1.000000 -0.202044 0.135601 3.010744 1.000000 -0.227876 -0.098192 2.952836 1.000000 -0.220565 -0.173450 2.947304 1.000000 0.202881 0.404218 3.042759 1.000000 0.252300 0.124156 3.048228 1.000000 0.277052 -0.111595 3.001422 1.000000 0.273779 -0.204368 2.992815 1.000000 -0.060257 0.012026 2.984674 1.000000 -0.108532 -0.498939 3.105773 1.000000 -0.138314 -0.871421 3.097350 1.000000 -0.167513 -0.949359 3.054579 1.000000 0.091908 0.003533 2.992389 1.000000 0.097102 -0.507474 3.106584 1.000000 0.125993 -0.871736 3.095742 1.000000 0.137825 -0.953989 3.056301 1.000000
31239292269 0.017536 0.083951 2.994958 1.000000 0.016423 0.151070 3.031973 1.000000 0.026321 0.503329 3.015045 1.000000 0.040619 0.678354 2.964591 1.000000 -0.136537 0.408928 3.019613 1.000000 -0.202111 0.135488 3.010613 1.000000 -0.227857 -0.098400 2.952946 1.000000 -0.222330 -0.173428 2.948271 1.000000 0.203047 0.404266 3.043094 1.000000 0.253118 0.125975 3.051175 1.000000 0.277417 -0.109577 3.002405 1.000000 0.273925 -0.204428 2.992838 1.000000 -0.060310 0.011716 2.984454 1.000000 -0.108541 -0.500174 3.107160 1.000000 -0.137204 -0.848440 3.104821 1.000000 -0.169283 -0.946942 3.052119 1.000000 0.091899 0.003477 2.992430 1.000000 0.096448 -0.508142 3.106941 1.000000 0.126624 -0.873559 3.096265 1.000000 0.137515 -0.953537 3.056210 1.000000
31239324788 0.017523 0.083936 2.994896 1.000000 0.016317 0.151090 3.031601 1.000000 0.026407 0.503385 3.014969 1.000000 0.039945 0.676961 2.963805 1.000000 -0.136681 0.408198 3.018635 1.000000 -0.202146 0.135423 3.010614 1.000000 -0.228085 -0.098519 2.953196 1.000000 -0.223810 -0.173722 2.952233 1.000000 0.203284 0.404159 3.043415 1.000000 0.253098 0.126003 3.051287 1.000000 0.277721 -0.109531 3.002441 1.000000 0.276975 -0.206355 2.990655 1.000000 -0.060368 0.011670 2.984327 1.000000 -0.111554 -0.491908 3.107133 1.000000 -0.136647 -0.845262 3.104666 1.000000 -0.169641 -0.944030 3.052906 1.000000 0.091896 0.003434 2.992425 1.000000 0.099754 -0.506447 3.106453 1.000000 0.126213 -0.873448 3.096718 1.000000 0.137755 -0.952528 3.052904 1.000000
31239356276 0.017395 0.083597 2.994615 1.000000 0.016288 0.150889 3.031179 1.000000 0.026326 0.503576 3.015003 1.000000 0.039743 0.673839 2.961802 1.000000 -0.136567 0.408646 3.018703 1.000000 -0.202138 0.135415 3.010620 1.000000 -0.228282 -0.098652 2.953870 1.000000 -0.223871 -0.173798 2.952334 1.000000 0.202899 0.404119 3.042887 1.000000 0.253040 0.126966 3.051319 1.000000 0.277667 -0.108644 3.002834 1.000000 0.278449 -0.207610 2.989529 1.000000 -0.060406 0.011393 2.984103 1.000000 -0.111609 -0.491149 3.105090 1.000000 -0.136445 -0.853972 3.096891 1.000000 -0.171841 -0.943484 3.047896 1.000000 0.091744 0.003299 2.992165 1.000000 0.102088 -0.504236 3.103831 1.000000 0.125879 -0.875667 3.091221 1.000000 0.137578 -0.952685 3.053354 1.000000
31239399232 0.017663 0.083911 2.994477 1.000000 0.016560 0.151223 3.030805 1.000000 0.026612 0.503951 3.014846 1.000000 0.039927 0.675202 2.962225 1.000000 -0.136579 0.408624 3.018723 1.000000 -0.202039 0.135110 3.010207 1.000000 -0.228378 -0.099135 2.954280 1.000000 -0.224442 -0.173864 2.953603 1.000000 0.202710 0.405516 3.043185 1.000000 0.253836 0.125864 3.050263 1.000000 0.280788 -0.109942 3.004587 1.000000 0.279094 -0.208133 2.989493 1.000000 -0.060093 0.011539 2.983954 1.000000 -0.096623 -0.493745 3.106204 1.000000 -0.136727 -0.853028 3.097764 1.000000 -0.171571 -0.946660 3.052294 1.000000 0.092016 0.003904 2.992104 1.000000 0.102754 -0.505505 3.103730 1.000000 0.126132 -0.874689 3.092062 1.000000 0.138183 -0.952961 3.053366 1.000000
31239432315 0.017964 0.085533 2.994132 1.000000 0.016883 0.152283 3.030378 1.000000 0.026715 0.503927 3.014825 1.000000 0.038118 0.671744 2.962445 1.000000 -0.136232 0.408721 3.018905 1.000000 -0.202443 0.136146 3.009923 1.000000 -0.229393 -0.098073 2.953996 1.000000 -0.226150 -0.174995 2.957038 1.000000 0.202533 0.405904 3.042895 1.000000 0.254192 0.125863 3.050844 1.000000 0.280923 -0.109913 3.004458 1.000000 0.279132 -0.208057 2.989465 1.000000 -0.059611 0.014747 2.982894 1.000000 -0.107168 -0.470010 3.095093 1.000000 -0.134190 -0.858188 3.093534 1.000000 -0.168367 -0.939577 3.052713 1.000000 0.092231 0.005131 2.992126 1.000000 0.103027 -0.427246 3.073854 1.000000 0.126438 -0.855487 3.088138 1.000000 0.132998 -0.899922 2.997908 1.000000
31239465457 0.017920 0.085405 2.994083 1.000000 0.016864 0.152214 3.030214 1.000000 0.026713 0.503933 3.014848 1.000000 0.037767 0.671972 2.961119 1.000000 -0.136217 0.408834 3.019053 1.000000 -0.202557 0.134203 3.009243 1.000000 -0.229849 -0.100277 2.954610 1.000000 -0.226560 -0.175330 2.957141 1.000000 0.202579 0.406181 3.043044 1.000000 0.254215 0.125887 3.050809 1.000000 0.280652 -0.109993 3.004433 1.000000 0.279365 -0.208379 2.989449 1.000000 -0.059628 0.014642 2.982884 1.000000 -0.109028 -0.496108 3.107157 1.000000 -0.134997 -0.858674 3.094285 1.000000 -0.168502 -0.940367 3.052811 1.000000 0.092125 0.004856 2.992020 1.000000 0.108093 -0.508301 3.099262 1.000000 0.126855 -0.873868 3.090043 1.000000 0.137843 -0.953804 3.051791 1.000000
31239509068 0.018006 0.084935 2.994019 1.000000 0.016913 0.151876 3.030089 1.000000 0.026713 0.503881 3.014990 1.000000 0.038266 0.671154 2.963683 1.000000 -0.136391 0.408447 3.018662 1.000000 -0.202589 0.134041 3.008792 1.000000 -0.230598 -0.100627 2.955293 1.000000 -0.226987 -0.175546 2.957443 1.000000 0.202701 0.406304 3.042899 1.000000 0.254688 0.124907 3.051215 1.000000 0.280772 -0.111019 3.004351 1.000000 0.280152 -0.208664 2.990332 1.000000 -0.059560 0.013430 2.982861 1.000000 -0.109405 -0.495266 3.106203 1.000000 -0.134035 -0.838766 3.103442 1.000000 -0.168289 -0.936427 3.051397 1.000000 0.092294 0.004477 2.991872 1.000000 0.107949 -0.507934 3.098862 1.000000 0.126848 -0.871778 3.094480 1.000000 0.136978 -0.952617 3.050064 1.000000
31239541762 0.017950 0.084782 2.994048 1.000000 0.016858 0.151691 3.030091 1.000000 0.026651 0.503582 3.015428 1.000000 0.038216 0.670365 2.964720 1.000000 -0.136322 0.408315 3.018404 1.000000 -0.202641 0.133913 3.008890 1.000000 -0.230688 -0.100802 2.955254 1.000000 -0.227767 -0.175828 2.957512 1.000000 0.202860 0.405922 3.042688 1.000000 0.254909 0.124097 3.051511 1.000000 0.281722 -0.111740 3.004074 1.000000 0.281276 -0.209412 2.992187 1.000000 -0.059662 0.013265 2.982902 1.000000 -0.112030 -0.473125 3.094347 1.000000 -0.134371 -0.838467 3.103111 1.000000 -0.168352 -0.937453 3.052874 1.000000 0.092269 0.004269 2.991857 1.000000 0.108260 -0.505794 3.100295 1.000000 0.126843 -0.871185 3.098241 1.000000 0.137006 -0.951752 3.046941 1.000000
31239573292 0.017646 0.085014 2.993591 1.000000 0.016728 0.151843 3.029519 1.000000 0.027236 0.502719 3.014392 1.000000 0.037016 0.669917 2.963513 1.000000 -0.136251 0.408475 3.018865 1.000000 -0.202809 0.134082 3.008459 1.000000 -0.230626 -0.100811 2.955315 1.000000 -0.228333 -0.176062 2.956296 1.000000 0.202774 0.405192 3.042671 1.000000 0.255039 0.123931 3.051852 1.000000 0.281477 -0.111987 3.004222 1.000000 0.281245 -0.209430 2.992003 1.000000 -0.060184 0.013650 2.982516 1.000000 -0.109895 -0.462974 3.093020 1.000000 -0.140553 -0.892550 3.072930 1.000000 -0.179907 -0.960617 3.039688 1.000000 0.091876 0.004432 2.991408 1.000000 0.100069 -0.479441 3.088941 1.000000 0.126126 -0.873792 3.097800 1.000000 0.137176 -0.951513 3.046829 1.000000
31239615466 0.017650 0.084993 2.993601 1.000000 0.016719 0.151856 3.029426 1.000000 0.027150 0.503005 3.014318 1.000000 0.037993 0.672303 2.962028 1.000000 -0.136073 0.408977 3.018908 1.000000 -0.202863 0.134049 3.008158 1.000000 -0.230627 -0.100969 2.955275 1.000000 -0.228675 -0.176080 2.956444 1.000000 0.203004 0.405590 3.042871 1.000000 0.254980 0.123872 3.052962 1.000000 0.281428 -0.111955 3.004219 1.000000 0.281753 -0.209515 2.991702 1.000000 -0.060160 0.013632 2.982528 1.000000 -0.065430 -0.509766 3.111000 1.000000 -0.135254 -0.849121 3.113965 1.000000 -0.168290 -0.939727 3.050287 1.000000 0.091878 0.004345 2.991466 1.000000 0.093872 -0.494606 3.100426 1.000000 0.126515 -0.877179 3.095078 1.000000 0.137325 -0.951626 3.047297 1.000000
31239649443 0.017710 0.084918 2.993580 1.000000 0.016721 0.151717 3.029448 1.000000 0.027462 0.502994 3.015304 1.000000 0.038301 0.669864 2.967548 1.000000 -0.136611 0.406261 3.018043 1.000000 -0.203001 0.134161 3.008556 1.000000 -0.230655 -0.100832 2.955206 1.000000 -0.229871 -0.176148 2.956685 1.000000 0.203164 0.405513 3.042862 1.000000 0.254626 0.124341 3.053519 1.000000 0.283591 -0.111576 3.004695 1.000000 0.282625 -0.209661 2.991363 1.000000 -0.060152 0.013449 2.982457 1.000000 -0.107727 -0.472900 3.097333 1.000000 -0.134120 -0.810243 3.118288 1.000000 -0.160323 -0.910466 3.065970 1.000000 0.092071 0.004126 2.991304 1.000000 0.096545 -0.492730 3.098501 1.000000 0.126405 -0.876630 3.095221 1.000000 0.137026 -0.951062 3.047838 1.000000
31239682326 0.017316 0.085349 2.993274 1.000000 0.016426 0.152027 3.029145 1.000000 0.027541 0.502949 3.014971 1.000000 0.037133 0.666297 2.963053 1.000000 -0.136606 0.406257 3.018014 1.000000 -0.203279 0.134091 3.008383 1.000000 -0.230789 -0.100992 2.955240 1.000000 -0.231404 -0.176690 2.954106 1.000000 0.203180 0.405568 3.043125 1.000000 0.254689 0.124485 3.053379 1.000000 0.284742 -0.113125 3.006529 1.000000 0.283852 -0.209273 2.990656 1.000000 -0.060786 0.013708 2.982023 1.000000 -0.108278 -0.459811 3.092134 1.000000 -0.134277 -0.872559 3.096380 1.000000 -0.166231 -0.937067 3.048928 1.000000 0.091616 0.004759 2.991183 1.000000 0.102235 -0.481207 3.093788 1.000000 0.124548 -0.870661 3.089188 1.000000 0.138540 -0.953660 3.048738 1.000000
31239725846 0.017417 0.084111 2.993304 1.000000 0.016615 0.151301 3.029169 1.000000 0.027880 0.503220 3.015012 1.000000 0.037046 0.666295 2.963037 1.000000 -0.136656 0.406300 3.017865 1.000000 -0.203106 0.134071 3.008527 1.000000 -0.230720 -0.101038 2.955438 1.000000 -0.231794 -0.176503 2.954106 1.000000 0.203044 0.404296 3.042377 1.000000 0.254830 0.124451 3.054094 1.000000 0.285046 -0.113889 3.006568 1.000000 0.284996 -0.209021 2.990439 1.000000 -0.060873 0.011718 2.982321 1.000000 -0.109662 -0.506238 3.106905 1.000000 -0.135673 -0.876279 3.099488 1.000000 -0.174890 -0.951486 3.048137 1.000000 0.091715 0.003994 2.991142 1.000000 0.104936 -0.490702 3.095378 1.000000 0.124840 -0.870758 3.091678 1.000000 0.137876 -0.952277 3.048537 1.000000
31239758401 0.017438 0.083983 2.993336 1.000000 0.016560 0.151066 3.029388 1.000000 0.027643 0.503334 3.016351 1.000000 0.037715 0.666409 2.963302 1.000000 -0.136583 0.406528 3.017664 1.000000 -0.203441 0.133567 3.008303 1.000000 -0.231197 -0.101688 2.955998 1.000000 -0.231977 -0.176345 2.954467 1.000000 0.203159 0.403762 3.042622 1.000000 0.254807 0.124084 3.054720 1.000000 0.285132 -0.112905 3.006883 1.000000 0.285959 -0.208368 2.988530 1.000000 -0.060836 0.011523 2.982193 1.000000 -0.111076 -0.492258 3.101663 1.000000 -0.137086 -0.854850 3.102594 1.000000 -0.173533 -0.950310 3.048041 1.000000 0.091777 0.003875 2.991184 1.000000 0.103535 -0.495176 3.097932 1.000000 0.125408 -0.869225 3.098622 1.000000 0.137392 -0.951769 3.048169 1.000000
31239789957 0.017861 0.083347 2.993268 1.000000 0.016950 0.150578 3.029449 1.000000 0.027836 0.503371 3.016293 1.000000 0.038493 0.666692 2.964229 1.000000 -0.136595 0.406287 3.017983 1.000000 -0.203427 0.133600 3.008407 1.000000 -0.231943 -0.101609 2.956227 1.000000 -0.231932 -0.176203 2.954563 1.000000 0.203240 0.403490 3.042634 1.000000 0.254813 0.124423 3.054780 1.000000 0.290388 -0.110604 3.007656 1.000000 0.286698 -0.206793 2.985686 1.000000 -0.060418 0.010711 2.982228 1.000000 -0.087122 -0.497886 3.111302 1.000000 -0.138666 -0.864045 3.095877 1.000000 -0.173215 -0.950407 3.048572 1.000000 0.092307 0.003271 2.991050 1.000000 0.104138 -0.495774 3.097863 1.000000 0.124978 -0.870532 3.096938 1.000000 0.138457 -0.951975 3.047786 1.000000
31239833579 0.017807 0.083170 2.993265 1.000000 0.016877 0.150492 3.029549 1.000000 0.027979 0.503649 3.016224 1.000000 0.039125 0.667045 2.964938 1.000000 -0.136512 0.407155 3.017625 1.000000 -0.203931 0.133082 3.008185 1.000000 -0.233134 -0.102183 2.956646 1.000000 -0.233405 -0.175671 2.950294 1.000000 0.203420 0.403250 3.042645 1.000000 0.255000 0.124348 3.054976 1.000000 0.291805 -0.110304 3.006353 1.000000 0.288463 -0.204953 2.985161 1.000000 -0.060546 0.010406 2.982305 1.000000 -0.102326 -0.493144 3.105454 1.000000 -0.136310 -0.844993 3.103766 1.000000 -0.170922 -0.943063 3.052288 1.000000 0.092252 0.003102 2.991009 1.000000 0.103348 -0.501825 3.099782 1.000000 0.125496 -0.871011 3.097114 1.000000 0.137852 -0.951176 3.046761 1.000000
31239866465 0.019345 0.088825 2.992640 1.000000 0.017938 0.153924 3.029220 1.000000 0.028034 0.503435 3.016123 1.000000 0.039011 0.665204 2.964745 1.000000 -0.136470 0.407188 3.017652 1.000000 -0.204464 0.133682 3.009147 1.000000 -0.237307 -0.101383 2.959196 1.000000 -0.241929 -0.169558 2.946532 1.000000 0.203386 0.403102 3.042485 1.000000 0.255399 0.124421 3.055437 1.000000 0.297228 -0.108906 3.003578 1.000000 0.291134 -0.199562 2.984523 1.000000 -0.059373 0.013850 2.981276 1.000000 -0.116380 -0.398764 3.065868 1.000000 -0.131725 -0.827358 3.092157 1.000000 -0.167556 -0.929851 3.051382 1.000000 0.094953 0.012429 2.990664 1.000000 0.107788 -0.411377 3.077780 1.000000 0.125679 -0.841453 3.089017 1.000000 0.137512 -0.949116 3.047544 1.000000
31239899474 0.019646 0.088009 2.992443 1.000000 0.018119 0.153556 3.029279 1.000000 0.028038 0.503564 3.016185 1.000000 0.039383 0.665461 2.964493 1.000000 -0.136462 0.407215 3.017707 1.000000 -0.204953 0.132585 3.010511 1.000000 -0.247998 -0.100510 2.958363 1.000000 -0.248198 -0.167360 2.943432 1.000000 0.202887 0.403388 3.042502 1.000000 0.256521 0.125478 3.055772 1.000000 0.299681 -0.107323 3.002015 1.000000 0.297490 -0.198199 2.981893 1.000000 -0.058884 0.013765 2.981018 1.000000 -0.109436 -0.494873 3.099267 1.000000 -0.133379 -0.866617 3.095849 1.000000 -0.174021 -0.944795 3.043903 1.000000 0.095097 0.010238 2.990412 1.000000 0.106750 -0.497314 3.101220 1.000000 0.127093 -0.846693 3.089496 1.000000 0.133909 -0.891026 2.999026 1.000000
31239942797 0.019656 0.087927 2.992411 1.000000 0.018099 0.153473 3.029432 1.000000 0.027797 0.503374 3.016441 1.000000 0.039647 0.665050 2.964340 1.000000 -0.136418 0.406671 3.017148 1.000000 -0.205723 0.132695 3.011392 1.000000 -0.274107 -0.092597 2.950372 1.000000 -0.266128 -0.154761 2.918734 1.000000 0.202825 0.402769 3.042014 1.000000 0.257197 0.125566 3.055946 1.000000 0.311838 -0.103398 2.994686 1.000000 0.309772 -0.186490 2.970305 1.000000 -0.058837 0.013852 2.980852 1.000000 -0.102722 -0.432861 3.079720 1.000000 -0.128959 -0.852715 3.101606 1.000000 -0.172018 -0.939248 3.043131 1.000000 0.095185 0.009619 2.990444 1.000000 0.097347 -0.473661 3.082591 1.000000 0.127232 -0.846401 3.093817 1.000000 0.138511 -0.951451 3.048281 1.000000
31239975493 0.019664 0.087870 2.992465 1.000000 0.018127 0.153436 3.029622 1.000000 0.027966 0.503318 3.016480 1.000000 0.039746 0.664652 2.964124 1.000000 -0.136461 0.406582 3.017250 1.000000 -0.206666 0.145633 3.016007 1.000000 -0.293457 -0.066704 2.931620 1.000000 -0.288326 -0.129795 2.900080 1.000000 0.202889 0.402591 3.042042 1.000000 0.262086 0.130524 3.061453 1.000000 0.322174 -0.094281 2.988793 1.000000 0.334698 -0.171340 2.949836 1.000000 -0.058841 0.013898 2.980851 1.000000 -0.107035 -0.460080 3.093512 1.000000 -0.132497 -0.859151 3.096978 1.000000 -0.170038 -0.939484 3.043226 1.000000 0.095130 0.009017 2.990765 1.000000 0.098282 -0.474799 3.085248 1.000000 0.127560 -0.852447 3.094020 1.000000 0.138385 -0.951471 3.047827 1.000000
31240007062 0.019600 0.087847 2.992445 1.000000 0.018112 0.153455 3.029637 1.000000 0.027582 0.502652 3.015708 1.000000 0.039923 0.663334 2.961514 1.000000 -0.136693 0.406386 3.017963 1.000000 -0.212193 0.148326 3.019817 1.000000 -0.308270 -0.051708 2.914961 1.000000 -0.299674 -0.117981 2.885334 1.000000 0.202781 0.402289 3.042244 1.000000 0.266875 0.133249 3.065728 1.000000 0.333187 -0.086562 2.982369 1.000000 0.344919 -0.162708 2.941748 1.000000 -0.058978 0.013985 2.980936 1.000000 -0.113170 -0.419962 3.076912 1.000000 -0.133048 -0.850262 3.095731 1.000000 -0.172603 -0.943606 3.043953 1.000000 0.095075 0.008876 2.990735 1.000000 0.099795 -0.473929 3.085660 1.000000 0.128041 -0.855111 3.092664 1.000000 0.137598 -0.951198 3.048677 1.000000
31240049472 0.019441 0.087559 2.992540 1.000000 0.018030 0.153396 3.029586 1.000000 0.027286 0.502689 3.014850 1.000000 0.040170 0.668657 2.962686 1.000000 -0.137015 0.406231 3.018258 1.000000 -0.225369 0.165382 3.022626 1.000000 -0.317942 -0.032519 2.910385 1.000000 -0.327148 -0.085876 2.854430 1.000000 0.202689 0.402202 3.042376 1.000000 0.268047 0.136241 3.066060 1.000000 0.365072 -0.067347 2.971160 1.000000 0.359751 -0.131030 2.929964 1.000000 -0.059091 0.013913 2.981004 1.000000 -0.076111 -0.503418 3.108979 1.000000 -0.133706 -0.861608 3.098095 1.000000 -0.172122 -0.944071 3.044401 1.000000 0.094844 0.007900 2.991279 1.000000 0.100893 -0.480884 3.088666 1.000000 0.127569 -0.862683 3.093335 1.000000 0.137547 -0.951215 3.048629 1.000000
31240082475 0.019384 0.087648 2.992598 1.000000 0.018111 0.153399 3.029657 1.000000 0.027296 0.502193 3.015340 1.000000 0.040397 0.665007 2.961422 1.000000 -0.137336 0.407411 3.020056 1.000000 -0.232230 0.175867 3.028519 1.000000 -0.338033 -0.002606 2.895469 1.000000 -0.350200 -0.062259 2.841249 1.000000 0.203055 0.401404 3.042953 1.000000 0.274987 0.143447 3.069183 1.000000 0.376512 -0.048876 2.955444 1.000000 0.378415 -0.104313 2.910027 1.000000 -0.059347 0.014497 2.981160 1.000000 -0.104797 -0.466553 3.089427 1.000000 -0.139288 -0.856402 3.102239 1.000000 -0.169100 -0.943255 3.050684 1.000000 0.094832 0.007760 2.991251 1.000000 0.101189 -0.480190 3.088235 1.000000 0.128408 -0.858102 3.101353 1.000000 0.137487 -0.949731 3.048071 1.000000
31240115590 0.019131 0.088486 2.992475 1.000000 0.017881 0.154008 3.029549 1.000000 0.027391 0.502183 3.015304 1.000000 0.040304 0.664819 2.961355 1.000000 -0.137291 0.407731 3.020298 1.000000 -0.240171 0.188444 3.036087 1.000000 -0.358398 0.026642 2.866128 1.000000 -0.366225 -0.036618 2.806976 1.000000 0.202539 0.401764 3.044156 1.000000 0.282288 0.155705 3.066962 1.000000 0.394147 -0.029472 2.951684 1.000000 0.398426 -0.076341 2.891994 1.000000 -0.059672 0.015315 2.981019 1.000000 -0.106233 -0.461295 3.088749 1.000000 -0.140836 -0.858246 3.098827 1.000000 -0.169129 -0.941417 3.045907 1.000000 0.094385 0.009216 2.990983 1.000000 0.099552 -0.473994 3.087932 1.000000 0.126922 -0.865642 3.092202 1.000000 0.138845 -0.951584 3.047052 1.000000
31240159434 0.019038 0.088482 2.992567 1.000000 0.017886 0.154045 3.029581 1.000000 0.027368 0.502244 3.015189 1.000000 0.040298 0.664803 2.961350 1.000000 -0.137751 0.408980 3.021107 1.000000 -0.256884 0.203175 3.038481 1.000000 -0.368472 0.063480 2.860979 1.000000 -0.397267 0.015309 2.794823 1.000000 0.202731 0.401700 3.044307 1.000000 0.293753 0.173578 3.074882 1.000000 0.414181 0.012255 2.933343 1.000000 0.424316 -0.024643 2.875889 1.000000 -0.059867 0.015437 2.981179 1.000000 -0.108222 -0.483637 3.098775 1.000000 -0.138477 -0.851443 3.103435 1.000000 -0.169400 -0.941340 3.047040 1.000000 0.094286 0.008733 2.991252 1.000000 0.105029 -0.486399 3.092906 1.000000 0.126524 -0.866328 3.091328 1.000000 0.138712 -0.951588 3.046959 1.000000
31240192465 0.018917 0.088644 2.992773 1.000000 0.017810 0.154158 3.029630 1.000000 0.027304 0.501890 3.015000 1.000000 0.039807 0.664733 2.960466 1.000000 -0.138534 0.409719 3.022574 1.000000 -0.266458 0.214464 3.043017 1.000000 -0.399579 0.121603 2.855485 1.000000 -0.407959 0.076782 2.797759 1.000000 0.203619 0.401265 3.045811 1.000000 0.302743 0.190787 3.069984 1.000000 0.433196 0.047681 2.918128 1.000000 0.441406 0.016495 2.838775 1.000000 -0.060142 0.015743 2.981482 1.000000 -0.107283 -0.482561 3.098140 1.000000 -0.139102 -0.848155 3.104117 1.000000 -0.168884 -0.941810 3.047085 1.000000 0.094257 0.008455 2.991532 1.000000 0.105386 -0.487331 3.094482 1.000000 0.126983 -0.868555 3.097289 1.000000 0.138785 -0.951535 3.047771 1.000000
31240225188 0.018852 0.089379 2.992853 1.000000 0.017714 0.154696 3.029516 1.000000 0.026861 0.501580 3.014533 1.000000 0.039708 0.664120 2.959494 1.000000 -0.139051 0.410079 3.023491 1.000000 -0.278074 0.226044 3.053543 1.000000 -0.400174 0.136339 2.857372 1.000000 -0.444534 0.110921 2.752142 1.000000 0.204020 0.401070 3.046712 1.000000 0.317941 0.200522 3.076756 1.000000 0.447183 0.072985 2.910410 1.000000 0.480517 0.032134 2.805973 1.000000 -0.060304 0.017026 2.981593 1.000000 -0.109009 -0.401367 3.071770 1.000000 -0.113181 -0.708180 3.135366 1.000000 -0.139010 -0.814562 3.094582 1.000000 0.094332 0.008476 2.991568 1.000000 0.103991 -0.479556 3.090686 1.000000 0.127600 -0.869372 3.094775 1.000000 0.139035 -0.951660 3.045712 1.000000
31240256976 0.018811 0.089439 2.992836 1.000000 0.017518 0.154872 3.029243 1.000000 0.026666 0.501343 3.013444 1.000000 0.039835 0.674713 2.957934 1.000000 -0.139630 0.410794 3.023969 1.000000 -0.287546 0.235295 3.055857 1.000000 -0.428258 0.184051 2.859079 1.000000 -0.472087 0.158656 2.753801 1.000000 0.205311 0.400973 3.048799 1.000000 0.326376 0.205038 3.077430 1.000000 0.470486 0.114898 2.899223 1.000000 0.507363 0.079390 2.794205 1.000000 -0.060381 0.017063 2.981605 1.000000 -0.106445 -0.502930 3.104968 1.000000 -0.139404 -0.860352 3.098236 1.000000 -0.170566 -0.941004 3.046896 1.000000 0.094357 0.008250 2.991609 1.000000 0.105315 -0.490787 3.094816 1.000000 0.127101 -0.869401 3.095162 1.000000 0.138509 -0.951498 3.046971 1.000000
31240299625 0.018843 0.090610 2.992908 1.000000 0.017397 0.155677 3.029122 1.000000 0.026474 0.501166 3.013553 1.000000 0.039147 0.669503 2.957318 1.000000 -0.142114 0.410578 3.025609 1.000000 -0.302046 0.244425 3.050128 1.000000 -0.443530 0.218083 2.849532 1.000000 -0.489769 0.220825 2.742494 1.000000 0.207114 0.400948 3.051742 1.000000 0.343732 0.214092 3.072215 1.000000 0.489905 0.132558 2.892259 1.000000 0.527953 0.121583 2.782557 1.000000 -0.060639 0.017641 2.981536 1.000000 -0.113342 -0.414307 3.069793 1.000000 -0.125819 -0.717544 3.142843 1.000000 -0.146531 -0.823189 3.097643 1.000000 0.094734 0.008349 2.991580 1.000000 0.105631 -0.477337 3.088632 1.000000 0.126863 -0.869669 3.102153 1.000000 0.138110 -0.951419 3.047196 1.000000
31240332219 0.018458 0.092536 2.992869 1.000000 0.017130 0.157107 3.028960 1.000000 0.026442 0.501117 3.013593 1.000000 0.039929 0.667414 2.955879 1.000000 -0.142987 0.410594 3.028133 1.000000 -0.318407 0.257104 3.035557 1.000000 -0.460390 0.270203 2.834745 1.000000 -0.459229 0.279297 2.797730 1.000000 0.208776 0.401665 3.054283 1.000000 0.351566 0.220647 3.076085 1.000000 0.505831 0.173856 2.891024 1.000000 0.542170 0.179494 2.780511 1.000000 -0.061379 0.018508 2.981424 1.000000 -0.106384 -0.460938 3.089299 1.000000 -0.132324 -0.834473 3.107975 1.000000 -0.166563 -0.930263 3.050293 1.000000 0.094893 0.009488 2.991360 1.000000 0.105287 -0.476505 3.088436 1.000000 0.125279 -0.868645 3.089088 1.000000 0.138104 -0.951909 3.046429 1.000000
31240376170 0.018170 0.093395 2.992886 1.000000 0.016881 0.158049 3.028960 1.000000 0.025545 0.501883 3.014128 1.000000 0.039983 0.667237 2.955797 1.000000 -0.145874 0.409970 3.029803 1.000000 -0.339976 0.279075 3.022125 1.000000 -0.477550 0.338827 2.828047 1.000000 -0.523408 0.358744 2.767809 1.000000 0.209796 0.402209 3.054871 1.000000 0.376933 0.240549 3.061574 1.000000 0.525555 0.246676 2.866472 1.000000 0.520996 0.260986 2.764519 1.000000 -0.062047 0.018838 2.981306 1.000000 -0.107730 -0.464919 3.091048 1.000000 -0.133197 -0.837704 3.106929 1.000000 -0.165977 -0.935939 3.052275 1.000000 0.095067 0.009580 2.991283 1.000000 0.106175 -0.481576 3.089326 1.000000 0.125150 -0.868789 3.090121 1.000000 0.138169 -0.951789 3.046213 1.000000
31240408842 0.017932 0.095468 2.992761 1.000000 0.016572 0.159695 3.028974 1.000000 0.025190 0.502064 3.014681 1.000000 0.038341 0.663858 2.955022 1.000000 -0.150146 0.409347 3.031872 1.000000 -0.366270 0.319165 3.002398 1.000000 -0.463160 0.426129 2.804579 1.000000 -0.481371 0.465049 2.730309 1.000000 0.211078 0.404051 3.057857 1.000000 0.392998 0.259153 3.059246 1.000000 0.518203 0.310802 2.854810 1.000000 0.554347 0.338698 2.748077 1.000000 -0.062833 0.019778 2.980423 1.000000 -0.106455 -0.453599 3.086268 1.000000 -0.136273 -0.880726 3.086982 1.000000 -0.171343 -0.947137 3.044319 1.000000 0.095448 0.010172 2.991301 1.000000 0.105846 -0.481741 3.089711 1.000000 0.123760 -0.870005 3.096720 1.000000 0.138204 -0.951572 3.045303 1.000000
31240440631 0.017723 0.096616 2.992725 1.000000 0.016244 0.160838 3.029084 1.000000 0.024547 0.502895 3.015348 1.000000 0.038110 0.664659 2.955269 1.000000 -0.156336 0.409116 3.032128 1.000000 -0.375266 0.327992 2.998325 1.000000 -0.452147 0.473378 2.819069 1.000000 -0.457396 0.529984 2.754597 1.000000 0.212816 0.404102 3.059093 1.000000 0.415980 0.288830 3.035204 1.000000 0.544158 0.335931 2.832316 1.000000 0.569712 0.394509 2.735156 1.000000 -0.063716 0.019693 2.979717 1.000000 -0.108249 -0.468989 3.092506 1.000000 -0.134156 -0.846268 3.107526 1.000000 -0.168650 -0.940894 3.048055 1.000000 0.095896 0.010405 2.991390 1.000000 0.105969 -0.482042 3.090037 1.000000 0.124059 -0.869913 3.096251 1.000000 0.137818 -0.951635 3.045738 1.000000
31240472278 0.017684 0.100038 2.992267 1.000000 0.016136 0.163813 3.028866 1.000000 0.024626 0.503740 3.015558 1.000000 0.036793 0.672597 2.952324 1.000000 -0.162669 0.408616 3.031597 1.000000 -0.406250 0.392578 2.973178 1.000000 -0.429816 0.546543 2.786373 1.000000 -0.420166 0.581055 2.756693 1.000000 0.216288 0.404759 3.060396 1.000000 0.426451 0.303913 3.031779 1.000000 0.520868 0.419697 2.839468 1.000000 0.519531 0.449707 2.795756 1.000000 -0.064848 0.020450 2.978827 1.000000 -0.107778 -0.480124 3.097664 1.000000 -0.134805 -0.848735 3.106716 1.000000 -0.169684 -0.941177 3.046560 1.000000 0.096854 0.011290 2.991076 1.000000 0.106578 -0.496481 3.096158 1.000000 0.124419 -0.869844 3.096421 1.000000 0.137246 -0.952314 3.049418 1.000000
31240515670 0.016398 0.103060 2.992758 1.000000 0.015273 0.166162 3.029810 1.000000 0.024272 0.504249 3.017344 1.000000 0.034801 0.669679 2.952227 1.000000 -0.165752 0.410705 3.031854 1.000000 -0.405764 0.413138 2.965396 1.000000 -0.410982 0.592633 2.804038 1.000000 -0.393311 0.633301 2.772311 1.000000 0.218072 0.404709 3.058497 1.000000 0.443631 0.349303 3.018010 1.000000 0.500686 0.481196 2.821625 1.000000 0.509513 0.539248 2.759161 1.000000 -0.067934 0.022701 2.978201 1.000000 -0.082901 -0.491845 3.101562 1.000000 -0.134867 -0.848120 3.107407 1.000000 -0.169433 -0.939490 3.043770 1.000000 0.096844 0.011789 2.991145 1.000000 0.105871 -0.491610 3.093863 1.000000 0.125167 -0.868636 3.096041 1.000000 0.137499 -0.952298 3.049027 1.000000
31240548735 0.016157 0.106770 2.994156 1.000000 0.014912 0.169042 3.031873 1.000000 0.023759 0.504819 3.020939 1.000000 0.031851 0.667639 2.951625 1.000000 -0.170032 0.414169 3.030096 1.000000 -0.401785 0.435477 2.961380 1.000000 -0.383301 0.631836 2.819180 1.000000 -0.365940 0.691937 2.761162 1.000000 0.219020 0.405827 3.057228 1.000000 0.449968 0.381004 2.999537 1.000000 0.494504 0.540474 2.823259 1.000000 0.472412 0.586426 2.780117 1.000000 -0.068904 0.024857 2.978410 1.000000 -0.096870 -0.489525 3.098049 1.000000 -0.135770 -0.850897 3.112133 1.000000 -0.169481 -0.939416 3.043842 1.000000 0.097509 0.013324 2.991862 1.000000 0.105991 -0.491961 3.093955 1.000000 0.124310 -0.870233 3.089727 1.000000 0.135142 -0.951389 3.052569 1.000000
31240593042 0.015904 0.115952 2.994123 1.000000 0.014933 0.175429 3.032980 1.000000 0.024070 0.504736 3.022806 1.000000 0.029562 0.663423 2.949137 1.000000 -0.171574 0.418289 3.027765 1.000000 -0.399658 0.490479 2.955559 1.000000 -0.363665 0.682275 2.816908 1.000000 -0.324308 0.753156 2.791663 1.000000 0.221088 0.410304 3.053299 1.000000 0.450730 0.411691 2.992532 1.000000 0.466699 0.594165 2.836951 1.000000 0.450696 0.662571 2.789255 1.000000 -0.070634 0.031196 2.976974 1.000000 -0.102898 -0.461282 3.084740 1.000000 -0.136694 -0.843670 3.111248 1.000000 -0.168157 -0.934646 3.043644 1.000000 0.098659 0.023025 2.991018 1.000000 0.099441 -0.399312 3.047525 1.000000 0.131535 -0.822316 3.109913 1.000000 0.134783 -0.929525 3.061617 1.000000
31240626007 0.014382 0.121302 2.994271 1.000000 0.013717 0.179761 3.033998 1.000000 0.024346 0.504759 3.024014 1.000000 0.029071 0.661829 2.950021 1.000000 -0.173980 0.425939 3.022056 1.000000 -0.396310 0.513748 2.955539 1.000000 -0.346766 0.713494 2.836042 1.000000 -0.285607 0.809554 2.820635 1.000000 0.223257 0.415450 3.048250 1.000000 0.453426 0.455005 2.987161 1.000000 0.429932 0.665039 2.848450 1.000000 0.400196 0.735110 2.810765 1.000000 -0.073312 0.035748 2.976687 1.000000 -0.105124 -0.452241 3.081475 1.000000 -0.134630 -0.825303 3.110382 1.000000 -0.164375 -0.918613 3.044912 1.000000 0.097357 0.027845 2.990437 1.000000 0.099548 -0.468506 3.081333 1.000000 0.121094 -0.873535 3.088352 1.000000 0.135501 -0.951255 3.051832 1.000000
31240674377 0.014109 0.124577 2.993185 1.000000 0.013375 0.182296 3.033738 1.000000 0.024852 0.504568 3.024042 1.000000 0.029332 0.660442 2.950448 1.000000 -0.173360 0.431307 3.017034 1.000000 -0.381592 0.564453 2.941842 1.000000 -0.291036 0.764040 2.854613 1.000000 -0.240723 0.814453 2.848433 1.000000 0.224603 0.422672 3.045859 1.000000 0.455054 0.478219 2.988215 1.000000 0.415582 0.684402 2.855349 1.000000 0.375244 0.762207 2.830855 1.000000 -0.074318 0.038726 2.975788 1.000000 -0.109225 -0.433525 3.073816 1.000000 -0.129771 -0.852782 3.105536 1.000000 -0.168423 -0.933877 3.037548 1.000000 0.097026 0.032121 2.988492 1.000000 0.099585 -0.468038 3.081488 1.000000 0.121159 -0.859479 3.090409 1.000000 0.135631 -0.951231 3.050465 1.000000
31240707756 0.014038 0.125310 2.992961 1.000000 0.012985 0.183229 3.034090 1.000000 0.024665 0.505048 3.024076 1.000000 0.028989 0.660909 2.950117 1.000000 -0.173051 0.438158 3.012115 1.000000 -0.377105 0.571183 2.945088 1.000000 -0.240967 0.796387 2.867953 1.000000 -0.209661 0.862382 2.824899 1.000000 0.226532 0.432330 3.043313 1.000000 0.452046 0.497147 2.988509 1.000000 0.404399 0.701057 2.877692 1.000000 0.346163 0.796152 2.850772 1.000000 -0.074332 0.038876 2.975860 1.000000 -0.107056 -0.492188 3.094934 1.000000 -0.132000 -0.856530 3.102450 1.000000 -0.169741 -0.946030 3.047378 1.000000 0.097046 0.033692 2.987568 1.000000 0.101762 -0.472784 3.084061 1.000000 0.122316 -0.863585 3.090354 1.000000 0.135655 -0.951357 3.050627 1.000000
31240741024 0.013189 0.127203 2.992001 1.000000 0.012204 0.184964 3.033727 1.000000 0.024750 0.505358 3.023720 1.000000 0.029054 0.659517 2.949317 1.000000 -0.171469 0.443014 3.009723 1.000000 -0.366290 0.591983 2.953811 1.000000 -0.239453 0.796902 2.871031 1.000000 -0.172921 0.848195 2.882649 1.000000 0.226874 0.433800 3.040567 1.000000 0.444092 0.548828 2.980866 1.000000 0.388340 0.753462 2.876622 1.000000 0.323068 0.845847 2.857388 1.000000 -0.075162 0.039933 2.975971 1.000000 -0.108235 -0.461715 3.083889 1.000000 -0.130935 -0.862706 3.099332 1.000000 -0.168902 -0.946136 3.047898 1.000000 0.095497 0.037607 2.984825 1.000000 0.101934 -0.469070 3.082083 1.000000 0.123165 -0.863830 3.092372 1.000000 0.135903 -0.951583 3.050653 1.000000
31240774514 0.011269 0.134372 2.990047 1.000000 0.010916 0.190387 3.032581 1.000000 0.025011 0.505587 3.023090 1.000000 0.028344 0.658756 2.949022 1.000000 -0.171228 0.445377 3.008609 1.000000 -0.357447 0.601444 2.956650 1.000000 -0.234828 0.794263 2.912811 1.000000 -0.167224 0.844669 2.921030 1.000000 0.228579 0.436766 3.038164 1.000000 0.441563 0.563466 2.980836 1.000000 0.373347 0.769501 2.889794 1.000000 0.304983 0.860164 2.874084 1.000000 -0.078698 0.047458 2.975328 1.000000 -0.107648 -0.463809 3.087698 1.000000 -0.135518 -0.871505 3.091856 1.000000 -0.169123 -0.945751 3.047335 1.000000 0.093960 0.042888 2.982201 1.000000 0.098488 -0.469116 3.080742 1.000000 0.123732 -0.863962 3.091467 1.000000 0.135514 -0.951825 3.049479 1.000000
31240824732 0.012638 0.141003 2.988482 1.000000 0.012592 0.196219 3.031384 1.000000 0.027093 0.506764 3.020937 1.000000 0.028129 0.661740 2.949345 1.000000 -0.171163 0.449607 3.006220 1.000000 -0.341223 0.630747 2.958831 1.000000 -0.211643 0.817731 2.909392 1.000000 -0.172196 0.883194 2.872988 1.000000 0.230103 0.445977 3.033692 1.000000 0.435111 0.593011 2.986941 1.000000 0.353901 0.789416 2.884816 1.000000 0.280071 0.876668 2.877420 1.000000 -0.077903 0.052981 2.975078 1.000000 -0.106258 -0.473262 3.090855 1.000000 -0.136877 -0.847878 3.098904 1.000000 -0.169532 -0.945703 3.046864 1.000000 0.095109 0.049533 2.979848 1.000000 0.099785 -0.473166 3.081389 1.000000 0.124224 -0.864474 3.092476 1.000000 0.135656 -0.951729 3.049430 1.000000
31240857056 0.013725 0.149980 2.986585 1.000000 0.012958 0.203905 3.029825 1.000000 0.027051 0.508395 3.019064 1.000000 0.028474 0.660843 2.949269 1.000000 -0.170475 0.480392 3.003616 1.000000 -0.336541 0.638731 2.960653 1.000000 -0.204723 0.825757 2.923298 1.000000 -0.169718 0.895407 2.890523 1.000000 0.231520 0.454825 3.031340 1.000000 0.427586 0.608723 2.986734 1.000000 0.298076 0.794748 2.934004 1.000000 0.224767 0.881958 2.923548 1.000000 -0.077054 0.062628 2.973913 1.000000 -0.106273 -0.473199 3.090693 1.000000 -0.137591 -0.861098 3.091959 1.000000 -0.173125 -0.952807 3.051123 1.000000 0.097217 0.057191 2.977578 1.000000 0.100682 -0.472541 3.081570 1.000000 0.124480 -0.864567 3.092407 1.000000 0.136043 -0.950978 3.047225 1.000000
31240879294 0.014737 0.155924 2.984691 1.000000 0.014250 0.208936 3.028239 1.000000 0.028020 0.509288 3.016583 1.000000 0.029365 0.657025 2.948946 1.000000 -0.171465 0.480943 3.004050 1.000000 -0.333563 0.643312 2.964249 1.000000 -0.205162 0.833610 2.939646 1.000000 -0.170195 0.903232 2.906992 1.000000 0.229742 0.457974 3.028606 1.000000 0.418671 0.636691 2.991117 1.000000 0.280031 0.814287 2.932382 1.000000 0.206796 0.901409 2.921937 1.000000 -0.076482 0.064801 2.973392 1.000000 -0.109436 -0.411377 3.071214 1.000000 -0.132018 -0.844885 3.088743 1.000000 -0.169585 -0.943251 3.051057 1.000000 0.098575 0.068998 2.973694 1.000000 0.093506 -0.405762 3.053636 1.000000 0.122510 -0.836901 3.087719 1.000000 0.135522 -0.948015 3.051039 1.000000
31240924771 0.013620 0.161858 2.983558 1.000000 0.013012 0.215441 3.027407 1.000000 0.025235 0.515779 3.015032 1.000000 0.031605 0.661389 2.943694 1.000000 -0.173527 0.490409 3.004339 1.000000 -0.319580 0.667301 2.969041 1.000000 -0.151177 0.823338 2.956938 1.000000 -0.105530 0.843750 2.967432 1.000000 0.229740 0.467840 3.026648 1.000000 0.410592 0.642608 2.991681 1.000000 0.273124 0.821586 2.936257 1.000000 0.199972 0.908610 2.925824 1.000000 -0.076577 0.074261 2.968603 1.000000 -0.108582 -0.481689 3.088747 1.000000 -0.135279 -0.857396 3.098803 1.000000 -0.169893 -0.941891 3.047993 1.000000 0.097837 0.070949 2.974402 1.000000 0.103699 -0.486328 3.082888 1.000000 0.124987 -0.866785 3.090816 1.000000 0.136660 -0.952167 3.050375 1.000000
31240957071 0.014610 0.165174 2.981964 1.000000 0.014198 0.217995 3.026110 1.000000 0.027539 0.515619 3.012911 1.000000 0.030698 0.661104 2.943155 1.000000 -0.173410 0.497554 3.003711 1.000000 -0.320345 0.673380 2.968708 1.000000 -0.153432 0.829827 2.971284 1.000000 -0.097794 0.881975 2.976559 1.000000 0.227932 0.473579 3.025082 1.000000 0.407324 0.648283 2.992627 1.000000 0.261707 0.821568 2.942580 1.000000 0.188644 0.908486 2.932159 1.000000 -0.074947 0.079163 2.965800 1.000000 -0.108561 -0.481724 3.088698 1.000000 -0.136148 -0.856528 3.099257 1.000000 -0.169011 -0.942956 3.048866 1.000000 0.097714 0.072941 2.974149 1.000000 0.110035 -0.459526 3.078463 1.000000 0.125489 -0.866829 3.091136 1.000000 0.136576 -0.952195 3.050499 1.000000
31240979346 0.015595 0.166865 2.980745 1.000000 0.014983 0.218947 3.025349 1.000000 0.028014 0.514581 3.012164 1.000000 0.031318 0.659105 2.943331 1.000000 -0.170993 0.489694 3.002482 1.000000 -0.307375 0.673753 2.971685 1.000000 -0.152224 0.842314 2.962503 1.000000 -0.100507 0.898501 2.963855 1.000000 0.227040 0.476164 3.024841 1.000000 0.397375 0.672822 2.998165 1.000000 0.233216 0.826709 2.941662 1.000000 0.160222 0.913544 2.931251 1.000000 -0.072629 0.081825 2.964218 1.000000 -0.108463 -0.480411 3.087571 1.000000 -0.136171 -0.852741 3.099380 1.000000 -0.169703 -0.942464 3.046043 1.000000 0.098042 0.075064 2.972992 1.000000 0.108615 -0.465037 3.077916 1.000000 0.125655 -0.869053 3.088151 1.000000 0.136958 -0.952250 3.049803 1.000000
31241024472 0.015852 0.168086 2.978883 1.000000 0.014888 0.220191 3.023440 1.000000 0.025569 0.514321 3.008855 1.000000 0.023150 0.663284 2.939311 1.000000 -0.169226 0.486365 3.001404 1.000000 -0.301051 0.676042 2.975093 1.000000 -0.129427 0.825979 2.984046 1.000000 -0.101013 0.833252 2.987882 1.000000 0.224758 0.478779 3.024620 1.000000 0.395056 0.676493 2.999320 1.000000 0.216626 0.818888 2.968365 1.000000 0.143697 0.905647 2.957964 1.000000 -0.070789 0.084104 2.961432 1.000000 -0.108503 -0.480443 3.087353 1.000000 -0.136893 -0.849860 3.102286 1.000000 -0.169514 -0.941252 3.044728 1.000000 0.098120 0.076735 2.972081 1.000000 0.107845 -0.465904 3.077715 1.000000 0.126501 -0.869084 3.094290 1.000000 0.137003 -0.952553 3.050054 1.000000
31241057859 0.017814 0.170080 2.976796 1.000000 0.016260 0.221481 3.021884 1.000000 0.026382 0.514103 3.008468 1.000000 0.020380 0.661649 2.942052 1.000000 -0.164509 0.477066 2.996291 1.000000 -0.298499 0.679255 2.977332 1.000000 -0.127163 0.830009 2.981063 1.000000 -0.102706 0.833467 2.986130 1.000000 0.222970 0.479757 3.023613 1.000000 0.386039 0.679150 2.999624 1.000000 0.201241 0.812219 2.963781 1.000000 0.128369 0.898910 2.953387 1.000000 -0.068707 0.086266 2.957959 1.000000 -0.108232 -0.479522 3.086142 1.000000 -0.136601 -0.846947 3.103574 1.000000 -0.170462 -0.938252 3.037401 1.000000 0.100996 0.081877 2.970604 1.000000 0.107701 -0.466498 3.077306 1.000000 0.127872 -0.868101 3.094528 1.000000 0.136967 -0.952260 3.050252 1.000000
31241091154 0.018507 0.170998 2.975569 1.000000 0.016748 0.222008 3.020969 1.000000 0.026118 0.513127 3.007404 1.000000 0.021470 0.660786 2.942110 1.000000 -0.164245 0.476820 2.995869 1.000000 -0.297120 0.679414 2.977845 1.000000 -0.127048 0.831508 2.980538 1.000000 -0.103307 0.833498 2.985851 1.000000 0.220636 0.481913 3.023161 1.000000 0.377381 0.681460 2.998112 1.000000 0.195342 0.818502 2.965146 1.000000 0.142047 0.877294 2.992589 1.000000 -0.067294 0.087772 2.955672 1.000000 -0.108731 -0.476561 3.084670 1.000000 -0.134703 -0.834582 3.104522 1.000000 -0.167616 -0.929801 3.043444 1.000000 0.101603 0.083055 2.970241 1.000000 0.107192 -0.466880 3.076942 1.000000 0.129113 -0.871831 3.083981 1.000000 0.137863 -0.951893 3.050578 1.000000
31241124576 0.018838 0.171291 2.974631 1.000000 0.017029 0.222605 3.019925 1.000000 0.026305 0.514128 3.005544 1.000000 0.006012 0.708984 2.978015 1.000000 -0.163572 0.476189 2.995345 1.000000 -0.295664 0.681870 2.980110 1.000000 -0.126042 0.834360 2.982036 1.000000 -0.064999 0.887527 3.003824 1.000000 0.219268 0.482749 3.023234 1.000000 0.376636 0.683008 2.998818 1.000000 0.197462 0.824865 2.980550 1.000000 0.144425 0.886542 3.000820 1.000000 -0.067203 0.087823 2.955439 1.000000 -0.108965 -0.477852 3.084772 1.000000 -0.139982 -0.869150 3.082264 1.000000 -0.172653 -0.942608 3.033378 1.000000 0.102176 0.084495 2.969163 1.000000 0.106276 -0.469116 3.076819 1.000000 0.128484 -0.871148 3.085397 1.000000 0.137807 -0.950709 3.049061 1.000000
31241174499 0.020017 0.174952 2.972722 1.000000 0.017723 0.224532 3.018659 1.000000 0.025031 0.512512 3.004803 1.000000 -0.001587 0.652100 2.932941 1.000000 -0.162391 0.479287 2.996083 1.000000 -0.293585 0.681528 2.983476 1.000000 -0.124768 0.834955 2.982870 1.000000 -0.058819 0.884400 2.997394 1.000000 0.216900 0.482730 3.021947 1.000000 0.376266 0.682961 2.999367 1.000000 0.196937 0.824465 2.982439 1.000000 0.144027 0.886421 3.001595 1.000000 -0.064758 0.093447 2.952483 1.000000 -0.109070 -0.407715 3.051167 1.000000 -0.133899 -0.839579 3.090037 1.000000 -0.170428 -0.936961 3.034997 1.000000 0.104029 0.089617 2.967701 1.000000 0.104348 -0.479998 3.085076 1.000000 0.128365 -0.870645 3.085395 1.000000 0.137840 -0.950786 3.048885 1.000000
31241207262 0.019195 0.173674 2.971253 1.000000 0.017143 0.223876 3.017412 1.000000 0.024973 0.513066 3.003276 1.000000 0.004425 0.656578 2.929284 1.000000 -0.162708 0.480789 2.995761 1.000000 -0.294366 0.681466 2.984549 1.000000 -0.127802 0.836583 2.989634 1.000000 -0.058638 0.883346 2.993326 1.000000 0.216157 0.482788 3.021360 1.000000 0.376415 0.683625 3.001573 1.000000 0.195722 0.823218 2.987227 1.000000 0.143013 0.885499 3.005313 1.000000 -0.065481 0.091968 2.951071 1.000000 -0.101440 -0.470215 3.076511 1.000000 -0.134433 -0.842097 3.093453 1.000000 -0.170747 -0.937898 3.035554 1.000000 0.102198 0.087952 2.966874 1.000000 0.106433 -0.476149 3.077114 1.000000 0.127364 -0.871141 3.079418 1.000000 0.133639 -0.915188 2.987266 1.000000
31241229374 0.019310 0.173431 2.970450 1.000000 0.017658 0.224160 3.016708 1.000000 0.030206 0.517472 3.002142 1.000000 0.029272 0.714540 2.941872 1.000000 -0.162972 0.480038 2.995805 1.000000 -0.294756 0.681434 2.984905 1.000000 -0.127004 0.834004 2.997396 1.000000 -0.057084 0.879541 2.998887 1.000000 0.215620 0.484738 3.021018 1.000000 0.376482 0.683743 3.002317 1.000000 0.191409 0.817242 2.990468 1.000000 0.138750 0.879595 3.007899 1.000000 -0.065508 0.091670 2.950584 1.000000 -0.104345 -0.475453 3.079298 1.000000 -0.134332 -0.840900 3.093154 1.000000 -0.171267 -0.938196 3.038180 1.000000 0.101276 0.087459 2.965750 1.000000 0.106410 -0.476199 3.076932 1.000000 0.126487 -0.869797 3.082743 1.000000 0.137882 -0.950196 3.048415 1.000000
31241274624 0.019186 0.173329 2.970039 1.000000 0.017473 0.224401 3.016297 1.000000 0.029437 0.519487 3.001273 1.000000 0.014808 0.719837 2.961500 1.000000 -0.163077 0.479969 2.995677 1.000000 -0.295525 0.680721 2.985369 1.000000 -0.127028 0.832150 2.998548 1.000000 -0.056636 0.876730 2.999554 1.000000 0.216219 0.485092 3.021607 1.000000 0.376218 0.683945 3.003406 1.000000 0.189161 0.814409 2.991993 1.000000 0.136564 0.876700 3.009222 1.000000 -0.066089 0.091009 2.949743 1.000000 -0.104803 -0.475530 3.079035 1.000000 -0.136046 -0.852866 3.093358 1.000000 -0.172567 -0.939392 3.038300 1.000000 0.101245 0.087222 2.965667 1.000000 0.101659 -0.482179 3.079029 1.000000 0.127111 -0.869570 3.083409 1.000000 0.137379 -0.949984 3.049273 1.000000
31241307284 0.018674 0.173175 2.969232 1.000000 0.017403 0.224861 3.015380 1.000000 0.030160 0.522311 2.999432 1.000000 0.013704 0.718310 2.958045 1.000000 -0.163623 0.487661 2.998273 1.000000 -0.296538 0.680625 2.986524 1.000000 -0.125902 0.829284 3.000379 1.000000 -0.055198 0.873170 3.001130 1.000000 0.216310 0.485659 3.021368 1.000000 0.375867 0.683772 3.005468 1.000000 0.186892 0.811156 2.994887 1.000000 0.134364 0.873407 3.011945 1.000000 -0.066658 0.090905 2.949134 1.000000 -0.104743 -0.476339 3.078954 1.000000 -0.136294 -0.855700 3.093395 1.000000 -0.171300 -0.945120 3.043081 1.000000 0.099773 0.086397 2.965119 1.000000 0.101935 -0.482179 3.078943 1.000000 0.126980 -0.868634 3.088624 1.000000 0.137342 -0.949976 3.049234 1.000000
31241329522 0.018336 0.172079 2.967939 1.000000 0.017325 0.224452 3.014277 1.000000 0.030556 0.523425 2.998518 1.000000 0.015958 0.714606 2.954770 1.000000 -0.164550 0.486225 2.997861 1.000000 -0.296856 0.679857 2.987811 1.000000 -0.125780 0.826775 3.006690 1.000000 -0.054825 0.870045 3.007049 1.000000 0.216195 0.485692 3.021046 1.000000 0.376589 0.682716 3.008529 1.000000 0.186511 0.808195 2.996144 1.000000 0.134044 0.870379 3.013103 1.000000 -0.067519 0.089692 2.947977 1.000000 -0.104986 -0.476725 3.078819 1.000000 -0.136552 -0.852920 3.097884 1.000000 -0.171167 -0.943156 3.043799 1.000000 0.099285 0.084661 2.964062 1.000000 0.102898 -0.482579 3.078517 1.000000 0.126874 -0.868967 3.088688 1.000000 0.136749 -0.950339 3.050416 1.000000
31241374632 0.018163 0.171946 2.967535 1.000000 0.017137 0.224360 3.013898 1.000000 0.029679 0.523296 2.998432 1.000000 0.016608 0.704860 2.944454 1.000000 -0.164980 0.485562 2.997860 1.000000 -0.297177 0.678344 2.989531 1.000000 -0.126400 0.826597 3.002186 1.000000 -0.055370 0.869524 3.002435 1.000000 0.216218 0.485697 3.020959 1.000000 0.375966 0.682697 3.010175 1.000000 0.184222 0.805332 2.998591 1.000000 0.131821 0.867436 3.015478 1.000000 -0.067904 0.089244 2.947165 1.000000 -0.105194 -0.477892 3.079308 1.000000 -0.136601 -0.854199 3.097112 1.000000 -0.171419 -0.943071 3.043230 1.000000 0.099296 0.084475 2.963902 1.000000 0.102919 -0.482665 3.078463 1.000000 0.126917 -0.869778 3.088265 1.000000 0.136925 -0.950561 3.049691 1.000000
31241407361 0.018145 0.171687 2.967200 1.000000 0.017218 0.224236 3.013670 1.000000 0.029752 0.523445 2.998379 1.000000 0.012785 0.703510 2.948677 1.000000 -0.165624 0.484126 2.997527 1.000000 -0.298930 0.675429 2.990685 1.000000 -0.129675 0.826686 2.992049 1.000000 -0.058503 0.869172 2.992218 1.000000 0.216241 0.485873 3.020351 1.000000 0.375986 0.682540 3.010405 1.000000 0.183400 0.803544 2.999288 1.000000 0.131055 0.865565 3.016136 1.000000 -0.068055 0.088552 2.946532 1.000000 -0.095408 -0.479341 3.081226 1.000000 -0.135751 -0.861287 3.094952 1.000000 -0.173055 -0.944467 3.042695 1.000000 0.099246 0.084197 2.963778 1.000000 0.103169 -0.482743 3.078252 1.000000 0.126486 -0.869270 3.088657 1.000000 0.136997 -0.950964 3.052862 1.000000
31241429645 0.018835 0.170465 2.965753 1.000000 0.017786 0.223814 3.012797 1.000000 0.030563 0.527530 2.998281 1.000000 0.027017 0.704740 2.949361 1.000000 -0.165676 0.483630 2.997364 1.000000 -0.299006 0.675059 2.991294 1.000000 -0.129143 0.825360 2.993156 1.000000 -0.057994 0.867702 2.993321 1.000000 0.217090 0.486062 3.020228 1.000000 0.375985 0.682280 3.010938 1.000000 0.183484 0.803142 2.996123 1.000000 0.131191 0.865096 3.012925 1.000000 -0.067505 0.087097 2.945579 1.000000 -0.100624 -0.480969 3.081359 1.000000 -0.135844 -0.861403 3.094852 1.000000 -0.173554 -0.944653 3.041867 1.000000 0.100254 0.082228 2.961438 1.000000 0.103491 -0.482999 3.078645 1.000000 0.126704 -0.869222 3.095505 1.000000 0.137069 -0.950990 3.052067 1.000000
31241474678 0.018757 0.170643 2.964912 1.000000 0.017934 0.224396 3.012015 1.000000 0.031339 0.530791 2.997702 1.000000 0.025668 0.718035 2.962201 1.000000 -0.165670 0.486256 2.998450 1.000000 -0.299089 0.675605 2.992249 1.000000 -0.128520 0.825137 2.991063 1.000000 -0.057423 0.867388 2.991185 1.000000 0.217202 0.486099 3.020173 1.000000 0.376225 0.681879 3.010782 1.000000 0.184005 0.802835 2.993665 1.000000 0.131763 0.864720 3.010428 1.000000 -0.067636 0.087156 2.945036 1.000000 -0.101523 -0.481446 3.081540 1.000000 -0.135988 -0.862437 3.093970 1.000000 -0.173783 -0.944664 3.041910 1.000000 0.099954 0.082437 2.960525 1.000000 0.103696 -0.482834 3.078426 1.000000 0.126933 -0.868960 3.095079 1.000000 0.136994 -0.951354 3.051915 1.000000
31241507344 0.018494 0.170856 2.964329 1.000000 0.017801 0.225242 3.011460 1.000000 0.032624 0.537101 2.997108 1.000000 0.025118 0.723836 2.964021 1.000000 -0.165736 0.485833 2.998387 1.000000 -0.299123 0.675623 2.992223 1.000000 -0.127789 0.824189 2.988985 1.000000 -0.056712 0.866290 2.989062 1.000000 0.217361 0.486127 3.020110 1.000000 0.376225 0.681754 3.010528 1.000000 0.180965 0.796503 2.982265 1.000000 0.128771 0.858314 2.998984 1.000000 -0.068320 0.087305 2.944401 1.000000 -0.102473 -0.481998 3.081519 1.000000 -0.136082 -0.862047 3.093717 1.000000 -0.173739 -0.944634 3.041851 1.000000 0.099674 0.082560 2.960143 1.000000 0.103813 -0.482926 3.078499 1.000000 0.126864 -0.868754 3.094421 1.000000 0.136728 -0.950870 3.051184 1.000000
31241529378 0.018247 0.171258 2.963847 1.000000 0.017752 0.226296 3.010659 1.000000 0.033921 0.538945 2.994864 1.000000 0.024852 0.727202 2.963092 1.000000 -0.165724 0.484831 2.998316 1.000000 -0.299207 0.675778 2.992189 1.000000 -0.127201 0.823447 2.986985 1.000000 -0.057791 0.865178 2.971176 1.000000 0.217350 0.486116 3.020075 1.000000 0.377099 0.680509 3.011024 1.000000 0.184887 0.799053 2.976597 1.000000 0.132749 0.860796 2.993292 1.000000 -0.068698 0.087709 2.944407 1.000000 -0.103971 -0.482469 3.081239 1.000000 -0.136739 -0.863905 3.094452 1.000000 -0.171712 -0.945803 3.046534 1.000000 0.098972 0.083076 2.959677 1.000000 0.100342 -0.484573 3.079472 1.000000 0.126729 -0.869011 3.094483 1.000000 0.137067 -0.950923 3.049684 1.000000
31241574728 0.017599 0.170890 2.963393 1.000000 0.017759 0.226420 3.010309 1.000000 0.035786 0.541625 2.994156 1.000000 0.025231 0.728343 2.962680 1.000000 -0.167739 0.488072 2.999907 1.000000 -0.299248 0.675944 2.992029 1.000000 -0.125778 0.821849 2.979769 1.000000 -0.055589 0.863571 2.968397 1.000000 0.217192 0.486160 3.019635 1.000000 0.376930 0.681663 3.009593 1.000000 0.185288 0.796201 2.957338 1.000000 0.133193 0.857883 2.974011 1.000000 -0.070409 0.087112 2.944847 1.000000 -0.105408 -0.483755 3.082031 1.000000 -0.135518 -0.864051 3.102919 1.000000 -0.172874 -0.944502 3.044171 1.000000 0.097439 0.082223 2.958473 1.000000 0.100625 -0.484320 3.079512 1.000000 0.126368 -0.868010 3.097826 1.000000 0.137467 -0.950343 3.050021 1.000000
31241607470 0.017455 0.170762 2.963331 1.000000 0.017768 0.226257 3.010324 1.000000 0.035639 0.541050 2.994972 1.000000 0.023684 0.735816 2.968094 1.000000 -0.167786 0.486018 2.999506 1.000000 -0.299253 0.675930 2.991690 1.000000 -0.125480 0.821182 2.974555 1.000000 -0.056296 0.863215 2.959372 1.000000 0.217189 0.486269 3.018894 1.000000 0.377261 0.681538 3.009573 1.000000 0.184328 0.795753 2.964191 1.000000 0.132282 0.857377 2.980847 1.000000 -0.070618 0.086848 2.944899 1.000000 -0.105693 -0.484722 3.082275 1.000000 -0.136416 -0.847664 3.103073 1.000000 -0.170022 -0.940651 3.040180 1.000000 0.097219 0.082195 2.958285 1.000000 0.101226 -0.483738 3.079831 1.000000 0.126144 -0.868920 3.094707 1.000000 0.137465 -0.950119 3.049713 1.000000
31241629737 0.016390 0.171716 2.963479 1.000000 0.017004 0.227448 3.010361 1.000000 0.035762 0.542127 2.994832 1.000000 0.024539 0.757362 2.980089 1.000000 -0.167869 0.485929 2.999414 1.000000 -0.299316 0.675969 2.991034 1.000000 -0.125446 0.820290 2.964373 1.000000 -0.054075 0.859872 2.953830 1.000000 0.217215 0.486196 3.018823 1.000000 0.377345 0.681305 3.008812 1.000000 0.184601 0.795849 2.964541 1.000000 0.132601 0.857418 2.981181 1.000000 -0.071826 0.088007 2.945706 1.000000 -0.105904 -0.484557 3.082256 1.000000 -0.136394 -0.853839 3.103109 1.000000 -0.170466 -0.940821 3.040224 1.000000 0.095095 0.083215 2.958527 1.000000 0.101892 -0.484902 3.080180 1.000000 0.126104 -0.869276 3.094385 1.000000 0.136895 -0.950698 3.050384 1.000000
31241674855 0.016450 0.171509 2.963318 1.000000 0.016989 0.227311 3.010170 1.000000 0.035640 0.541722 2.994544 1.000000 0.021134 0.745906 2.972186 1.000000 -0.167584 0.484075 2.998283 1.000000 -0.298844 0.676001 2.990692 1.000000 -0.124648 0.819449 2.961518 1.000000 -0.052775 0.858488 2.953228 1.000000 0.217271 0.486274 3.018576 1.000000 0.380008 0.680580 3.008949 1.000000 0.188038 0.795400 2.962045 1.000000 0.136088 0.856908 2.978669 1.000000 -0.071763 0.087358 2.945711 1.000000 -0.107426 -0.482477 3.083356 1.000000 -0.135519 -0.851421 3.103563 1.000000 -0.171125 -0.940469 3.040029 1.000000 0.095254 0.083216 2.958397 1.000000 0.102155 -0.484627 3.079967 1.000000 0.126310 -0.869429 3.094624 1.000000 0.136652 -0.951290 3.051745 1.000000
31241707488 0.016417 0.171527 2.963311 1.000000 0.016873 0.227355 3.010211 1.000000 0.035224 0.542171 2.994939 1.000000 0.017559 0.743067 2.968070 1.000000 -0.166266 0.482479 2.997365 1.000000 -0.298076 0.676698 2.990268 1.000000 -0.121733 0.816519 2.955312 1.000000 -0.050197 0.856636 2.951095 1.000000 0.217391 0.486388 3.018327 1.000000 0.381714 0.682960 3.007567 1.000000 0.185879 0.791016 2.961359 1.000000 0.133983 0.852461 2.977966 1.000000 -0.071785 0.087388 2.945799 1.000000 -0.107436 -0.482472 3.083732 1.000000 -0.135670 -0.850001 3.101810 1.000000 -0.171254 -0.940503 3.039773 1.000000 0.095245 0.083396 2.958374 1.000000 0.101961 -0.484171 3.080151 1.000000 0.126500 -0.869878 3.094264 1.000000 0.136812 -0.951875 3.051019 1.000000
31241729784 0.016488 0.171768 2.962975 1.000000 0.017167 0.228293 3.009334 1.000000 0.035768 0.544372 2.992030 1.000000 0.018203 0.743133 2.968065 1.000000 -0.166311 0.482432 2.997367 1.000000 -0.298507 0.674793 2.988894 1.000000 -0.120577 0.812538 2.954973 1.000000 -0.048506 0.851609 2.951755 1.000000 0.217192 0.486447 3.017386 1.000000 0.383412 0.681268 3.006149 1.000000 0.187119 0.789155 2.963134 1.000000 0.135275 0.850539 2.979724 1.000000 -0.071742 0.087581 2.945923 1.000000 -0.107504 -0.483084 3.084227 1.000000 -0.136458 -0.853369 3.103238 1.000000 -0.169649 -0.942718 3.042812 1.000000 0.095370 0.083730 2.957965 1.000000 0.101847 -0.484371 3.080815 1.000000 0.126390 -0.870053 3.094495 1.000000 0.136855 -0.952028 3.050832 1.000000
31241774890 0.016310 0.170799 2.962695 1.000000 0.017193 0.228105 3.008777 1.000000 0.035994 0.545772 2.990906 1.000000 0.018821 0.743037 2.968728 1.000000 -0.166128 0.481967 2.996973 1.000000 -0.298346 0.674532 2.987308 1.000000 -0.118907 0.810252 2.954436 1.000000 -0.046752 0.849041 2.951857 1.000000 0.217223 0.487062 3.016533 1.000000 0.383254 0.680825 3.005189 1.000000 0.187421 0.789289 2.962208 1.000000 0.135628 0.850611 2.978782 1.000000 -0.072323 0.086673 2.946577 1.000000 -0.107151 -0.484403 3.085221 1.000000 -0.137131 -0.860275 3.100148 1.000000 -0.169890 -0.947109 3.052706 1.000000 0.095498 0.082758 2.957560 1.000000 0.101554 -0.484891 3.081154 1.000000 0.125398 -0.869771 3.096224 1.000000 0.137078 -0.952081 3.051125 1.000000
31241807530 0.016779 0.172031 2.962422 1.000000 0.017895 0.229765 3.008142 1.000000 0.037604 0.548325 2.990673 1.000000 0.023466 0.743303 2.967616 1.000000 -0.166309 0.481628 2.996647 1.000000 -0.298051 0.674427 2.986203 1.000000 -0.117980 0.809498 2.956306 1.000000 -0.045689 0.847887 2.954421 1.000000 0.217654 0.487039 3.016400 1.000000 0.383866 0.680279 3.003840 1.000000 0.187895 0.788988 2.963748 1.000000 0.136158 0.850245 2.980304 1.000000 -0.072478 0.087293 2.946536 1.000000 -0.087209 -0.487692 3.087701 1.000000 -0.140122 -0.872408 3.082997 1.000000 -0.177941 -0.955506 3.010190 1.000000 0.096577 0.084127 2.957348 1.000000 0.101642 -0.484912 3.081064 1.000000 0.125404 -0.869994 3.096143 1.000000 0.136729 -0.951041 3.049922 1.000000
31241829846 0.016570 0.171805 2.962247 1.000000 0.017729 0.229644 3.007758 1.000000 0.037411 0.548357 2.990617 1.000000 0.026296 0.741974 2.966992 1.000000 -0.166434 0.481199 2.996078 1.000000 -0.297810 0.674086 2.985725 1.000000 -0.115225 0.805367 2.954638 1.000000 -0.042892 0.843536 2.953278 1.000000 0.217792 0.486915 3.015881 1.000000 0.384304 0.680358 3.001745 1.000000 0.188325 0.789630 2.965260 1.000000 0.136636 0.850830 2.981800 1.000000 -0.072746 0.087262 2.946643 1.000000 -0.099895 -0.488400 3.086565 1.000000 -0.138968 -0.866617 3.094037 1.000000 -0.172962 -0.944333 3.041570 1.000000 0.096405 0.083475 2.956842 1.000000 0.101697 -0.485120 3.081100 1.000000 0.125797 -0.870479 3.096502 1.000000 0.136678 -0.951319 3.050755 1.000000
31241875029 0.016880 0.173455 2.961648 1.000000 0.018220 0.231412 3.006804 1.000000 0.037973 0.549688 2.989768 1.000000 0.030442 0.746440 2.972587 1.000000 -0.166247 0.481266 2.996165 1.000000 -0.295287 0.675883 2.983624 1.000000 -0.112573 0.806950 2.953850 1.000000 -0.040300 0.845064 2.952819 1.000000 0.218496 0.486699 3.015247 1.000000 0.384614 0.679913 3.000858 1.000000 0.190276 0.790424 2.958439 1.000000 0.138640 0.851562 2.974963 1.000000 -0.072928 0.089470 2.946581 1.000000 -0.090347 -0.485754 3.088351 1.000000 -0.138462 -0.867271 3.093345 1.000000 -0.172235 -0.944461 3.038254 1.000000 0.096977 0.084668 2.956256 1.000000 0.102254 -0.484606 3.081157 1.000000 0.126102 -0.871126 3.095751 1.000000 0.137254 -0.951082 3.048590 1.000000
31241907554 0.016338 0.172712 2.961129 1.000000 0.017795 0.231071 3.006047 1.000000 0.037611 0.550373 2.988906 1.000000 0.028761 0.748582 2.972664 1.000000 -0.166319 0.481250 2.996037 1.000000 -0.295009 0.675871 2.982954 1.000000 -0.110776 0.804376 2.951690 1.000000 -0.038518 0.842384 2.951090 1.000000 0.218501 0.486704 3.015173 1.000000 0.386749 0.678376 2.999048 1.000000 0.191587 0.788259 2.961017 1.000000 0.139993 0.849346 2.977527 1.000000 -0.073368 0.088970 2.946137 1.000000 -0.098199 -0.486689 3.087199 1.000000 -0.137441 -0.863482 3.094448 1.000000 -0.172049 -0.943578 3.040471 1.000000 0.096277 0.083594 2.956143 1.000000 0.102652 -0.484585 3.081207 1.000000 0.125854 -0.871122 3.096369 1.000000 0.137260 -0.951207 3.048884 1.000000
31241929560 0.016018 0.171836 2.960615 1.000000 0.017718 0.230749 3.005441 1.000000 0.037647 0.551967 2.988377 1.000000 0.027033 0.751551 2.976508 1.000000 -0.165665 0.479907 2.994846 1.000000 -0.294493 0.676127 2.981311 1.000000 -0.110540 0.804871 2.950298 1.000000 -0.038337 0.842833 2.949895 1.000000 0.218037 0.485470 3.013018 1.000000 0.388396 0.677780 2.998384 1.000000 0.194310 0.790112 2.964155 1.000000 0.142761 0.851146 2.980651 1.000000 -0.073678 0.088349 2.945612 1.000000 -0.100161 -0.486243 3.086020 1.000000 -0.137593 -0.863789 3.094971 1.000000 -0.172815 -0.941243 3.043902 1.000000 0.096012 0.083120 2.956029 1.000000 0.102496 -0.484558 3.081111 1.000000 0.125684 -0.871250 3.096417 1.000000 0.137141 -0.950976 3.049501 1.000000
31241974915 0.015965 0.171843 2.960503 1.000000 0.017761 0.230978 3.004989 1.000000 0.038107 0.553658 2.987526 1.000000 0.028744 0.754505 2.980362 1.000000 -0.165752 0.479471 2.994241 1.000000 -0.292432 0.677411 2.980094 1.000000 -0.122516 0.823500 2.945233 1.000000 -0.050347 0.861379 2.945140 1.000000 0.217949 0.484686 3.011718 1.000000 0.388552 0.677623 2.998161 1.000000 0.195406 0.790824 2.961251 1.000000 0.143901 0.851806 2.977733 1.000000 -0.073953 0.088283 2.944687 1.000000 -0.101983 -0.483180 3.085392 1.000000 -0.137300 -0.863379 3.095463 1.000000 -0.173132 -0.941575 3.043219 1.000000 0.095830 0.083107 2.956523 1.000000 0.102703 -0.484562 3.081296 1.000000 0.124128 -0.872402 3.090484 1.000000 0.137916 -0.951321 3.049602 1.000000
31242007666 0.015881 0.170461 2.959929 1.000000 0.017729 0.230545 3.004055 1.000000 0.038953 0.555961 2.985722 1.000000 0.030218 0.755252 2.980797 1.000000 -0.165433 0.478646 2.992703 1.000000 -0.291124 0.677722 2.979403 1.000000 -0.100143 0.795174 2.946991 1.000000 -0.028021 0.833032 2.946987 1.000000 0.218132 0.484899 3.010926 1.000000 0.390380 0.677645 2.997673 1.000000 0.196551 0.789033 2.958808 1.000000 0.145079 0.849976 2.975279 1.000000 -0.073881 0.087206 2.943986 1.000000 -0.083568 -0.489390 3.092164 1.000000 -0.137738 -0.863889 3.095671 1.000000 -0.172025 -0.943039 3.044782 1.000000 0.095296 0.081160 2.956913 1.000000 0.103198 -0.483585 3.081078 1.000000 0.124271 -0.872701 3.089909 1.000000 0.138316 -0.952199 3.046126 1.000000
31242029755 0.016076 0.170751 2.959653 1.000000 0.017957 0.231030 3.003232 1.000000 0.039208 0.556638 2.984894 1.000000 0.032822 0.753534 2.981757 1.000000 -0.165295 0.478015 2.991652 1.000000 -0.290801 0.676857 2.978117 1.000000 -0.101125 0.796645 2.948572 1.000000 -0.029062 0.834468 2.948567 1.000000 0.218722 0.484466 3.010133 1.000000 0.388668 0.679380 2.995688 1.000000 0.193632 0.787332 2.952552 1.000000 0.142203 0.848224 2.969009 1.000000 -0.073696 0.087302 2.943036 1.000000 -0.098096 -0.486805 3.088950 1.000000 -0.137303 -0.865777 3.094296 1.000000 -0.169257 -0.945173 3.043051 1.000000 0.095639 0.081539 2.957347 1.000000 0.102697 -0.483562 3.081629 1.000000 0.124331 -0.872656 3.090141 1.000000 0.137793 -0.951730 3.046153 1.000000
31242075017 0.016141 0.170670 2.959474 1.000000 0.017965 0.231011 3.002708 1.000000 0.039103 0.556747 2.984819 1.000000 0.034510 0.750664 2.978781 1.000000 -0.164983 0.476983 2.990673 1.000000 -0.290412 0.676404 2.977871 1.000000 -0.102985 0.799628 2.949256 1.000000 -0.030985 0.837414 2.949252 1.000000 0.218821 0.484313 3.009656 1.000000 0.389304 0.679304 2.995664 1.000000 0.193288 0.785326 2.952762 1.000000 0.141905 0.846164 2.969205 1.000000 -0.073785 0.087261 2.942996 1.000000 -0.099627 -0.486034 3.088672 1.000000 -0.137467 -0.865736 3.094492 1.000000 -0.168319 -0.944917 3.043232 1.000000 0.096356 0.081422 2.956867 1.000000 0.100995 -0.486062 3.082115 1.000000 0.124402 -0.873402 3.091887 1.000000 0.138117 -0.951825 3.046574 1.000000
31242107645 0.016294 0.170621 2.959279 1.000000 0.018069 0.230985 3.002301 1.000000 0.039149 0.556933 2.985042 1.000000 0.034835 0.750648 2.978997 1.000000 -0.163057 0.476212 2.989647 1.000000 -0.290067 0.675982 2.977871 1.000000 -0.103746 0.801039 2.952154 1.000000 -0.031810 0.838791 2.952151 1.000000 0.219038 0.484030 3.008826 1.000000 0.391997 0.678583 2.996100 1.000000 0.196307 0.785915 2.956604 1.000000 0.144970 0.846698 2.973032 1.000000 -0.073721 0.087356 2.942969 1.000000 -0.101693 -0.487099 3.088831 1.000000 -0.138125 -0.867143 3.094960 1.000000 -0.168392 -0.945899 3.042823 1.000000 0.096814 0.081518 2.956237 1.000000 0.103206 -0.490561 3.084570 1.000000 0.124310 -0.873485 3.092119 1.000000 0.137823 -0.951891 3.046702 1.000000
31242129760 0.016306 0.170976 2.959169 1.000000 0.018035 0.231237 3.001975 1.000000 0.038834 0.556909 2.985106 1.000000 0.037281 0.748215 2.978373 1.000000 -0.162509 0.476311 2.989201 1.000000 -0.289828 0.676002 2.977875 1.000000 -0.103463 0.801064 2.954645 1.000000 -0.031583 0.838786 2.954642 1.000000 0.219419 0.484140 3.008477 1.000000 0.393680 0.676665 2.995059 1.000000 0.198680 0.785934 2.959411 1.000000 0.147383 0.846669 2.975826 1.000000 -0.073409 0.088100 2.942693 1.000000 -0.103446 -0.482348 3.086432 1.000000 -0.138069 -0.867278 3.094966 1.000000 -0.169617 -0.943676 3.042737 1.000000 0.096731 0.081799 2.956285 1.000000 0.103235 -0.490580 3.084531 1.000000 0.124233 -0.873384 3.092332 1.000000 0.137132 -0.951837 3.049379 1.000000
31242175048 0.016387 0.170915 2.959054 1.000000 0.018076 0.231194 3.001685 1.000000 0.038808 0.556887 2.985120 1.000000 0.037519 0.746255 2.977817 1.000000 -0.161708 0.476053 2.988405 1.000000 -0.289764 0.676041 2.977974 1.000000 -0.103543 0.801468 2.959705 1.000000 -0.031719 0.839160 2.959703 1.000000 0.219712 0.484139 3.007917 1.000000 0.395000 0.675234 2.993922 1.000000 0.200422 0.785550 2.960718 1.000000 0.149165 0.846237 2.977120 1.000000 -0.073133 0.087975 2.942209 1.000000 -0.103798 -0.482080 3.086134 1.000000 -0.137640 -0.855570 3.098964 1.000000 -0.170498 -0.942037 3.040878 1.000000 0.096760 0.081803 2.956326 1.000000 0.103111 -0.490776 3.084457 1.000000 0.124443 -0.873475 3.092556 1.000000 0.137015 -0.951545 3.050921 1.000000
31242207777 0.016443 0.170963 2.959009 1.000000 0.018290 0.231207 3.001563 1.000000 0.039463 0.557270 2.985785 1.000000 0.039147 0.747549 2.981415 1.000000 -0.161823 0.476010 2.987988 1.000000 -0.289786 0.676005 2.977967 1.000000 -0.105448 0.804123 2.962545 1.000000 -0.033682 0.841784 2.962543 1.000000 0.219586 0.483621 3.006445 1.000000 0.397126 0.673245 2.993843 1.000000 0.203161 0.784851 2.962890 1.000000 0.151945 0.845490 2.979279 1.000000 -0.073103 0.088055 2.942239 1.000000 -0.087759 -0.489667 3.090509 1.000000 -0.137358 -0.852830 3.099933 1.000000 -0.170584 -0.941371 3.040303 1.000000 0.096760 0.081919 2.956155 1.000000 0.101306 -0.487368 3.084213 1.000000 0.125683 -0.874072 3.095043 1.000000 0.136701 -0.951665 3.050413 1.000000
31242230044 0.016561 0.171117 2.959068 1.000000 0.018363 0.231230 3.001619 1.000000 0.039617 0.556926 2.986559 1.000000 0.039611 0.746924 2.981634 1.000000 -0.161298 0.475985 2.987125 1.000000 -0.289758 0.675875 2.978067 1.000000 -0.105703 0.804268 2.963225 1.000000 -0.034000 0.841895 2.963225 1.000000 0.219661 0.483526 3.005929 1.000000 0.397520 0.672817 2.993582 1.000000 0.203664 0.784500 2.962948 1.000000 0.152494 0.845086 2.979322 1.000000 -0.073152 0.088403 2.942598 1.000000 -0.086209 -0.489421 3.090296 1.000000 -0.138547 -0.858629 3.095905 1.000000 -0.168814 -0.944541 3.050286 1.000000 0.097127 0.082362 2.956007 1.000000 0.102131 -0.485144 3.083620 1.000000 0.125929 -0.874762 3.092254 1.000000 0.136604 -0.951829 3.050516 1.000000
31242275156 0.016585 0.171127 2.959054 1.000000 0.018356 0.231254 3.001564 1.000000 0.039571 0.556851 2.986393 1.000000 0.039369 0.748222 2.983781 1.000000 -0.160357 0.476852 2.986589 1.000000 -0.289686 0.675773 2.978056 1.000000 -0.106550 0.805324 2.962762 1.000000 -0.034901 0.842923 2.962761 1.000000 0.219600 0.483425 3.005517 1.000000 0.399104 0.671954 2.992806 1.000000 0.205147 0.783509 2.963557 1.000000 0.154016 0.844048 2.979919 1.000000 -0.072740 0.088808 2.942910 1.000000 -0.084713 -0.490552 3.090890 1.000000 -0.138074 -0.859071 3.096608 1.000000 -0.173606 -0.944933 3.049659 1.000000 0.097069 0.082394 2.955997 1.000000 0.102255 -0.485430 3.083604 1.000000 0.125407 -0.874345 3.093906 1.000000 0.137134 -0.952127 3.051772 1.000000
31242307798 0.016931 0.171231 2.958963 1.000000 0.018706 0.231314 3.001475 1.000000 0.039718 0.556809 2.986452 1.000000 0.038657 0.747291 2.983528 1.000000 -0.160277 0.476910 2.986398 1.000000 -0.289551 0.675748 2.978034 1.000000 -0.106144 0.804795 2.964740 1.000000 -0.034559 0.842360 2.964740 1.000000 0.219407 0.483836 3.005038 1.000000 0.399733 0.671667 2.992074 1.000000 0.205599 0.782785 2.963069 1.000000 0.154513 0.843271 2.979417 1.000000 -0.072640 0.088831 2.942821 1.000000 -0.082902 -0.490533 3.090501 1.000000 -0.136480 -0.853850 3.099519 1.000000 -0.173475 -0.943269 3.046771 1.000000 0.097791 0.082916 2.956005 1.000000 0.098748 -0.488660 3.084171 1.000000 0.125251 -0.874144 3.094470 1.000000 0.137328 -0.952057 3.051929 1.000000
31242329867 0.017132 0.171665 2.958637 1.000000 0.018828 0.231548 3.001179 1.000000 0.039403 0.556429 2.986158 1.000000 0.038498 0.747277 2.983597 1.000000 -0.160437 0.477182 2.986490 1.000000 -0.289572 0.675770 2.977930 1.000000 -0.106253 0.804804 2.964815 1.000000 -0.034729 0.842336 2.964815 1.000000 0.219401 0.483802 3.004953 1.000000 0.400367 0.671203 2.992002 1.000000 0.206271 0.782254 2.963199 1.000000 0.155229 0.842688 2.979533 1.000000 -0.072587 0.089286 2.942291 1.000000 -0.097547 -0.486164 3.090983 1.000000 -0.136421 -0.852708 3.100049 1.000000 -0.173341 -0.942694 3.046705 1.000000 0.098214 0.083305 2.955902 1.000000 0.100073 -0.487335 3.083635 1.000000 0.125359 -0.873986 3.094909 1.000000 0.137390 -0.952352 3.052098 1.000000
31242375104 0.017107 0.171663 2.958620 1.000000 0.018875 0.231539 3.001168 1.000000 0.039496 0.556493 2.986234 1.000000 0.039533 0.747210 2.983249 1.000000 -0.160351 0.477645 2.986415 1.000000 -0.289246 0.675901 2.978096 1.000000 -0.106605 0.805758 2.964666 1.000000 -0.035136 0.843262 2.964666 1.000000 0.219510 0.483585 3.004310 1.000000 0.400750 0.671115 2.991516 1.000000 0.206161 0.781351 2.964236 1.000000 0.155158 0.841738 2.980557 1.000000 -0.072690 0.089286 2.942441 1.000000 -0.090219 -0.488557 3.092659 1.000000 -0.136039 -0.844961 3.103662 1.000000 -0.172315 -0.939762 3.046145 1.000000 0.097983 0.083361 2.955710 1.000000 0.102179 -0.478286 3.080085 1.000000 0.125389 -0.873713 3.095076 1.000000 0.137484 -0.952297 3.052092 1.000000
31242407869 0.017052 0.170728 2.958826 1.000000 0.018876 0.230950 3.001413 1.000000 0.039592 0.556809 2.986890 1.000000 0.039652 0.747315 2.983177 1.000000 -0.159540 0.477827 2.986066 1.000000 -0.289245 0.675900 2.978088 1.000000 -0.106689 0.805748 2.964668 1.000000 -0.035273 0.843224 2.964667 1.000000 0.219387 0.483324 3.003775 1.000000 0.401045 0.671178 2.991679 1.000000 0.206356 0.781045 2.964121 1.000000 0.155390 0.841388 2.980430 1.000000 -0.072641 0.088671 2.943446 1.000000 -0.097288 -0.482318 3.087498 1.000000 -0.135955 -0.844840 3.103615 1.000000 -0.172371 -0.939704 3.046234 1.000000 0.097707 0.082689 2.955296 1.000000 0.102537 -0.479171 3.080278 1.000000 0.125631 -0.873038 3.095596 1.000000 0.136200 -0.952169 3.050525 1.000000
31242429974 0.016985 0.170819 2.958919 1.000000 0.018793 0.230966 3.001549 1.000000 0.039323 0.556559 2.987151 1.000000 0.041081 0.747149 2.983343 1.000000 -0.159199 0.478743 2.986021 1.000000 -0.289214 0.675884 2.978077 1.000000 -0.106470 0.805336 2.964683 1.000000 -0.035106 0.842784 2.964683 1.000000 0.219480 0.483283 3.003746 1.000000 0.401283 0.671040 2.991820 1.000000 0.206712 0.780848 2.963406 1.000000 0.155785 0.841146 2.979703 1.000000 -0.072664 0.088887 2.943892 1.000000 -0.099286 -0.482734 3.087466 1.000000 -0.135824 -0.845231 3.103545 1.000000 -0.172714 -0.939547 3.045482 1.000000 0.097556 0.082810 2.955255 1.000000 0.103222 -0.480867 3.080898 1.000000 0.126265 -0.870606 3.097416 1.000000 0.136445 -0.952211 3.050840 1.000000
31242475208 0.017292 0.170843 2.958841 1.000000 0.019104 0.230954 3.001454 1.000000 0.039535 0.556145 2.986768 1.000000 0.041256 0.746979 2.982923 1.000000 -0.159163 0.478779 2.985891 1.000000 -0.288993 0.675912 2.978189 1.000000 -0.106736 0.805917 2.964565 1.000000 -0.035434 0.843333 2.964564 1.000000 0.219269 0.483318 3.003311 1.000000 0.401681 0.670714 2.991572 1.000000 0.207159 0.780341 2.962390 1.000000 0.156275 0.840587 2.978674 1.000000 -0.072484 0.088977 2.943806 1.000000 -0.100516 -0.483626 3.087769 1.000000 -0.135567 -0.845971 3.103696 1.000000 -0.172770 -0.940167 3.045580 1.000000 0.098092 0.082875 2.955367 1.000000 0.100165 -0.483351 3.082791 1.000000 0.125545 -0.870606 3.096820 1.000000 0.135937 -0.951937 3.054259 1.000000
31242507920 0.017772 0.171640 2.958749 1.000000 0.019474 0.231599 3.001305 1.000000 0.039574 0.556334 2.986516 1.000000 0.041349 0.747407 2.983359 1.000000 -0.158973 0.479380 2.985852 1.000000 -0.288990 0.675927 2.978167 1.000000 -0.106731 0.805802 2.964741 1.000000 -0.035489 0.843186 2.964741 1.000000 0.219276 0.483319 3.003284 1.000000 0.401358 0.670392 2.991360 1.000000 0.207226 0.780601 2.962493 1.000000 0.156385 0.840796 2.978762 1.000000 -0.071898 0.090255 2.943526 1.000000 -0.088024 -0.488958 3.091677 1.000000 -0.135414 -0.845219 3.104419 1.000000 -0.172431 -0.939403 3.046082 1.000000 0.098601 0.083449 2.955599 1.000000 0.097559 -0.485369 3.083973 1.000000 0.125927 -0.871101 3.095521 1.000000 0.137253 -0.950229 3.046193 1.000000
31242530083 0.018006 0.171921 2.958400 1.000000 0.019687 0.231836 3.000926 1.000000 0.039517 0.556363 2.986048 1.000000 0.038118 0.746065 2.981322 1.000000 -0.159048 0.479917 2.986023 1.000000 -0.287973 0.675301 2.979130 1.000000 -0.107053 0.806886 2.964035 1.000000 -0.035872 0.844239 2.964034 1.000000 0.219265 0.483292 3.003178 1.000000 0.401779 0.670196 2.991560 1.000000 0.207716 0.780637 2.964691 1.000000 0.156919 0.840781 2.980946 1.000000 -0.071757 0.090603 2.942878 1.000000 -0.094427 -0.485904 3.089988 1.000000 -0.135334 -0.849076 3.103417 1.000000 -0.172939 -0.940291 3.044914 1.000000 0.098976 0.083652 2.955527 1.000000 0.100752 -0.488353 3.086224 1.000000 0.125676 -0.870731 3.095877 1.000000 0.137523 -0.950103 3.045447 1.000000
31242575230 0.018030 0.171790 2.958310 1.000000 0.019762 0.231737 3.000885 1.000000 0.040141 0.556628 2.986233 1.000000 0.037302 0.745672 2.981155 1.000000 -0.159009 0.480484 2.986196 1.000000 -0.287520 0.674497 2.978951 1.000000 -0.107780 0.807562 2.964756 1.000000 -0.036648 0.844889 2.964756 1.000000 0.219250 0.483304 3.003171 1.000000 0.402255 0.670225 2.992349 1.000000 0.205818 0.776311 2.966252 1.000000 0.155055 0.836414 2.982496 1.000000 -0.071726 0.090421 2.942755 1.000000 -0.097616 -0.484703 3.088728 1.000000 -0.135385 -0.849023 3.103270 1.000000 -0.172346 -0.939906 3.040752 1.000000 0.098839 0.083578 2.955413 1.000000 0.101483 -0.487946 3.085830 1.000000 0.125552 -0.870699 3.095828 1.000000 0.137534 -0.949979 3.045621 1.000000
31242608000 0.019167 0.174696 2.958142 1.000000 0.020312 0.233406 3.000907 1.000000 0.039946 0.556202 2.986577 1.000000 0.036740 0.744492 2.980035 1.000000 -0.159076 0.480356 2.986254 1.000000 -0.287535 0.674607 2.978976 1.000000 -0.107928 0.807694 2.965252 1.000000 -0.036852 0.844992 2.965251 1.000000 0.225093 0.486446 3.005387 1.000000 0.402693 0.670460 2.992671 1.000000 0.206347 0.776480 2.966312 1.000000 0.155624 0.836536 2.982543 1.000000 -0.071367 0.091633 2.942421 1.000000 -0.085886 -0.486460 3.090872 1.000000 -0.135263 -0.848908 3.103349 1.000000 -0.171449 -0.939737 3.042070 1.000000 0.100818 0.085588 2.954843 1.000000 0.101584 -0.487660 3.085592 1.000000 0.125668 -0.870971 3.096840 1.000000 0.137973 -0.950672 3.047888 1.000000
31242630267 0.019235 0.176002 2.956772 1.000000 0.020245 0.234251 2.999807 1.000000 0.038504 0.555218 2.985590 1.000000 0.033646 0.740912 2.975419 1.000000 -0.158581 0.480451 2.986597 1.000000 -0.287634 0.674652 2.979136 1.000000 -0.105885 0.804560 2.970872 1.000000 -0.034865 0.841828 2.970871 1.000000 0.224548 0.485959 3.005335 1.000000 0.402802 0.670406 2.992591 1.000000 0.207139 0.777547 2.966684 1.000000 0.156457 0.837555 2.982903 1.000000 -0.071031 0.093770 2.940684 1.000000 -0.100952 -0.405273 3.057933 1.000000 -0.134101 -0.838794 3.091973 1.000000 -0.168339 -0.939453 3.043141 1.000000 0.101307 0.087503 2.953147 1.000000 0.099731 -0.401855 3.048167 1.000000 0.126588 -0.832319 3.103705 1.000000 0.136636 -0.937696 3.053867 1.000000
31242675341 0.019360 0.176108 2.956721 1.000000 0.020319 0.234117 2.999946 1.000000 0.037693 0.553023 2.986452 1.000000 0.031934 0.733773 2.972581 1.000000 -0.158787 0.480427 2.987091 1.000000 -0.287822 0.674567 2.979161 1.000000 -0.105506 0.803524 2.970791 1.000000 -0.034542 0.840762 2.970790 1.000000 0.225219 0.485673 3.005530 1.000000 0.402727 0.670363 2.992525 1.000000 0.207113 0.777455 2.967060 1.000000 0.156471 0.837415 2.983265 1.000000 -0.070986 0.093739 2.940374 1.000000 -0.107422 -0.474854 3.081341 1.000000 -0.136998 -0.862537 3.090410 1.000000 -0.168437 -0.943769 3.045489 1.000000 0.101928 0.087472 2.953214 1.000000 0.104370 -0.455322 3.073529 1.000000 0.126543 -0.843638 3.105683 1.000000 0.137215 -0.945794 3.049512 1.000000
31242707978 0.019600 0.176692 2.956436 1.000000 0.020445 0.234322 2.999957 1.000000 0.037475 0.552227 2.986564 1.000000 0.031895 0.733658 2.972506 1.000000 -0.158850 0.480470 2.987193 1.000000 -0.288005 0.674612 2.979177 1.000000 -0.105560 0.803254 2.970543 1.000000 -0.034654 0.840462 2.970542 1.000000 0.222937 0.484431 3.005412 1.000000 0.402957 0.670027 2.992788 1.000000 0.207861 0.778033 2.968633 1.000000 0.157260 0.837945 2.984826 1.000000 -0.070561 0.094904 2.939841 1.000000 -0.109070 -0.395508 3.052009 1.000000 -0.135060 -0.829514 3.088789 1.000000 -0.166953 -0.933527 3.045251 1.000000 0.102291 0.088308 2.952840 1.000000 0.104109 -0.452958 3.072613 1.000000 0.127225 -0.828072 3.101820 1.000000 0.136129 -0.934515 3.053630 1.000000
31242730113 0.019883 0.175307 2.956007 1.000000 0.021087 0.233259 2.999768 1.000000 0.040471 0.551871 2.986301 1.000000 0.033348 0.735547 2.973502 1.000000 -0.158812 0.480242 2.987052 1.000000 -0.287713 0.674852 2.979661 1.000000 -0.104989 0.802963 2.970945 1.000000 -0.034140 0.840141 2.970945 1.000000 0.222539 0.484184 3.004528 1.000000 0.403342 0.670017 2.993019 1.000000 0.208347 0.778029 2.968748 1.000000 0.157786 0.837893 2.984927 1.000000 -0.070916 0.093363 2.940153 1.000000 -0.108215 -0.482910 3.087139 1.000000 -0.137348 -0.864146 3.093806 1.000000 -0.171378 -0.943174 3.045030 1.000000 0.102327 0.087231 2.951774 1.000000 0.106345 -0.460883 3.077214 1.000000 0.124512 -0.876953 3.081285 1.000000 0.137977 -0.954164 3.044580 1.000000
31242775286 0.020252 0.171272 2.956235 1.000000 0.021656 0.230607 3.000199 1.000000 0.041217 0.552050 2.986713 1.000000 0.035905 0.737295 2.974380 1.000000 -0.158662 0.479516 2.986861 1.000000 -0.287472 0.674480 2.979661 1.000000 -0.101916 0.798329 2.970456 1.000000 -0.031114 0.835483 2.970456 1.000000 0.222441 0.484233 3.004275 1.000000 0.403726 0.670008 2.993046 1.000000 0.208740 0.777926 2.969230 1.000000 0.158213 0.837749 2.985399 1.000000 -0.070600 0.088555 2.940921 1.000000 -0.091744 -0.492560 3.090676 1.000000 -0.138009 -0.865448 3.095213 1.000000 -0.171010 -0.946585 3.051381 1.000000 0.102123 0.084230 2.951663 1.000000 0.096958 -0.472733 3.080554 1.000000 0.125116 -0.874791 3.083823 1.000000 0.137535 -0.951639 3.045608 1.000000
31242808099 0.020486 0.170891 2.956252 1.000000 0.021953 0.230288 3.000342 1.000000 0.041666 0.552268 2.986588 1.000000 0.036400 0.738674 2.976204 1.000000 -0.158663 0.479514 2.986988 1.000000 -0.286869 0.673204 2.979998 1.000000 -0.102844 0.799206 2.969587 1.000000 -0.032089 0.836335 2.969587 1.000000 0.222222 0.484210 3.004189 1.000000 0.403946 0.670047 2.993452 1.000000 0.208996 0.777853 2.969548 1.000000 0.158502 0.837638 2.985706 1.000000 -0.070119 0.088080 2.940807 1.000000 -0.098789 -0.490521 3.090128 1.000000 -0.137773 -0.850763 3.096125 1.000000 -0.171883 -0.943800 3.049472 1.000000 0.102100 0.083871 2.951939 1.000000 0.101288 -0.482212 3.085588 1.000000 0.124392 -0.874420 3.084270 1.000000 0.138252 -0.950818 3.042896 1.000000
31242830306 0.020668 0.170631 2.956374 1.000000 0.022256 0.230037 3.000599 1.000000 0.042790 0.552563 2.986719 1.000000 0.036256 0.739004 2.976446 1.000000 -0.158542 0.479183 2.987021 1.000000 -0.286869 0.672405 2.980206 1.000000 -0.103363 0.799040 2.968556 1.000000 -0.032653 0.836145 2.968556 1.000000 0.222061 0.484205 3.004117 1.000000 0.404016 0.670159 2.993764 1.000000 0.209607 0.779160 2.974777 1.000000 0.159146 0.838905 2.990924 1.000000 -0.069793 0.087826 2.940578 1.000000 -0.083256 -0.492423 3.092825 1.000000 -0.135289 -0.844532 3.104677 1.000000 -0.171245 -0.940913 3.048935 1.000000 0.101865 0.083376 2.952911 1.000000 0.101624 -0.481476 3.084960 1.000000 0.124412 -0.874672 3.084503 1.000000 0.139374 -0.952476 3.045834 1.000000
31242875413 0.022765 0.175683 2.956516 1.000000 0.022718 0.233353 3.000738 1.000000 0.043112 0.552456 2.986760 1.000000 0.036608 0.739110 2.976370 1.000000 -0.158466 0.479097 2.986920 1.000000 -0.286911 0.670953 2.979765 1.000000 -0.104374 0.798675 2.970345 1.000000 -0.033713 0.835755 2.970345 1.000000 0.237923 0.508948 3.019161 1.000000 0.404246 0.670347 2.994890 1.000000 0.209951 0.779139 2.974321 1.000000 0.159525 0.838844 2.990458 1.000000 -0.069034 0.089993 2.940670 1.000000 -0.077849 -0.491290 3.094445 1.000000 -0.137345 -0.849726 3.103349 1.000000 -0.171230 -0.944735 3.048965 1.000000 0.104413 0.086702 2.952417 1.000000 0.103459 -0.479219 3.084511 1.000000 0.124351 -0.874512 3.084410 1.000000 0.139667 -0.952971 3.043143 1.000000
31242908073 0.022476 0.172423 2.955930 1.000000 0.023322 0.231472 3.000183 1.000000 0.043893 0.552844 2.985531 1.000000 0.036820 0.739123 2.976675 1.000000 -0.158010 0.478860 2.986780 1.000000 -0.287126 0.670188 2.979505 1.000000 -0.105043 0.798415 2.968791 1.000000 -0.034415 0.835477 2.968791 1.000000 0.226255 0.490974 3.010930 1.000000 0.405113 0.670356 2.995527 1.000000 0.210624 0.778528 2.974003 1.000000 0.160221 0.838205 2.990133 1.000000 -0.068377 0.088151 2.940120 1.000000 -0.097253 -0.489770 3.091445 1.000000 -0.138136 -0.859488 3.098500 1.000000 -0.172745 -0.945901 3.049170 1.000000 0.102859 0.084344 2.952808 1.000000 0.103343 -0.479817 3.084584 1.000000 0.124472 -0.874631 3.084339 1.000000 0.139623 -0.954534 3.047698 1.000000
31242930228 0.022490 0.172537 2.955841 1.000000 0.023152 0.231634 3.000014 1.000000 0.044087 0.552646 2.984774 1.000000 0.038888 0.740863 2.979438 1.000000 -0.157827 0.478645 2.986661 1.000000 -0.287100 0.670125 2.979600 1.000000 -0.105754 0.799215 2.969053 1.000000 -0.035174 0.836253 2.969053 1.000000 0.231534 0.489469 3.012907 1.000000 0.405297 0.670276 2.995836 1.000000 0.210937 0.778432 2.973803 1.000000 0.160569 0.838069 2.989922 1.000000 -0.068929 0.088262 2.940486 1.000000 -0.098972 -0.490103 3.090563 1.000000 -0.138257 -0.859733 3.098511 1.000000 -0.174078 -0.945339 3.048225 1.000000 0.103574 0.084076 2.952108 1.000000 0.103623 -0.481811 3.084673 1.000000 0.124564 -0.874340 3.085265 1.000000 0.139311 -0.954000 3.047248 1.000000
31242975441 0.022596 0.172410 2.955845 1.000000 0.023460 0.231532 2.999965 1.000000 0.044459 0.552742 2.984655 1.000000 0.038323 0.742709 2.981337 1.000000 -0.157365 0.478181 2.986743 1.000000 -0.287147 0.670023 2.979598 1.000000 -0.106285 0.799645 2.968208 1.000000 -0.035750 0.836658 2.968208 1.000000 0.228314 0.488546 3.011284 1.000000 0.405597 0.670535 2.996493 1.000000 0.206856 0.769937 2.971898 1.000000 0.156519 0.829536 2.988006 1.000000 -0.068387 0.088348 2.940427 1.000000 -0.100926 -0.489435 3.090637 1.000000 -0.138324 -0.860354 3.098060 1.000000 -0.174356 -0.944370 3.048785 1.000000 0.103481 0.084069 2.952239 1.000000 0.103692 -0.482388 3.084497 1.000000 0.124264 -0.873966 3.086526 1.000000 0.139402 -0.954010 3.047692 1.000000
31243008200 0.022519 0.171956 2.956054 1.000000 0.023332 0.231216 3.000019 1.000000 0.044143 0.552661 2.984553 1.000000 0.039079 0.743118 2.982139 1.000000 -0.157460 0.477415 2.986308 1.000000 -0.286831 0.669596 2.979392 1.000000 -0.106161 0.799334 2.968222 1.000000 -0.035671 0.836323 2.968222 1.000000 0.227607 0.488305 3.011225 1.000000 0.405824 0.670721 2.997406 1.000000 0.205657 0.766889 2.971775 1.000000 0.155353 0.826449 2.987872 1.000000 -0.068304 0.088072 2.940403 1.000000 -0.102398 -0.487340 3.089298 1.000000 -0.138068 -0.861361 3.096194 1.000000 -0.173155 -0.942825 3.044247 1.000000 0.103339 0.083385 2.953223 1.000000 0.103758 -0.484409 3.085441 1.000000 0.124236 -0.874061 3.086932 1.000000 0.139865 -0.954441 3.049817 1.000000
31243030501 0.022557 0.171928 2.956181 1.000000 0.023416 0.231190 3.000047 1.000000 0.044114 0.552609 2.984580 1.000000 0.039041 0.742428 2.982739 1.000000 -0.157284 0.477806 2.986620 1.000000 -0.286579 0.669171 2.979620 1.000000 -0.105799 0.798599 2.968398 1.000000 -0.035351 0.835567 2.968398 1.000000 0.228437 0.488980 3.011167 1.000000 0.406213 0.670990 2.998654 1.000000 0.207965 0.770956 2.973888 1.000000 0.157690 0.830481 2.989976 1.000000 -0.068242 0.088072 2.940427 1.000000 -0.078987 -0.496024 3.091375 1.000000 -0.138273 -0.862088 3.097780 1.000000 -0.171482 -0.941148 3.041610 1.000000 0.103391 0.083007 2.953700 1.000000 0.104000 -0.486537 3.085769 1.000000 0.124291 -0.875256 3.086313 1.000000 0.142639 -0.962625 3.043577 1.000000
31243075505 0.022381 0.172153 2.956222 1.000000 0.023375 0.231263 3.000177 1.000000 0.043722 0.552845 2.985564 1.000000 0.038484 0.743769 2.984635 1.000000 -0.157149 0.478275 2.987592 1.000000 -0.286572 0.669159 2.979609 1.000000 -0.105762 0.798390 2.968480 1.000000 -0.035363 0.835332 2.968480 1.000000 0.228550 0.488850 3.010994 1.000000 0.406282 0.670982 2.999044 1.000000 0.208855 0.772550 2.976017 1.000000 0.158615 0.832033 2.992094 1.000000 -0.068692 0.088720 2.939935 1.000000 -0.099470 -0.484559 3.087073 1.000000 -0.138352 -0.862071 3.097586 1.000000 -0.171406 -0.940414 3.041159 1.000000 0.103349 0.083025 2.953750 1.000000 0.104174 -0.488019 3.086728 1.000000 0.123899 -0.875562 3.089460 1.000000 0.141190 -0.960187 3.046513 1.000000
31243108176 0.022974 0.173349 2.956447 1.000000 0.023780 0.232064 3.000374 1.000000 0.043788 0.552817 2.985631 1.000000 0.039453 0.745296 2.985377 1.000000 -0.157302 0.477748 2.987761 1.000000 -0.286328 0.668938 2.980000 1.000000 -0.107439 0.800673 2.968588 1.000000 -0.037087 0.837590 2.968588 1.000000 0.228974 0.488461 3.011776 1.000000 0.406414 0.671006 2.999158 1.000000 0.209811 0.773904 2.975434 1.000000 0.159606 0.833347 2.991500 1.000000 -0.068333 0.089510 2.940003 1.000000 -0.100005 -0.484755 3.086830 1.000000 -0.138601 -0.863055 3.096414 1.000000 -0.171527 -0.940465 3.041643 1.000000 0.104287 0.084048 2.953912 1.000000 0.104377 -0.486836 3.086446 1.000000 0.124335 -0.875063 3.091298 1.000000 0.140938 -0.958431 3.047172 1.000000
31243130282 0.023503 0.173604 2.957067 1.000000 0.024274 0.232251 3.000851 1.000000 0.044150 0.552514 2.985799 1.000000 0.039829 0.746041 2.985793 1.000000 -0.157211 0.477941 2.988058 1.000000 -0.286000 0.668529 2.980162 1.000000 -0.107798 0.801019 2.969432 1.000000 -0.037489 0.837914 2.969433 1.000000 0.229927 0.491802 3.012558 1.000000 0.406883 0.670850 2.999155 1.000000 0.210836 0.774554 2.975062 1.000000 0.160660 0.833962 2.991118 1.000000 -0.067620 0.089482 2.940425 1.000000 -0.101612 -0.485498 3.087626 1.000000 -0.138712 -0.863679 3.094559 1.000000 -0.170843 -0.940343 3.039031 1.000000 0.104762 0.084388 2.955003 1.000000 0.104530 -0.487691 3.085967 1.000000 0.124188 -0.874233 3.094009 1.000000 0.140684 -0.956526 3.047330 1.000000
31243175538 0.023472 0.173628 2.957102 1.000000 0.024420 0.232260 3.000828 1.000000 0.044524 0.552256 2.985741 1.000000 0.040188 0.746156 2.985914 1.000000 -0.157079 0.477789 2.988605 1.000000 -0.285228 0.668140 2.980972 1.000000 -0.107883 0.801644 2.968658 1.000000 -0.037620 0.838515 2.968659 1.000000 0.231083 0.488109 3.011490 1.000000 0.407614 0.670302 3.000095 1.000000 0.211956 0.774649 2.976955 1.000000 0.161813 0.834018 2.993000 1.000000 -0.068046 0.089561 2.940282 1.000000 -0.087505 -0.490942 3.089409 1.000000 -0.138370 -0.861412 3.096550 1.000000 -0.170753 -0.940368 3.034826 1.000000 0.104848 0.084218 2.955440 1.000000 0.104552 -0.487463 3.085711 1.000000 0.123727 -0.874268 3.093372 1.000000 0.140464 -0.956046 3.047603 1.000000
31243208255 0.023698 0.173726 2.957510 1.000000 0.024388 0.232353 3.000966 1.000000 0.044860 0.551566 2.985440 1.000000 0.041042 0.745040 2.985837 1.000000 -0.156722 0.477899 2.989120 1.000000 -0.285266 0.668169 2.981376 1.000000 -0.103005 0.794605 2.973148 1.000000 -0.032783 0.831454 2.973148 1.000000 0.234411 0.494739 3.015175 1.000000 0.408097 0.670037 3.000427 1.000000 0.212342 0.774115 2.978883 1.000000 0.162229 0.833449 2.994919 1.000000 -0.067742 0.089315 2.941229 1.000000 -0.085081 -0.491890 3.090696 1.000000 -0.137818 -0.858868 3.098629 1.000000 -0.170875 -0.940251 3.034909 1.000000 0.105067 0.084254 2.955761 1.000000 0.104634 -0.487578 3.085942 1.000000 0.123883 -0.874072 3.093672 1.000000 0.141044 -0.953064 3.050550 1.000000
31243230347 0.024858 0.175588 2.958933 1.000000 0.025737 0.233843 3.002452 1.000000 0.048847 0.551624 2.987800 1.000000 0.041477 0.745432 2.986260 1.000000 -0.156610 0.477431 2.989589 1.000000 -0.284893 0.667925 2.981838 1.000000 -0.103573 0.795563 2.971593 1.000000 -0.033391 0.832391 2.971593 1.000000 0.237062 0.497595 3.018061 1.000000 0.408559 0.669843 3.000985 1.000000 0.212866 0.773693 2.978332 1.000000 0.162782 0.832993 2.994359 1.000000 -0.067168 0.090066 2.941790 1.000000 -0.097540 -0.487870 3.087743 1.000000 -0.137677 -0.858693 3.098494 1.000000 -0.170881 -0.940172 3.034966 1.000000 0.105455 0.085283 2.956839 1.000000 0.104892 -0.488484 3.086076 1.000000 0.124194 -0.873672 3.093590 1.000000 0.141020 -0.953151 3.050519 1.000000
31243275554 0.023261 0.174458 2.959126 1.000000 0.025133 0.232959 3.002534 1.000000 0.048620 0.551314 2.987568 1.000000 0.041547 0.746312 2.987482 1.000000 -0.156495 0.477796 2.990773 1.000000 -0.284822 0.667587 2.982199 1.000000 -0.103902 0.795660 2.970331 1.000000 -0.033758 0.832468 2.970332 1.000000 0.230215 0.490088 3.012696 1.000000 0.408693 0.669671 3.001132 1.000000 0.212853 0.772957 2.977552 1.000000 0.162795 0.832225 2.993570 1.000000 -0.068039 0.089909 2.942612 1.000000 -0.098939 -0.487195 3.087243 1.000000 -0.137523 -0.858755 3.098870 1.000000 -0.170841 -0.939860 3.035571 1.000000 0.102250 0.084282 2.956514 1.000000 0.106045 -0.481827 3.084207 1.000000 0.124217 -0.873815 3.092132 1.000000 0.140550 -0.951872 3.048061 1.000000
31243308269 0.023168 0.173983 2.959662 1.000000 0.025154 0.232745 3.002818 1.000000 0.048755 0.551467 2.987545 1.000000 0.041744 0.747003 2.988839 1.000000 -0.156514 0.477757 2.990890 1.000000 -0.284700 0.667523 2.982756 1.000000 -0.104114 0.795920 2.969716 1.000000 -0.034009 0.832708 2.969716 1.000000 0.230217 0.488722 3.012367 1.000000 0.408788 0.669550 3.001125 1.000000 0.212915 0.772445 2.976236 1.000000 0.162886 0.831679 2.992245 1.000000 -0.068152 0.089636 2.942839 1.000000 -0.101251 -0.485736 3.087167 1.000000 -0.138622 -0.861234 3.096119 1.000000 -0.170852 -0.941478 3.036906 1.000000 0.102099 0.083443 2.958227 1.000000 0.104030 -0.484027 3.084877 1.000000 0.124255 -0.873267 3.092000 1.000000 0.140452 -0.951685 3.048188 1.000000
31243330417 0.023340 0.173502 2.959978 1.000000 0.025426 0.232424 3.002957 1.000000 0.048769 0.551472 2.987533 1.000000 0.043654 0.748954 2.992137 1.000000 -0.156100 0.477477 2.991124 1.000000 -0.284572 0.667268 2.982983 1.000000 -0.105654 0.797842 2.971279 1.000000 -0.035590 0.834609 2.971279 1.000000 0.229360 0.487762 3.011367 1.000000 0.407875 0.669734 3.001115 1.000000 0.212251 0.772924 2.976168 1.000000 0.162250 0.832124 2.992168 1.000000 -0.067672 0.089555 2.943308 1.000000 -0.102622 -0.484650 3.087485 1.000000 -0.138390 -0.848894 3.102664 1.000000 -0.170520 -0.939786 3.036868 1.000000 0.102133 0.083189 2.958519 1.000000 0.099296 -0.487758 3.086283 1.000000 0.125171 -0.872385 3.090097 1.000000 0.140061 -0.950883 3.047188 1.000000
31243375610 0.023455 0.173617 2.960363 1.000000 0.025044 0.232606 3.003082 1.000000 0.048019 0.551756 2.987498 1.000000 0.043228 0.749269 2.993216 1.000000 -0.155758 0.477616 2.991303 1.000000 -0.284664 0.667251 2.983124 1.000000 -0.105890 0.797852 2.971340 1.000000 -0.035866 0.834597 2.971340 1.000000 0.233836 0.494888 3.016263 1.000000 0.408250 0.669621 3.001107 1.000000 0.212482 0.772390 2.976768 1.000000 0.162510 0.831556 2.992759 1.000000 -0.067461 0.089405 2.943960 1.000000 -0.102975 -0.484876 3.087607 1.000000 -0.140082 -0.863840 3.093355 1.000000 -0.171918 -0.947200 3.045788 1.000000 0.102705 0.083400 2.959073 1.000000 0.100457 -0.487169 3.086063 1.000000 0.125216 -0.872204 3.090573 1.000000 0.140856 -0.952019 3.045206 1.000000
31243408346 0.023501 0.173628 2.960599 1.000000 0.025437 0.232407 3.003602 1.000000 0.049404 0.552091 2.989680 1.000000 0.044386 0.746417 2.989618 1.000000 -0.155521 0.479122 2.992418 1.000000 -0.284792 0.667473 2.983933 1.000000 -0.105817 0.797641 2.970077 1.000000 -0.035833 0.834365 2.970078 1.000000 0.231466 0.490881 3.014517 1.000000 0.408397 0.669145 3.000896 1.000000 0.212541 0.771620 2.977227 1.000000 0.162599 0.830752 2.993209 1.000000 -0.067380 0.089637 2.944057 1.000000 -0.103316 -0.485331 3.087975 1.000000 -0.140199 -0.864975 3.095338 1.000000 -0.171695 -0.945662 3.045820 1.000000 0.102603 0.083465 2.959217 1.000000 0.101458 -0.487818 3.085565 1.000000 0.125487 -0.871025 3.091697 1.000000 0.139935 -0.951620 3.045035 1.000000
31243430750 0.023689 0.173822 2.960768 1.000000 0.025773 0.232462 3.004194 1.000000 0.049674 0.552926 2.991577 1.000000 0.046343 0.747247 2.990582 1.000000 -0.155708 0.479010 2.992871 1.000000 -0.284737 0.667329 2.985017 1.000000 -0.106146 0.797847 2.969238 1.000000 -0.036207 0.834548 2.969239 1.000000 0.230880 0.490030 3.013913 1.000000 0.408457 0.669195 3.000889 1.000000 0.211387 0.769224 2.978213 1.000000 0.161476 0.828318 2.994184 1.000000 -0.067410 0.089810 2.944063 1.000000 -0.079363 -0.497272 3.095801 1.000000 -0.139845 -0.864549 3.096044 1.000000 -0.171450 -0.943056 3.044929 1.000000 0.103360 0.083980 2.959194 1.000000 0.101627 -0.487757 3.085505 1.000000 0.125353 -0.870677 3.093338 1.000000 0.140024 -0.950150 3.041516 1.000000
31243475670 0.024369 0.175897 2.961695 1.000000 0.026124 0.234096 3.005126 1.000000 0.049544 0.553077 2.991675 1.000000 0.047442 0.757620 3.004953 1.000000 -0.155885 0.479102 2.993641 1.000000 -0.284840 0.667298 2.985401 1.000000 -0.106468 0.797923 2.968961 1.000000 -0.036567 0.834604 2.968962 1.000000 0.235266 0.496447 3.016571 1.000000 0.407671 0.669775 3.000908 1.000000 0.210604 0.769538 2.977821 1.000000 0.160720 0.828600 2.993784 1.000000 -0.066835 0.090936 2.944761 1.000000 -0.091587 -0.496683 3.095217 1.000000 -0.139566 -0.861810 3.096675 1.000000 -0.171752 -0.942707 3.044837 1.000000 0.104100 0.085233 2.959707 1.000000 0.101910 -0.488055 3.085627 1.000000 0.125428 -0.870872 3.093434 1.000000 0.139068 -0.950157 3.042197 1.000000
31243508372 0.024382 0.175852 2.961650 1.000000 0.026645 0.233880 3.005379 1.000000 0.050184 0.553434 2.992899 1.000000 0.047226 0.756977 3.004556 1.000000 -0.155615 0.479791 2.994864 1.000000 -0.285024 0.667169 2.985534 1.000000 -0.107177 0.798397 2.970169 1.000000 -0.037322 0.835055 2.970170 1.000000 0.228545 0.490511 3.012191 1.000000 0.408122 0.669883 3.000911 1.000000 0.209665 0.766695 2.978104 1.000000 0.159813 0.825720 2.994057 1.000000 -0.066849 0.091160 2.944702 1.000000 -0.094266 -0.496386 3.093972 1.000000 -0.139046 -0.861880 3.097497 1.000000 -0.171695 -0.942049 3.044732 1.000000 0.104094 0.085474 2.959276 1.000000 0.102697 -0.487286 3.085795 1.000000 0.126495 -0.860905 3.094036 1.000000 0.138831 -0.950017 3.046997 1.000000
31243530708 0.024441 0.176154 2.962059 1.000000 0.026503 0.234135 3.005980 1.000000 0.050170 0.553341 2.993012 1.000000 0.046971 0.758829 3.005874 1.000000 -0.156615 0.479476 2.995502 1.000000 -0.285196 0.667026 2.985523 1.000000 -0.107472 0.798268 2.969833 1.000000 -0.037654 0.834906 2.969834 1.000000 0.232998 0.489385 3.014884 1.000000 0.408187 0.669823 3.000913 1.000000 0.209464 0.766021 2.979477 1.000000 0.159639 0.825014 2.995422 1.000000 -0.066962 0.091197 2.944791 1.000000 -0.095932 -0.496614 3.094855 1.000000 -0.138282 -0.863283 3.095582 1.000000 -0.172762 -0.942403 3.044314 1.000000 0.104400 0.085347 2.959889 1.000000 0.103239 -0.488065 3.086225 1.000000 0.126557 -0.862618 3.093810 1.000000 0.138816 -0.949995 3.046964 1.000000
31243575723 0.024440 0.176317 2.962301 1.000000 0.026357 0.234317 3.006308 1.000000 0.050273 0.553389 2.992914 1.000000 0.046262 0.763897 3.010159 1.000000 -0.156986 0.479156 2.995661 1.000000 -0.285747 0.666964 2.985980 1.000000 -0.108322 0.798472 2.971661 1.000000 -0.038535 0.835093 2.971661 1.000000 0.234554 0.493778 3.017329 1.000000 0.407322 0.670254 3.001211 1.000000 0.208769 0.766579 2.979712 1.000000 0.158966 0.825545 2.995650 1.000000 -0.066874 0.091240 2.945362 1.000000 -0.097453 -0.496808 3.094249 1.000000 -0.137706 -0.855607 3.101208 1.000000 -0.172376 -0.941637 3.045185 1.000000 0.104231 0.085417 2.960024 1.000000 0.103822 -0.488355 3.086541 1.000000 0.125696 -0.867779 3.090754 1.000000 0.138982 -0.950907 3.048707 1.000000
31243608461 0.024439 0.176132 2.962445 1.000000 0.026540 0.234229 3.006543 1.000000 0.049956 0.553758 2.992928 1.000000 0.046596 0.765498 3.011016 1.000000 -0.157241 0.478956 2.995970 1.000000 -0.285854 0.667326 2.986626 1.000000 -0.108123 0.798255 2.970988 1.000000 -0.038372 0.834857 2.970989 1.000000 0.231293 0.491651 3.015363 1.000000 0.407399 0.670261 3.001293 1.000000 0.209037 0.766716 2.979095 1.000000 0.159260 0.825653 2.995023 1.000000 -0.066713 0.091175 2.945551 1.000000 -0.098207 -0.496005 3.094015 1.000000 -0.137459 -0.857183 3.100748 1.000000 -0.172262 -0.940994 3.045271 1.000000 0.104189 0.085399 2.960127 1.000000 0.104157 -0.489550 3.087669 1.000000 0.125291 -0.868773 3.091784 1.000000 0.137667 -0.951702 3.049669 1.000000
31243630617 0.024552 0.176134 2.962828 1.000000 0.026456 0.234313 3.006945 1.000000 0.049962 0.553799 2.992929 1.000000 0.048246 0.768323 3.013443 1.000000 -0.157731 0.478470 2.996089 1.000000 -0.286143 0.667300 2.986529 1.000000 -0.108397 0.798064 2.970928 1.000000 -0.038680 0.834648 2.970929 1.000000 0.232811 0.491552 3.017383 1.000000 0.406642 0.670536 3.001002 1.000000 0.208595 0.767476 2.979177 1.000000 0.158842 0.826383 2.995098 1.000000 -0.066775 0.090923 2.945799 1.000000 -0.099914 -0.493671 3.093698 1.000000 -0.137243 -0.856287 3.100731 1.000000 -0.172330 -0.940842 3.044240 1.000000 0.104614 0.085272 2.961008 1.000000 0.104606 -0.488981 3.087803 1.000000 0.125306 -0.870211 3.093162 1.000000 0.138204 -0.951940 3.050179 1.000000
31243675767 0.024638 0.176072 2.963034 1.000000 0.026515 0.234300 3.007168 1.000000 0.049880 0.553837 2.992940 1.000000 0.048983 0.770069 3.016742 1.000000 -0.157728 0.478610 2.997023 1.000000 -0.286165 0.667364 2.986986 1.000000 -0.104688 0.792768 2.974614 1.000000 -0.035001 0.829336 2.974615 1.000000 0.234374 0.491486 3.018348 1.000000 0.406260 0.670662 3.001191 1.000000 0.208606 0.768223 2.979671 1.000000 0.158874 0.827105 2.995585 1.000000 -0.066560 0.090685 2.946055 1.000000 -0.100228 -0.493112 3.093589 1.000000 -0.136585 -0.858466 3.096447 1.000000 -0.172438 -0.941143 3.044054 1.000000 0.104688 0.085103 2.961251 1.000000 0.104543 -0.483403 3.084672 1.000000 0.124515 -0.853183 3.096422 1.000000 0.138331 -0.949479 3.047446 1.000000
31243708418 0.024983 0.175170 2.963549 1.000000 0.026882 0.233753 3.007646 1.000000 0.050149 0.554040 2.993132 1.000000 0.048096 0.772285 3.018090 1.000000 -0.157784 0.478710 2.998251 1.000000 -0.286226 0.667369 2.986922 1.000000 -0.106402 0.794963 2.972476 1.000000 -0.036744 0.831516 2.972476 1.000000 0.235414 0.491821 3.019399 1.000000 0.405721 0.671262 3.001428 1.000000 0.207761 0.767977 2.979753 1.000000 0.158050 0.826834 2.995661 1.000000 -0.066241 0.089595 2.946844 1.000000 -0.101073 -0.491479 3.092619 1.000000 -0.136527 -0.858754 3.095775 1.000000 -0.172487 -0.941233 3.043352 1.000000 0.104999 0.083823 2.961549 1.000000 0.104109 -0.484008 3.085623 1.000000 0.123638 -0.862449 3.094867 1.000000 0.139937 -0.951815 3.052125 1.000000
31243730617 0.025060 0.175003 2.963779 1.000000 0.026945 0.233818 3.007689 1.000000 0.050117 0.554905 2.992564 1.000000 0.049796 0.774275 3.019380 1.000000 -0.157902 0.478524 2.998456 1.000000 -0.286152 0.667423 2.987309 1.000000 -0.106880 0.795591 2.970630 1.000000 -0.037255 0.832127 2.970630 1.000000 0.235131 0.491625 3.019485 1.000000 0.406096 0.671274 3.001566 1.000000 0.208402 0.768278 2.979366 1.000000 0.158714 0.827108 2.995266 1.000000 -0.066161 0.089420 2.946969 1.000000 -0.078463 -0.500296 3.102062 1.000000 -0.136591 -0.860569 3.096765 1.000000 -0.170064 -0.945018 3.051051 1.000000 0.105153 0.083647 2.962472 1.000000 0.103877 -0.490030 3.087445 1.000000 0.123353 -0.865765 3.093813 1.000000 0.140040 -0.951802 3.051755 1.000000
31243775767 0.025074 0.175026 2.963865 1.000000 0.026897 0.233858 3.007761 1.000000 0.049716 0.555192 2.992826 1.000000 0.048028 0.774869 3.019218 1.000000 -0.158041 0.478380 2.998635 1.000000 -0.286542 0.667064 2.987523 1.000000 -0.108164 0.796279 2.969801 1.000000 -0.038569 0.832799 2.969800 1.000000 0.235549 0.491424 3.020083 1.000000 0.406347 0.671461 3.002199 1.000000 0.209043 0.768910 2.978659 1.000000 0.159378 0.827714 2.994552 1.000000 -0.066160 0.089381 2.946974 1.000000 -0.095156 -0.496191 3.095291 1.000000 -0.136982 -0.861921 3.100718 1.000000 -0.170005 -0.944587 3.051122 1.000000 0.105266 0.083666 2.962597 1.000000 0.103950 -0.489946 3.087415 1.000000 0.123206 -0.867224 3.092442 1.000000 0.140045 -0.951908 3.051756 1.000000
31243808507 0.025193 0.174518 2.964196 1.000000 0.026993 0.233443 3.008164 1.000000 0.049301 0.555466 2.993694 1.000000 0.047778 0.775324 3.018932 1.000000 -0.158280 0.478113 2.998492 1.000000 -0.286837 0.666934 2.987674 1.000000 -0.108595 0.796172 2.969499 1.000000 -0.039030 0.832677 2.969498 1.000000 0.234696 0.490379 3.019473 1.000000 0.406878 0.671399 3.002502 1.000000 0.209828 0.769095 2.978323 1.000000 0.160183 0.827873 2.994209 1.000000 -0.065886 0.088812 2.947290 1.000000 -0.097377 -0.498357 3.095135 1.000000 -0.136161 -0.874591 3.097687 1.000000 -0.170376 -0.950564 3.044924 1.000000 0.105367 0.083482 2.962667 1.000000 0.104237 -0.490574 3.087841 1.000000 0.123400 -0.867843 3.092260 1.000000 0.140132 -0.951744 3.051759 1.000000
31243830696 0.025156 0.174355 2.964224 1.000000 0.027070 0.233364 3.008215 1.000000 0.049368 0.555752 2.993798 1.000000 0.049312 0.776437 3.020600 1.000000 -0.158258 0.478099 2.998500 1.000000 -0.286829 0.666899 2.987734 1.000000 -0.108796 0.796316 2.970272 1.000000 -0.039262 0.832804 2.970271 1.000000 0.233278 0.489074 3.018450 1.000000 0.407543 0.671279 3.002797 1.000000 0.211019 0.769770 2.977948 1.000000 0.161397 0.828523 2.993827 1.000000 -0.065888 0.088779 2.947308 1.000000 -0.086532 -0.498211 3.097678 1.000000 -0.136426 -0.875210 3.097803 1.000000 -0.172836 -0.952099 3.049923 1.000000 0.105305 0.083471 2.962646 1.000000 0.104178 -0.490683 3.087787 1.000000 0.123169 -0.869792 3.090622 1.000000 0.140003 -0.952098 3.052180 1.000000
31243875946 0.024935 0.171881 2.964347 1.000000 0.027130 0.231586 3.008362 1.000000 0.049419 0.555687 2.993777 1.000000 0.051713 0.776690 3.020376 1.000000 -0.158208 0.478113 2.998523 1.000000 -0.287246 0.666762 2.987507 1.000000 -0.109101 0.795938 2.971117 1.000000 -0.039591 0.832414 2.971117 1.000000 0.228672 0.486609 3.016516 1.000000 0.407700 0.668638 3.003774 1.000000 0.213273 0.770955 2.978095 1.000000 0.163668 0.829688 2.993969 1.000000 -0.065407 0.087290 2.947268 1.000000 -0.091803 -0.495458 3.097994 1.000000 -0.136888 -0.874524 3.097067 1.000000 -0.172291 -0.952937 3.053757 1.000000 0.104414 0.082379 2.962986 1.000000 0.104014 -0.488607 3.087193 1.000000 0.124303 -0.870636 3.091371 1.000000 0.140125 -0.952223 3.052477 1.000000
31243908532 0.025023 0.172086 2.964427 1.000000 0.026805 0.231766 3.008439 1.000000 0.049135 0.555895 2.993891 1.000000 0.052439 0.778624 3.021975 1.000000 -0.158097 0.478170 2.998548 1.000000 -0.287658 0.666721 2.988750 1.000000 -0.109743 0.796031 2.970942 1.000000 -0.040259 0.832493 2.970942 1.000000 0.234751 0.487241 3.020223 1.000000 0.408961 0.668704 3.005706 1.000000 0.214684 0.770668 2.976737 1.000000 0.165097 0.829378 2.992605 1.000000 -0.065382 0.087282 2.947284 1.000000 -0.096189 -0.496675 3.095688 1.000000 -0.136075 -0.863098 3.101767 1.000000 -0.171494 -0.953466 3.056659 1.000000 0.104602 0.082409 2.963004 1.000000 0.103962 -0.488694 3.087469 1.000000 0.124043 -0.872542 3.089991 1.000000 0.139623 -0.951783 3.050214 1.000000
31243930718 0.024719 0.171675 2.964448 1.000000 0.026797 0.231260 3.008333 1.000000 0.048296 0.554257 2.992941 1.000000 0.045434 0.765481 3.013724 1.000000 -0.158369 0.478098 2.998749 1.000000 -0.288007 0.666860 2.989254 1.000000 -0.111449 0.798010 2.976198 1.000000 -0.041989 0.834459 2.976198 1.000000 0.228887 0.482172 3.016248 1.000000 0.409118 0.667454 3.006228 1.000000 0.216023 0.771322 2.976082 1.000000 0.166454 0.830013 2.991944 1.000000 -0.065388 0.087272 2.947284 1.000000 -0.104440 -0.469608 3.087416 1.000000 -0.137464 -0.853070 3.102146 1.000000 -0.168937 -0.950913 3.051467 1.000000 0.103818 0.081672 2.963341 1.000000 0.103825 -0.479942 3.085563 1.000000 0.125158 -0.870882 3.092788 1.000000 0.139867 -0.952110 3.047278 1.000000
31243975920 0.026574 0.175054 2.962770 1.000000 0.027754 0.233245 3.006593 1.000000 0.045752 0.551729 2.989208 1.000000 0.041651 0.763300 3.012190 1.000000 -0.158774 0.477767 2.999220 1.000000 -0.291698 0.666763 2.989792 1.000000 -0.115711 0.798517 2.981050 1.000000 -0.046287 0.834948 2.981050 1.000000 0.228836 0.481644 3.016254 1.000000 0.409331 0.665660 3.005152 1.000000 0.217788 0.772403 2.976007 1.000000 0.168244 0.831063 2.991861 1.000000 -0.064101 0.089790 2.946082 1.000000 -0.102844 -0.424072 3.065357 1.000000 -0.131792 -0.859900 3.085407 1.000000 -0.167477 -0.938317 3.046546 1.000000 0.109334 0.086430 2.961156 1.000000 0.106567 -0.424072 3.067310 1.000000 0.124367 -0.860677 3.085595 1.000000 0.139814 -0.952370 3.047164 1.000000
31244008643 0.025797 0.170079 2.961972 1.000000 0.027904 0.231037 3.005903 1.000000 0.048564 0.555930 2.989206 1.000000 0.047460 0.767511 3.012012 1.000000 -0.158694 0.477749 2.999501 1.000000 -0.294778 0.665800 2.988646 1.000000 -0.120163 0.798982 2.985669 1.000000 -0.050761 0.835401 2.985669 1.000000 0.227037 0.479219 3.014225 1.000000 0.410442 0.664498 3.005115 1.000000 0.221100 0.775022 2.976130 1.000000 0.171573 0.833663 2.991979 1.000000 -0.064388 0.087548 2.945884 1.000000 -0.073975 -0.499023 3.100519 1.000000 -0.133047 -0.861617 3.095124 1.000000 -0.167870 -0.938626 3.045606 1.000000 0.106128 0.079974 2.959893 1.000000 0.092651 -0.493164 3.086847 1.000000 0.124738 -0.870214 3.091715 1.000000 0.139030 -0.951036 3.046952 1.000000
31244030909 0.025854 0.169365 2.962064 1.000000 0.028091 0.231053 3.005500 1.000000 0.051164 0.560381 2.987266 1.000000 0.059679 0.785897 3.026195 1.000000 -0.160073 0.477065 2.999760 1.000000 -0.304372 0.664163 2.987215 1.000000 -0.129539 0.796891 2.985487 1.000000 -0.077487 0.854889 2.977348 1.000000 0.227606 0.478164 3.014290 1.000000 0.411925 0.662410 3.005081 1.000000 0.224417 0.775967 2.976297 1.000000 0.174903 0.834591 2.992142 1.000000 -0.064714 0.085855 2.946665 1.000000 -0.092918 -0.492034 3.094175 1.000000 -0.133297 -0.853630 3.096566 1.000000 -0.168818 -0.939330 3.046317 1.000000 0.105997 0.078491 2.960043 1.000000 0.096475 -0.493589 3.088556 1.000000 0.124800 -0.870067 3.091522 1.000000 0.139024 -0.951132 3.047002 1.000000
31244075993 0.025826 0.169506 2.962206 1.000000 0.028222 0.231002 3.005250 1.000000 0.049991 0.558066 2.987712 1.000000 0.056323 0.779420 3.021557 1.000000 -0.160334 0.476957 3.000785 1.000000 -0.309968 0.660353 2.987272 1.000000 -0.138932 0.797152 2.992276 1.000000 -0.080903 0.848674 2.981628 1.000000 0.230246 0.476399 3.013875 1.000000 0.413434 0.658395 3.006205 1.000000 0.229470 0.777279 2.975694 1.000000 0.179974 0.835883 2.991532 1.000000 -0.064779 0.085851 2.946800 1.000000 -0.094703 -0.490023 3.093837 1.000000 -0.134362 -0.856955 3.096614 1.000000 -0.170871 -0.940103 3.045388 1.000000 0.106032 0.078476 2.960101 1.000000 0.096101 -0.493295 3.088785 1.000000 0.123828 -0.872031 3.093210 1.000000 0.139781 -0.951137 3.047116 1.000000
31244108661 0.025825 0.169537 2.962121 1.000000 0.028097 0.231032 3.004679 1.000000 0.047502 0.556340 2.986609 1.000000 0.051958 0.777980 3.023726 1.000000 -0.161639 0.475239 3.001664 1.000000 -0.317470 0.638724 2.988663 1.000000 -0.159194 0.790452 2.989319 1.000000 -0.099042 0.839817 2.980610 1.000000 0.232276 0.476051 3.015363 1.000000 0.417328 0.652962 3.005748 1.000000 0.235874 0.775702 2.976593 1.000000 0.186394 0.834286 2.992427 1.000000 -0.064715 0.085535 2.946503 1.000000 -0.097513 -0.490192 3.094515 1.000000 -0.134832 -0.859340 3.097081 1.000000 -0.170943 -0.939850 3.045598 1.000000 0.106265 0.078223 2.960045 1.000000 0.098476 -0.492475 3.087896 1.000000 0.123816 -0.871999 3.093466 1.000000 0.138747 -0.951974 3.052667 1.000000
31244130972 0.025669 0.169659 2.961905 1.000000 0.027484 0.230678 3.004067 1.000000 0.041524 0.549346 2.986890 1.000000 0.044014 0.712402 2.960960 1.000000 -0.163349 0.474266 3.002312 1.000000 -0.322851 0.639676 2.988883 1.000000 -0.167061 0.793450 2.993593 1.000000 -0.104741 0.839978 2.984748 1.000000 0.235606 0.475486 3.018001 1.000000 0.424109 0.647121 3.005411 1.000000 0.245189 0.773434 2.976438 1.000000 0.195726 0.831997 2.992267 1.000000 -0.064880 0.085209 2.946135 1.000000 -0.098685 -0.489815 3.094543 1.000000 -0.135589 -0.860508 3.096693 1.000000 -0.171472 -0.939786 3.044389 1.000000 0.106633 0.077715 2.959388 1.000000 0.100042 -0.490639 3.088102 1.000000 0.123809 -0.871979 3.093453 1.000000 0.138736 -0.951930 3.053641 1.000000
31244176004 0.025680 0.167801 2.962048 1.000000 0.027344 0.228201 3.004073 1.000000 0.041808 0.547923 2.987685 1.000000 0.035862 0.718675 2.966673 1.000000 -0.164385 0.469757 3.001911 1.000000 -0.337059 0.632183 2.988039 1.000000 -0.180380 0.783936 2.999848 1.000000 -0.133394 0.846184 3.006160 1.000000 0.237503 0.474117 3.018560 1.000000 0.437256 0.595215 3.006916 1.000000 0.275466 0.753293 2.978737 1.000000 0.226021 0.811836 2.994560 1.000000 -0.064445 0.080838 2.946071 1.000000 -0.089020 -0.492802 3.097309 1.000000 -0.136128 -0.861762 3.097398 1.000000 -0.172642 -0.941701 3.045643 1.000000 0.106595 0.074587 2.959349 1.000000 0.100763 -0.490684 3.088765 1.000000 0.123862 -0.871924 3.093441 1.000000 0.138475 -0.951910 3.053663 1.000000
31244208749 0.026442 0.164534 2.961514 1.000000 0.028050 0.224576 3.003759 1.000000 0.043244 0.545796 2.989000 1.000000 0.035058 0.717883 2.967169 1.000000 -0.166137 0.461718 3.001527 1.000000 -0.349361 0.581836 2.987554 1.000000 -0.229214 0.764302 2.994622 1.000000 -0.175523 0.821044 2.997321 1.000000 0.239317 0.472141 3.019489 1.000000 0.438883 0.590926 3.006919 1.000000 0.277248 0.753124 2.977897 1.000000 0.227854 0.811606 2.993704 1.000000 -0.064884 0.075727 2.944334 1.000000 -0.095606 -0.493304 3.094870 1.000000 -0.137296 -0.864062 3.095801 1.000000 -0.172404 -0.944046 3.047105 1.000000 0.108979 0.069564 2.958535 1.000000 0.102090 -0.492790 3.090763 1.000000 0.124015 -0.872287 3.093782 1.000000 0.138971 -0.952317 3.054184 1.000000
31244230848 0.025410 0.156737 2.959180 1.000000 0.026910 0.217263 3.002046 1.000000 0.042720 0.543673 2.989057 1.000000 0.038482 0.710993 2.960962 1.000000 -0.167947 0.455094 3.001323 1.000000 -0.354208 0.569962 2.989550 1.000000 -0.236835 0.754449 2.992743 1.000000 -0.183426 0.811476 2.993992 1.000000 0.236646 0.454439 3.017752 1.000000 0.451093 0.555057 3.010331 1.000000 0.277829 0.753471 2.978886 1.000000 0.228449 0.811937 2.994688 1.000000 -0.066555 0.068273 2.942873 1.000000 -0.073680 -0.504465 3.103205 1.000000 -0.137661 -0.864926 3.096561 1.000000 -0.171213 -0.944428 3.051484 1.000000 0.109016 0.062791 2.954921 1.000000 0.101968 -0.493088 3.091526 1.000000 0.123944 -0.872241 3.093981 1.000000 0.138857 -0.953041 3.055460 1.000000
31244276105 0.025341 0.154211 2.957914 1.000000 0.026893 0.214860 3.001346 1.000000 0.043001 0.543095 2.989084 1.000000 0.039266 0.710704 2.958553 1.000000 -0.168672 0.450850 3.001798 1.000000 -0.368011 0.539200 2.997929 1.000000 -0.252448 0.725331 2.986230 1.000000 -0.221495 0.735635 2.986950 1.000000 0.236301 0.452395 3.018327 1.000000 0.451364 0.519986 3.010753 1.000000 0.283933 0.745601 2.978678 1.000000 0.216260 0.771451 2.949440 1.000000 -0.067112 0.065349 2.941833 1.000000 -0.091414 -0.500144 3.102801 1.000000 -0.138097 -0.866033 3.095081 1.000000 -0.170954 -0.946681 3.052433 1.000000 0.109188 0.060848 2.952991 1.000000 0.102432 -0.493377 3.091898 1.000000 0.123543 -0.872857 3.095623 1.000000 0.138681 -0.952870 3.053653 1.000000
31244308770 0.024478 0.145230 2.957727 1.000000 0.025885 0.207019 3.001628 1.000000 0.041558 0.540757 2.989606 1.000000 0.040213 0.710701 2.955484 1.000000 -0.166072 0.446700 3.004116 1.000000 -0.373347 0.513115 3.002236 1.000000 -0.261713 0.701327 2.983331 1.000000 -0.177388 0.764816 2.984050 1.000000 0.235713 0.451208 3.019064 1.000000 0.450754 0.498254 3.012107 1.000000 0.291511 0.730147 2.970039 1.000000 0.246435 0.792424 2.983331 1.000000 -0.066430 0.060942 2.942480 1.000000 -0.084040 -0.499713 3.103470 1.000000 -0.139211 -0.867675 3.093754 1.000000 -0.170130 -0.946985 3.051779 1.000000 0.107571 0.051525 2.951884 1.000000 0.096783 -0.496475 3.092937 1.000000 0.124188 -0.872353 3.096056 1.000000 0.137574 -0.952574 3.052670 1.000000
31244330873 0.024090 0.138624 2.957893 1.000000 0.025766 0.201191 3.002437 1.000000 0.041905 0.539163 2.990726 1.000000 0.041491 0.708054 2.953641 1.000000 -0.160656 0.440932 3.007722 1.000000 -0.371934 0.493678 3.003007 1.000000 -0.265738 0.684684 2.980939 1.000000 -0.202894 0.724347 2.984468 1.000000 0.234148 0.446616 3.021497 1.000000 0.450123 0.474308 3.016989 1.000000 0.297406 0.706426 2.959027 1.000000 0.258608 0.773104 2.970549 1.000000 -0.065608 0.055488 2.943369 1.000000 -0.092954 -0.502376 3.102252 1.000000 -0.139834 -0.866681 3.092523 1.000000 -0.170182 -0.948666 3.051447 1.000000 0.106067 0.047629 2.951384 1.000000 0.096630 -0.496440 3.092954 1.000000 0.125211 -0.868269 3.096855 1.000000 0.137901 -0.950574 3.053324 1.000000
31244376084 0.025171 0.130764 2.958112 1.000000 0.027259 0.194257 3.003429 1.000000 0.042560 0.537320 2.992153 1.000000 0.042259 0.707408 2.953348 1.000000 -0.155771 0.436812 3.012010 1.000000 -0.373128 0.441020 3.008791 1.000000 -0.267907 0.670095 2.981749 1.000000 -0.206868 0.718467 2.984426 1.000000 0.232816 0.438730 3.020357 1.000000 0.449894 0.448860 3.017942 1.000000 0.359282 0.640383 2.951577 1.000000 0.306127 0.696011 2.939215 1.000000 -0.063452 0.049172 2.943627 1.000000 -0.076717 -0.504933 3.102466 1.000000 -0.137298 -0.853713 3.100314 1.000000 -0.170487 -0.943282 3.044155 1.000000 0.106002 0.041639 2.951462 1.000000 0.099633 -0.497654 3.094512 1.000000 0.124658 -0.869541 3.096173 1.000000 0.138177 -0.950930 3.053856 1.000000
31244408810 0.025969 0.124694 2.959346 1.000000 0.027551 0.188938 3.005165 1.000000 0.041754 0.535827 2.993653 1.000000 0.042537 0.706874 2.953049 1.000000 -0.153504 0.435110 3.013193 1.000000 -0.367230 0.405448 3.020982 1.000000 -0.284424 0.621094 2.970646 1.000000 -0.230203 0.676933 2.973883 1.000000 0.232096 0.435337 3.022075 1.000000 0.448940 0.453109 3.014592 1.000000 0.354885 0.637812 2.933173 1.000000 0.301284 0.691656 2.915965 1.000000 -0.061222 0.043048 2.944811 1.000000 -0.073295 -0.507331 3.103104 1.000000 -0.137604 -0.854240 3.100159 1.000000 -0.173611 -0.944580 3.036816 1.000000 0.106516 0.036695 2.952891 1.000000 0.103291 -0.503177 3.098487 1.000000 0.124886 -0.870414 3.096014 1.000000 0.138061 -0.952380 3.054996 1.000000
31244430654 0.025618 0.118352 2.960040 1.000000 0.027046 0.183880 3.006341 1.000000 0.041807 0.535435 2.994375 1.000000 0.042622 0.706554 2.952748 1.000000 -0.146779 0.429770 3.011420 1.000000 -0.353948 0.371836 3.021977 1.000000 -0.297965 0.606737 2.960218 1.000000 -0.243761 0.662559 2.963454 1.000000 0.229250 0.432458 3.022805 1.000000 0.427945 0.358305 3.048312 1.000000 0.369550 0.602771 2.929308 1.000000 0.316792 0.658654 2.916732 1.000000 -0.060230 0.037912 2.945530 1.000000 -0.092891 -0.504533 3.099114 1.000000 -0.137830 -0.859351 3.100994 1.000000 -0.172301 -0.945974 3.041235 1.000000 0.105297 0.033940 2.953765 1.000000 0.103490 -0.503494 3.098540 1.000000 0.124301 -0.872102 3.093219 1.000000 0.137777 -0.953187 3.056690 1.000000
31244476185 0.025821 0.115855 2.960930 1.000000 0.027048 0.181511 3.007767 1.000000 0.041846 0.535035 2.995967 1.000000 0.042872 0.705980 2.952089 1.000000 -0.144573 0.427739 3.012292 1.000000 -0.338445 0.337939 3.029724 1.000000 -0.376987 0.527316 2.916145 1.000000 -0.322801 0.583119 2.919380 1.000000 0.228746 0.431095 3.025029 1.000000 0.411598 0.318792 3.037543 1.000000 0.402100 0.531128 2.925751 1.000000 0.378061 0.597658 2.893247 1.000000 -0.059443 0.035373 2.946800 1.000000 -0.095715 -0.502008 3.099051 1.000000 -0.137887 -0.859665 3.100995 1.000000 -0.170616 -0.943285 3.038741 1.000000 0.105044 0.032033 2.954423 1.000000 0.104059 -0.503484 3.099085 1.000000 0.124039 -0.872249 3.094413 1.000000 0.137370 -0.953003 3.056136 1.000000
31244508849 0.026711 0.110443 2.962531 1.000000 0.027824 0.177202 3.009515 1.000000 0.042104 0.534754 2.996628 1.000000 0.043081 0.706760 2.950854 1.000000 -0.141441 0.424508 3.011910 1.000000 -0.320703 0.306484 3.033611 1.000000 -0.373853 0.497581 2.930844 1.000000 -0.342529 0.522461 2.919905 1.000000 0.224973 0.426446 3.024227 1.000000 0.401458 0.297022 3.043500 1.000000 0.421831 0.476823 2.909450 1.000000 0.413069 0.543512 2.870508 1.000000 -0.057539 0.031989 2.948688 1.000000 -0.097477 -0.502212 3.100753 1.000000 -0.137225 -0.860183 3.103782 1.000000 -0.170653 -0.942475 3.038955 1.000000 0.104796 0.027917 2.956239 1.000000 0.104224 -0.503605 3.099101 1.000000 0.124391 -0.872360 3.095313 1.000000 0.137312 -0.953027 3.054138 1.000000
31244530636 0.026726 0.106884 2.962905 1.000000 0.027945 0.173831 3.009965 1.000000 0.042391 0.533741 2.996468 1.000000 0.043863 0.707397 2.951151 1.000000 -0.140269 0.417121 3.010805 1.000000 -0.305916 0.278247 3.037387 1.000000 -0.371845 0.455259 2.916444 1.000000 -0.354355 0.505261 2.887237 1.000000 0.221670 0.423238 3.023176 1.000000 0.355225 0.260010 3.055897 1.000000 0.441830 0.403690 2.904395 1.000000 0.450860 0.467957 2.861905 1.000000 -0.057216 0.029529 2.949424 1.000000 -0.098809 -0.503368 3.101162 1.000000 -0.136712 -0.865645 3.101419 1.000000 -0.170886 -0.942713 3.037504 1.000000 0.104399 0.024514 2.957145 1.000000 0.105389 -0.504611 3.100218 1.000000 0.124638 -0.874265 3.092765 1.000000 0.137414 -0.953202 3.052854 1.000000
31244576203 0.026889 0.103788 2.963554 1.000000 0.027919 0.171266 3.010644 1.000000 0.042694 0.533410 2.996585 1.000000 0.043884 0.707439 2.951155 1.000000 -0.138490 0.414718 3.008782 1.000000 -0.306996 0.270337 3.028238 1.000000 -0.401764 0.410261 2.878432 1.000000 -0.421540 0.475524 2.841515 1.000000 0.219858 0.420219 3.023085 1.000000 0.322692 0.231222 3.070899 1.000000 0.452252 0.330712 2.914403 1.000000 0.474008 0.368500 2.850279 1.000000 -0.056572 0.027195 2.950406 1.000000 -0.099798 -0.503978 3.101447 1.000000 -0.137171 -0.857561 3.104439 1.000000 -0.169695 -0.943988 3.049417 1.000000 0.103989 0.022035 2.958077 1.000000 0.099284 -0.509237 3.102852 1.000000 0.124899 -0.874246 3.092962 1.000000 0.136468 -0.952442 3.048493 1.000000
31244608938 0.026107 0.100532 2.963874 1.000000 0.026867 0.168462 3.010832 1.000000 0.042733 0.532694 2.996213 1.000000 0.044103 0.707695 2.951336 1.000000 -0.133850 0.411940 3.004571 1.000000 -0.236938 0.217651 3.063752 1.000000 -0.388916 0.310547 2.908227 1.000000 -0.420817 0.357069 2.855059 1.000000 0.218005 0.418116 3.022075 1.000000 0.291490 0.213717 3.088984 1.000000 0.445307 0.243823 2.925424 1.000000 0.479533 0.282328 2.867503 1.000000 -0.056560 0.025634 2.951220 1.000000 -0.100196 -0.503515 3.101183 1.000000 -0.137014 -0.858261 3.103640 1.000000 -0.170366 -0.943857 3.049512 1.000000 0.102461 0.019658 2.958633 1.000000 0.101190 -0.510638 3.102446 1.000000 0.124641 -0.874026 3.092987 1.000000 0.137681 -0.952290 3.049957 1.000000
31244630657 0.026013 0.098301 2.964103 1.000000 0.026727 0.166631 3.010632 1.000000 0.042962 0.531603 2.994488 1.000000 0.044255 0.706295 2.950773 1.000000 -0.132137 0.411049 3.003495 1.000000 -0.232910 0.212835 3.062369 1.000000 -0.402230 0.201692 2.913695 1.000000 -0.473239 0.248092 2.852079 1.000000 0.216814 0.416077 3.021390 1.000000 0.285211 0.207182 3.087395 1.000000 0.436196 0.170645 2.922512 1.000000 0.451416 0.209106 2.878942 1.000000 -0.056299 0.024770 2.951413 1.000000 -0.100762 -0.503778 3.102003 1.000000 -0.136579 -0.859789 3.102289 1.000000 -0.169905 -0.942120 3.043493 1.000000 0.101729 0.016818 2.960247 1.000000 0.101794 -0.510758 3.102521 1.000000 0.124722 -0.873808 3.093155 1.000000 0.137558 -0.952503 3.049626 1.000000
31244676284 0.025706 0.096772 2.963758 1.000000 0.026297 0.165129 3.010051 1.000000 0.042772 0.530609 2.993735 1.000000 0.045437 0.703087 2.950322 1.000000 -0.131399 0.410678 3.002936 1.000000 -0.223032 0.203701 3.057935 1.000000 -0.392256 0.151382 2.919218 1.000000 -0.442766 0.178798 2.867357 1.000000 0.216223 0.414848 3.021655 1.000000 0.278465 0.194326 3.088367 1.000000 0.428619 0.132171 2.931256 1.000000 0.443359 0.142334 2.892627 1.000000 -0.056261 0.023998 2.951607 1.000000 -0.100361 -0.497549 3.099483 1.000000 -0.134002 -0.849025 3.102564 1.000000 -0.170373 -0.941666 3.042926 1.000000 0.101118 0.015260 2.959691 1.000000 0.102531 -0.509863 3.102606 1.000000 0.124234 -0.873128 3.100781 1.000000 0.137532 -0.952480 3.049658 1.000000
31244697111 0.025913 0.095609 2.963971 1.000000 0.026314 0.164218 3.009851 1.000000 0.042752 0.530073 2.992898 1.000000 0.044824 0.699093 2.947459 1.000000 -0.130372 0.410523 3.002421 1.000000 -0.216988 0.185608 3.056742 1.000000 -0.375589 0.086358 2.933413 1.000000 -0.434589 0.088838 2.883289 1.000000 0.215967 0.413910 3.022142 1.000000 0.276734 0.187199 3.091859 1.000000 0.410073 0.048383 2.978218 1.000000 0.469312 0.020633 2.896347 1.000000 -0.055803 0.023114 2.952066 1.000000 -0.101735 -0.494943 3.099394 1.000000 -0.137934 -0.855613 3.099523 1.000000 -0.170409 -0.944247 3.043370 1.000000 0.101226 0.014184 2.960220 1.000000 0.100050 -0.509504 3.101805 1.000000 0.124293 -0.873372 3.097116 1.000000 0.137452 -0.952293 3.049575 1.000000
31244728935 0.026269 0.095331 2.964134 1.000000 0.026631 0.164075 3.009637 1.000000 0.042963 0.530041 2.992353 1.000000 0.046438 0.698681 2.946452 1.000000 -0.129501 0.411152 3.002586 1.000000 -0.212923 0.185304 3.055397 1.000000 -0.344357 0.028200 2.970138 1.000000 -0.415815 -0.009572 2.903466 1.000000 0.215871 0.412791 3.021986 1.000000 0.277061 0.184361 3.092657 1.000000 0.391801 0.025313 2.986302 1.000000 0.446128 -0.020218 2.909142 1.000000 -0.054933 0.022883 2.952243 1.000000 -0.102767 -0.497612 3.100291 1.000000 -0.137844 -0.855910 3.099067 1.000000 -0.171023 -0.942258 3.041811 1.000000 0.101473 0.013833 2.960840 1.000000 0.101091 -0.509471 3.101717 1.000000 0.124881 -0.873766 3.096231 1.000000 0.137399 -0.952245 3.049534 1.000000
31244761565 0.026366 0.094742 2.964200 1.000000 0.026681 0.163601 3.009466 1.000000 0.043114 0.529997 2.992458 1.000000 0.048452 0.698291 2.946027 1.000000 -0.128787 0.412457 3.002750 1.000000 -0.211594 0.183505 3.054703 1.000000 -0.322924 0.007957 2.978713 1.000000 -0.385218 -0.051836 2.919245 1.000000 0.215841 0.411350 3.022516 1.000000 0.277640 0.182200 3.092360 1.000000 0.352047 -0.014638 3.025526 1.000000 0.394964 -0.060655 2.980296 1.000000 -0.054739 0.022316 2.952288 1.000000 -0.102883 -0.498003 3.100860 1.000000 -0.138480 -0.861440 3.096300 1.000000 -0.169944 -0.942280 3.042960 1.000000 0.101434 0.013376 2.960968 1.000000 0.101809 -0.510481 3.102273 1.000000 0.125753 -0.874313 3.096660 1.000000 0.137618 -0.952354 3.049759 1.000000
31244794528 0.026411 0.094723 2.964255 1.000000 0.026765 0.163581 3.009309 1.000000 0.043236 0.529960 2.992547 1.000000 0.049464 0.699918 2.945299 1.000000 -0.128530 0.412931 3.003064 1.000000 -0.211853 0.166731 3.050918 1.000000 -0.296488 -0.027555 2.990035 1.000000 -0.323974 -0.091428 2.955883 1.000000 0.216045 0.410525 3.022596 1.000000 0.278187 0.173088 3.086348 1.000000 0.345627 -0.030815 3.040498 1.000000 0.385512 -0.093826 3.019513 1.000000 -0.054669 0.022340 2.952364 1.000000 -0.103117 -0.498339 3.101704 1.000000 -0.137645 -0.857994 3.097044 1.000000 -0.170398 -0.941103 3.042561 1.000000 0.101474 0.013270 2.961034 1.000000 0.102562 -0.510763 3.102393 1.000000 0.125510 -0.873867 3.096926 1.000000 0.137687 -0.951676 3.050064 1.000000
31244826082 0.026753 0.094134 2.964664 1.000000 0.026996 0.163081 3.009435 1.000000 0.043315 0.529798 2.992650 1.000000 0.051547 0.701658 2.946024 1.000000 -0.128331 0.412686 3.002754 1.000000 -0.211635 0.155320 3.044575 1.000000 -0.277292 -0.048779 2.995740 1.000000 -0.314148 -0.134460 2.947971 1.000000 0.216112 0.410018 3.022875 1.000000 0.279838 0.157716 3.078916 1.000000 0.339109 -0.050265 3.043945 1.000000 0.371111 -0.141799 3.004210 1.000000 -0.054254 0.021921 2.952493 1.000000 -0.103574 -0.499187 3.101922 1.000000 -0.138011 -0.855262 3.098012 1.000000 -0.169949 -0.942528 3.044796 1.000000 0.101892 0.012161 2.962218 1.000000 0.104222 -0.512275 3.103433 1.000000 0.125211 -0.873882 3.096580 1.000000 0.138599 -0.951309 3.048651 1.000000
31244868623 0.026881 0.093240 2.964899 1.000000 0.027171 0.162285 3.009237 1.000000 0.043729 0.528855 2.991907 1.000000 0.052154 0.701863 2.945750 1.000000 -0.128369 0.412486 3.002703 1.000000 -0.211346 0.145553 3.036639 1.000000 -0.265987 -0.064198 3.005299 1.000000 -0.291116 -0.163992 2.984639 1.000000 0.216065 0.410007 3.022911 1.000000 0.280503 0.145616 3.068147 1.000000 0.321045 -0.079834 3.050905 1.000000 0.352557 -0.173108 3.014516 1.000000 -0.054025 0.020737 2.952808 1.000000 -0.103300 -0.498270 3.100797 1.000000 -0.136924 -0.849772 3.098376 1.000000 -0.170438 -0.941962 3.043296 1.000000 0.101873 0.011369 2.962728 1.000000 0.104865 -0.512938 3.103683 1.000000 0.125260 -0.874005 3.096340 1.000000 0.138855 -0.951093 3.047830 1.000000
31244901704 0.027000 0.092517 2.965334 1.000000 0.027308 0.161586 3.009356 1.000000 0.044000 0.528288 2.992145 1.000000 0.052763 0.702972 2.947242 1.000000 -0.128221 0.412168 3.002432 1.000000 -0.210064 0.139263 3.030959 1.000000 -0.260329 -0.072075 3.003617 1.000000 -0.274693 -0.174087 2.983615 1.000000 0.215939 0.410528 3.022950 1.000000 0.276226 0.135269 3.064192 1.000000 0.317640 -0.100180 3.058698 1.000000 0.324269 -0.202308 3.035483 1.000000 -0.053812 0.019408 2.953553 1.000000 -0.104511 -0.508408 3.102762 1.000000 -0.133287 -0.837763 3.110278 1.000000 -0.165943 -0.933220 3.052934 1.000000 0.101882 0.011177 2.962973 1.000000 0.105061 -0.511564 3.103278 1.000000 0.125218 -0.874006 3.096511 1.000000 0.139289 -0.951216 3.048355 1.000000
31244935561 0.027457 0.091459 2.965949 1.000000 0.027873 0.160243 3.009978 1.000000 0.044844 0.526352 2.993918 1.000000 0.052966 0.701792 2.946655 1.000000 -0.128052 0.412164 3.002687 1.000000 -0.207571 0.136447 3.027025 1.000000 -0.243434 -0.086090 2.994569 1.000000 -0.244636 -0.190927 2.990531 1.000000 0.215904 0.410593 3.022888 1.000000 0.275011 0.134918 3.062560 1.000000 0.299771 -0.090770 3.059971 1.000000 0.298513 -0.193979 3.041130 1.000000 -0.053328 0.018437 2.954035 1.000000 -0.104588 -0.508324 3.102704 1.000000 -0.133577 -0.840201 3.109040 1.000000 -0.167692 -0.932210 3.046991 1.000000 0.102167 0.010481 2.963408 1.000000 0.105252 -0.510953 3.103058 1.000000 0.125010 -0.874008 3.095943 1.000000 0.139165 -0.951392 3.048006 1.000000
31244968646 0.027738 0.090997 2.966424 1.000000 0.028108 0.159824 3.010195 1.000000 0.045327 0.525830 2.993930 1.000000 0.053099 0.701177 2.945551 1.000000 -0.127818 0.412139 3.002463 1.000000 -0.201443 0.133893 3.021213 1.000000 -0.231247 -0.084646 2.990462 1.000000 -0.224220 -0.189288 2.987901 1.000000 0.216295 0.410518 3.023366 1.000000 0.271793 0.134379 3.062931 1.000000 0.289728 -0.086534 3.055600 1.000000 0.278878 -0.186961 3.050655 1.000000 -0.053053 0.018056 2.954408 1.000000 -0.104884 -0.508009 3.102365 1.000000 -0.136496 -0.863135 3.099239 1.000000 -0.171419 -0.943483 3.041719 1.000000 0.102397 0.009690 2.964294 1.000000 0.103978 -0.512205 3.103105 1.000000 0.125862 -0.873183 3.097872 1.000000 0.138930 -0.950995 3.048054 1.000000
31245001581 0.028414 0.090892 2.967319 1.000000 0.028463 0.159838 3.010451 1.000000 0.045620 0.525571 2.993526 1.000000 0.054345 0.700396 2.946948 1.000000 -0.127488 0.412190 3.001962 1.000000 -0.197191 0.135005 3.019983 1.000000 -0.217410 -0.080495 2.979351 1.000000 -0.203627 -0.174404 2.967931 1.000000 0.217646 0.410907 3.024445 1.000000 0.266364 0.136878 3.063305 1.000000 0.281669 -0.083213 3.054477 1.000000 0.269594 -0.183845 3.053440 1.000000 -0.052113 0.017464 2.955922 1.000000 -0.104918 -0.508088 3.102346 1.000000 -0.137422 -0.859832 3.099739 1.000000 -0.170914 -0.945572 3.045356 1.000000 0.103184 0.009576 2.965497 1.000000 0.099897 -0.511922 3.102020 1.000000 0.125557 -0.873506 3.096376 1.000000 0.139511 -0.952005 3.049687 1.000000
31245035642 0.029109 0.090453 2.968330 1.000000 0.029015 0.159478 3.010842 1.000000 0.045982 0.524749 2.993332 1.000000 0.054669 0.700166 2.947234 1.000000 -0.127142 0.412103 3.001539 1.000000 -0.191388 0.139240 3.018138 1.000000 -0.211330 -0.075409 2.970528 1.000000 -0.202662 -0.173553 2.966074 1.000000 0.218140 0.410905 3.024751 1.000000 0.263762 0.139818 3.064640 1.000000 0.272579 -0.078323 3.053716 1.000000 0.265429 -0.183176 3.055777 1.000000 -0.051431 0.016719 2.956655 1.000000 -0.104918 -0.507000 3.102808 1.000000 -0.137333 -0.859812 3.099731 1.000000 -0.171255 -0.944753 3.045252 1.000000 0.104155 0.009099 2.967607 1.000000 0.098761 -0.511965 3.102231 1.000000 0.124811 -0.874195 3.098117 1.000000 0.139595 -0.952220 3.050573 1.000000
31245068397 0.029649 0.090475 2.969022 1.000000 0.029421 0.159571 3.010775 1.000000 0.046283 0.524144 2.992599 1.000000 0.055533 0.700343 2.949842 1.000000 -0.127021 0.412059 3.001691 1.000000 -0.187354 0.142572 3.015076 1.000000 -0.207155 -0.071601 2.963943 1.000000 -0.201524 -0.172929 2.962605 1.000000 0.218680 0.410843 3.025303 1.000000 0.260473 0.141437 3.063388 1.000000 0.267776 -0.076853 3.053522 1.000000 0.261362 -0.181842 3.055523 1.000000 -0.050727 0.016251 2.957979 1.000000 -0.104835 -0.508084 3.103195 1.000000 -0.137993 -0.861060 3.099979 1.000000 -0.171555 -0.944898 3.045562 1.000000 0.104760 0.009342 2.968345 1.000000 0.099978 -0.511340 3.101763 1.000000 0.124568 -0.874072 3.098211 1.000000 0.139090 -0.951590 3.050557 1.000000
31245101503 0.029976 0.090125 2.969589 1.000000 0.029830 0.159334 3.010617 1.000000 0.046510 0.523319 2.991951 1.000000 0.055486 0.700391 2.949956 1.000000 -0.126402 0.411804 3.001951 1.000000 -0.184198 0.141711 3.012247 1.000000 -0.206447 -0.072584 2.962603 1.000000 -0.201762 -0.173879 2.962107 1.000000 0.218869 0.410939 3.024950 1.000000 0.257830 0.142962 3.062050 1.000000 0.262030 -0.075529 3.047698 1.000000 0.251800 -0.180286 3.044758 1.000000 -0.050165 0.015645 2.959003 1.000000 -0.104769 -0.508608 3.103229 1.000000 -0.138241 -0.862364 3.098159 1.000000 -0.171924 -0.944542 3.045667 1.000000 0.104930 0.009267 2.968836 1.000000 0.102646 -0.508133 3.100502 1.000000 0.124566 -0.874017 3.098191 1.000000 0.138875 -0.951778 3.051261 1.000000
31245135841 0.030257 0.089837 2.970522 1.000000 0.030283 0.159031 3.010919 1.000000 0.046905 0.522546 2.992242 1.000000 0.055581 0.700605 2.950108 1.000000 -0.126365 0.411826 3.002048 1.000000 -0.181078 0.139899 3.005933 1.000000 -0.205068 -0.074800 2.959296 1.000000 -0.204266 -0.179612 2.947921 1.000000 0.218694 0.411108 3.024299 1.000000 0.256036 0.142808 3.059685 1.000000 0.259643 -0.075644 3.038594 1.000000 0.247683 -0.180001 3.029524 1.000000 -0.049897 0.015391 2.959626 1.000000 -0.104982 -0.508277 3.103260 1.000000 -0.138843 -0.863915 3.100196 1.000000 -0.170385 -0.946042 3.049313 1.000000 0.105033 0.009105 2.970176 1.000000 0.098567 -0.508182 3.101332 1.000000 0.124387 -0.874229 3.097954 1.000000 0.139681 -0.952793 3.052153 1.000000
31245168652 0.030786 0.089539 2.971463 1.000000 0.030894 0.158766 3.011383 1.000000 0.047392 0.522334 2.993035 1.000000 0.055397 0.700516 2.950181 1.000000 -0.126326 0.411796 3.002066 1.000000 -0.181020 0.138771 3.004285 1.000000 -0.202768 -0.075553 2.953343 1.000000 -0.203202 -0.180701 2.943892 1.000000 0.218822 0.411070 3.024269 1.000000 0.255166 0.143488 3.057715 1.000000 0.257111 -0.084373 3.030077 1.000000 0.250339 -0.189540 3.023785 1.000000 -0.049428 0.014960 2.960420 1.000000 -0.078501 -0.522748 3.106375 1.000000 -0.138083 -0.855410 3.104002 1.000000 -0.170041 -0.945787 3.050364 1.000000 0.105472 0.008912 2.971003 1.000000 0.097794 -0.507875 3.101622 1.000000 0.124211 -0.874155 3.097926 1.000000 0.139975 -0.953172 3.052642 1.000000
31245201319 0.030904 0.089366 2.971942 1.000000 0.031034 0.158701 3.011220 1.000000 0.047423 0.522306 2.993029 1.000000 0.055862 0.699926 2.950667 1.000000 -0.126347 0.411764 3.002085 1.000000 -0.182998 0.135070 3.000820 1.000000 -0.204642 -0.079308 2.949472 1.000000 -0.203445 -0.184785 2.942595 1.000000 0.218864 0.411133 3.024336 1.000000 0.253840 0.140493 3.049870 1.000000 0.257494 -0.087996 3.022747 1.000000 0.252030 -0.193403 3.016942 1.000000 -0.049275 0.014487 2.961490 1.000000 -0.092172 -0.518133 3.106873 1.000000 -0.137941 -0.857170 3.104220 1.000000 -0.169534 -0.945366 3.049029 1.000000 0.105544 0.008841 2.971259 1.000000 0.096792 -0.507866 3.101333 1.000000 0.124283 -0.873999 3.097495 1.000000 0.140191 -0.952983 3.052635 1.000000
31245235666 0.031106 0.088631 2.973276 1.000000 0.031267 0.157655 3.012500 1.000000 0.047290 0.520454 2.995827 1.000000 0.056807 0.698464 2.952736 1.000000 -0.126315 0.411561 3.002425 1.000000 -0.183934 0.134776 2.999573 1.000000 -0.205134 -0.081621 2.943799 1.000000 -0.205941 -0.186719 2.932197 1.000000 0.218917 0.411178 3.024537 1.000000 0.253855 0.139757 3.047284 1.000000 0.258834 -0.089197 3.015618 1.000000 0.252447 -0.194796 3.012599 1.000000 -0.049101 0.013275 2.962865 1.000000 -0.096698 -0.521201 3.109789 1.000000 -0.139303 -0.876101 3.101140 1.000000 -0.170164 -0.950828 3.050840 1.000000 0.105738 0.008608 2.971974 1.000000 0.093008 -0.509148 3.103115 1.000000 0.124300 -0.874009 3.097506 1.000000 0.140020 -0.952764 3.051312 1.000000
31245268582 0.031450 0.088058 2.974486 1.000000 0.031635 0.157246 3.013236 1.000000 0.047459 0.520322 2.996231 1.000000 0.056372 0.698466 2.953066 1.000000 -0.126378 0.411363 3.002726 1.000000 -0.185298 0.134236 2.997340 1.000000 -0.205501 -0.081692 2.943002 1.000000 -0.207858 -0.186360 2.929653 1.000000 0.218804 0.411207 3.024737 1.000000 0.255454 0.136141 3.043040 1.000000 0.259890 -0.092361 3.012039 1.000000 0.254245 -0.197629 3.001386 1.000000 -0.048696 0.012399 2.964277 1.000000 -0.098094 -0.520268 3.109717 1.000000 -0.138514 -0.862043 3.101186 1.000000 -0.169622 -0.950509 3.051285 1.000000 0.106013 0.008390 2.973022 1.000000 0.099335 -0.508322 3.103241 1.000000 0.124596 -0.874092 3.096198 1.000000 0.140177 -0.952911 3.051570 1.000000
31245301655 0.031709 0.087663 2.974844 1.000000 0.031929 0.156970 3.013272 1.000000 0.047674 0.520428 2.996588 1.000000 0.056331 0.698635 2.953729 1.000000 -0.126254 0.411005 3.003050 1.000000 -0.186116 0.133976 2.996498 1.000000 -0.209399 -0.080292 2.937408 1.000000 -0.209489 -0.185467 2.923495 1.000000 0.218525 0.410654 3.024824 1.000000 0.256278 0.135172 3.042312 1.000000 0.265952 -0.096227 3.007131 1.000000 0.256693 -0.200942 2.992831 1.000000 -0.048359 0.012085 2.964686 1.000000 -0.099895 -0.510127 3.104873 1.000000 -0.138291 -0.862743 3.100961 1.000000 -0.169482 -0.950399 3.051368 1.000000 0.106135 0.008221 2.973185 1.000000 0.100920 -0.508595 3.104038 1.000000 0.124601 -0.874102 3.096240 1.000000 0.139897 -0.953456 3.052210 1.000000
31245335566 0.031487 0.087465 2.975060 1.000000 0.031858 0.156735 3.013362 1.000000 0.047971 0.520440 2.997704 1.000000 0.056111 0.698324 2.953767 1.000000 -0.126283 0.410891 3.003966 1.000000 -0.186559 0.134030 2.994990 1.000000 -0.210752 -0.083623 2.932891 1.000000 -0.212712 -0.184556 2.916972 1.000000 0.218671 0.410235 3.025096 1.000000 0.257836 0.133449 3.043774 1.000000 0.271654 -0.102162 3.002453 1.000000 0.257334 -0.206701 2.990513 1.000000 -0.048729 0.012051 2.964951 1.000000 -0.101588 -0.511391 3.104185 1.000000 -0.138270 -0.862745 3.100916 1.000000 -0.166568 -0.947776 3.048689 1.000000 0.105801 0.007722 2.973165 1.000000 0.101242 -0.508669 3.103575 1.000000 0.124651 -0.874161 3.096452 1.000000 0.140278 -0.953894 3.052245 1.000000
31245368483 0.031147 0.086925 2.975509 1.000000 0.031611 0.156244 3.013654 1.000000 0.048015 0.520147 2.998156 1.000000 0.056486 0.698137 2.953802 1.000000 -0.126249 0.410834 3.004286 1.000000 -0.187091 0.133375 2.994574 1.000000 -0.214542 -0.084752 2.928548 1.000000 -0.216131 -0.182964 2.909513 1.000000 0.218544 0.409684 3.025364 1.000000 0.260492 0.133783 3.043527 1.000000 0.273676 -0.094127 3.003168 1.000000 0.266363 -0.197088 2.977839 1.000000 -0.049110 0.011794 2.965349 1.000000 -0.102202 -0.511428 3.104347 1.000000 -0.138537 -0.862809 3.100268 1.000000 -0.165065 -0.948028 3.048672 1.000000 0.105400 0.007034 2.973514 1.000000 0.101081 -0.508817 3.103731 1.000000 0.124628 -0.875417 3.096931 1.000000 0.140487 -0.954311 3.052728 1.000000
31245401526 0.031110 0.086903 2.975672 1.000000 0.031667 0.156213 3.013707 1.000000 0.048054 0.520138 2.998466 1.000000 0.056287 0.698225 2.953834 1.000000 -0.126448 0.410731 3.005428 1.000000 -0.187824 0.132273 2.992776 1.000000 -0.217148 -0.084384 2.925683 1.000000 -0.218155 -0.181992 2.907902 1.000000 0.218235 0.409418 3.025811 1.000000 0.262801 0.133113 3.043780 1.000000 0.274780 -0.092377 3.002136 1.000000 0.270098 -0.194725 2.973489 1.000000 -0.049146 0.011817 2.965431 1.000000 -0.102443 -0.511560 3.104305 1.000000 -0.139139 -0.860262 3.104173 1.000000 -0.166524 -0.942232 3.045783 1.000000 0.105352 0.007006 2.973689 1.000000 0.103828 -0.511357 3.104224 1.000000 0.124621 -0.875411 3.096951 1.000000 0.140503 -0.954145 3.052845 1.000000
31245435591 0.030558 0.085931 2.976022 1.000000 0.031125 0.155075 3.014317 1.000000 0.047074 0.519122 3.000592 1.000000 0.056001 0.698161 2.953606 1.000000 -0.125849 0.409533 3.005849 1.000000 -0.188169 0.131647 2.992430 1.000000 -0.217611 -0.082976 2.925061 1.000000 -0.220552 -0.182271 2.904784 1.000000 0.217742 0.408713 3.025777 1.000000 0.264339 0.133384 3.043943 1.000000 0.275363 -0.091386 3.001861 1.000000 0.271922 -0.192956 2.970017 1.000000 -0.049492 0.011402 2.965599 1.000000 -0.102329 -0.511537 3.104546 1.000000 -0.136902 -0.845316 3.108018 1.000000 -0.166872 -0.939025 3.046687 1.000000 0.104911 0.006394 2.973734 1.000000 0.104518 -0.511342 3.104162 1.000000 0.124751 -0.875075 3.096828 1.000000 0.140070 -0.953269 3.050604 1.000000
31245468344 0.030430 0.085471 2.976612 1.000000 0.031100 0.154514 3.015355 1.000000 0.047386 0.519664 3.003172 1.000000 0.055596 0.698100 2.954711 1.000000 -0.125504 0.409967 3.006703 1.000000 -0.188717 0.131681 2.992168 1.000000 -0.218780 -0.084542 2.924885 1.000000 -0.221408 -0.181906 2.906814 1.000000 0.217580 0.408597 3.025905 1.000000 0.265214 0.132923 3.043777 1.000000 0.275741 -0.091189 3.001170 1.000000 0.276073 -0.189158 2.959109 1.000000 -0.049617 0.011235 2.966099 1.000000 -0.102364 -0.511489 3.104602 1.000000 -0.136890 -0.845250 3.107859 1.000000 -0.170317 -0.940277 3.050434 1.000000 0.104760 0.006081 2.973944 1.000000 0.105478 -0.510529 3.103763 1.000000 0.124832 -0.875002 3.096867 1.000000 0.139752 -0.952982 3.050170 1.000000
31245501385 0.030401 0.085220 2.976933 1.000000 0.030979 0.154284 3.015953 1.000000 0.047304 0.519746 3.003645 1.000000 0.056183 0.697912 2.957187 1.000000 -0.125336 0.409325 3.007108 1.000000 -0.188909 0.131742 2.992296 1.000000 -0.219035 -0.084582 2.924839 1.000000 -0.221210 -0.181846 2.907480 1.000000 0.217407 0.408427 3.027029 1.000000 0.265969 0.132756 3.043655 1.000000 0.279933 -0.094408 2.996439 1.000000 0.276364 -0.193622 2.957295 1.000000 -0.049647 0.011110 2.966337 1.000000 -0.102211 -0.511106 3.104526 1.000000 -0.137496 -0.844650 3.108656 1.000000 -0.170108 -0.939716 3.050790 1.000000 0.104740 0.005845 2.974172 1.000000 0.105615 -0.510820 3.103767 1.000000 0.124522 -0.875044 3.097095 1.000000 0.140058 -0.952786 3.050643 1.000000
31245535642 0.030403 0.084882 2.977252 1.000000 0.031017 0.154030 3.016409 1.000000 0.047316 0.519732 3.003675 1.000000 0.056341 0.698017 2.957671 1.000000 -0.124958 0.408769 3.007464 1.000000 -0.189022 0.131740 2.992395 1.000000 -0.218815 -0.084521 2.925886 1.000000 -0.220438 -0.181856 2.910832 1.000000 0.217258 0.408288 3.027076 1.000000 0.266720 0.132381 3.043274 1.000000 0.280143 -0.094350 2.998358 1.000000 0.277180 -0.193622 2.959042 1.000000 -0.049535 0.010655 2.966974 1.000000 -0.102491 -0.511001 3.104475 1.000000 -0.137495 -0.844658 3.108676 1.000000 -0.170048 -0.939352 3.050139 1.000000 0.104680 0.005782 2.974290 1.000000 0.105737 -0.510875 3.103659 1.000000 0.125635 -0.876444 3.094833 1.000000 0.140080 -0.952474 3.046841 1.000000
31245568564 0.030370 0.084822 2.977458 1.000000 0.031149 0.154002 3.016741 1.000000 0.047535 0.519898 3.003721 1.000000 0.056192 0.698245 2.957570 1.000000 -0.124695 0.409005 3.008891 1.000000 -0.189503 0.132206 2.993643 1.000000 -0.218245 -0.081996 2.930359 1.000000 -0.219599 -0.181256 2.914528 1.000000 0.217171 0.408297 3.027228 1.000000 0.266817 0.132333 3.043135 1.000000 0.280414 -0.096192 2.997586 1.000000 0.277661 -0.195875 2.959034 1.000000 -0.049577 0.010637 2.967356 1.000000 -0.102627 -0.511847 3.105252 1.000000 -0.137424 -0.844868 3.108585 1.000000 -0.170238 -0.939602 3.050226 1.000000 0.104565 0.005758 2.974432 1.000000 0.104700 -0.509131 3.102384 1.000000 0.125230 -0.875890 3.094431 1.000000 0.140060 -0.952531 3.046848 1.000000
31245601344 0.030056 0.084441 2.977915 1.000000 0.030832 0.153688 3.017289 1.000000 0.047367 0.519804 3.003903 1.000000 0.055853 0.698349 2.958061 1.000000 -0.124521 0.408883 3.009147 1.000000 -0.189804 0.132060 2.994469 1.000000 -0.217511 -0.083397 2.934216 1.000000 -0.219193 -0.181881 2.915886 1.000000 0.217111 0.408049 3.027655 1.000000 0.266971 0.132248 3.042987 1.000000 0.280158 -0.094961 2.998850 1.000000 0.278605 -0.196244 2.964347 1.000000 -0.049827 0.010439 2.967749 1.000000 -0.102842 -0.512069 3.104930 1.000000 -0.137309 -0.850634 3.108126 1.000000 -0.170295 -0.939634 3.049609 1.000000 0.104165 0.005334 2.974916 1.000000 0.105303 -0.509205 3.102095 1.000000 0.124957 -0.874040 3.100281 1.000000 0.139404 -0.952770 3.045940 1.000000
31245635650 0.030015 0.084359 2.978160 1.000000 0.030836 0.153637 3.017570 1.000000 0.047792 0.519778 3.003937 1.000000 0.055557 0.698655 2.959075 1.000000 -0.124255 0.408887 3.009395 1.000000 -0.190090 0.131761 2.995609 1.000000 -0.217181 -0.082158 2.937096 1.000000 -0.217128 -0.184096 2.921736 1.000000 0.217159 0.408258 3.028008 1.000000 0.266892 0.131471 3.042718 1.000000 0.280167 -0.095088 2.999123 1.000000 0.278992 -0.197175 2.966707 1.000000 -0.049911 0.010389 2.967941 1.000000 -0.102738 -0.511671 3.105885 1.000000 -0.137782 -0.856191 3.101140 1.000000 -0.167772 -0.935466 3.038577 1.000000 0.103983 0.005277 2.975346 1.000000 0.106195 -0.508844 3.101460 1.000000 0.124926 -0.873979 3.100121 1.000000 0.138796 -0.953513 3.048326 1.000000
31245668601 0.029921 0.084286 2.978448 1.000000 0.030767 0.153595 3.017845 1.000000 0.047902 0.519743 3.003965 1.000000 0.056220 0.698721 2.959325 1.000000 -0.123866 0.408848 3.009464 1.000000 -0.190306 0.131676 2.996409 1.000000 -0.216465 -0.082762 2.939281 1.000000 -0.216914 -0.185726 2.928469 1.000000 0.217169 0.408123 3.028290 1.000000 0.266618 0.131481 3.042581 1.000000 0.280191 -0.092969 3.000774 1.000000 0.278830 -0.196335 2.972233 1.000000 -0.050009 0.010437 2.968296 1.000000 -0.102931 -0.511566 3.105743 1.000000 -0.137428 -0.847218 3.103784 1.000000 -0.167751 -0.935109 3.037892 1.000000 0.103730 0.005213 2.975707 1.000000 0.106579 -0.508606 3.101506 1.000000 0.124968 -0.873679 3.097918 1.000000 0.138720 -0.953586 3.049106 1.000000
31245701671 0.029657 0.084134 2.979086 1.000000 0.030557 0.153183 3.018898 1.000000 0.048065 0.518736 3.006146 1.000000 0.055985 0.698839 2.959173 1.000000 -0.123997 0.408765 3.010301 1.000000 -0.190192 0.131468 2.996526 1.000000 -0.215853 -0.083551 2.941431 1.000000 -0.215790 -0.187810 2.932566 1.000000 0.217220 0.407976 3.028849 1.000000 0.266596 0.131375 3.042946 1.000000 0.279646 -0.093065 3.003397 1.000000 0.279573 -0.197023 2.976568 1.000000 -0.050449 0.010297 2.968987 1.000000 -0.103436 -0.519474 3.107294 1.000000 -0.138610 -0.878216 3.109642 1.000000 -0.168278 -0.946354 3.042223 1.000000 0.103535 0.005057 2.975962 1.000000 0.100614 -0.509522 3.102289 1.000000 0.124804 -0.873699 3.097904 1.000000 0.138423 -0.952895 3.048117 1.000000
31245735482 0.029581 0.084016 2.979510 1.000000 0.030436 0.153058 3.019517 1.000000 0.047943 0.518681 3.006485 1.000000 0.055935 0.698836 2.959204 1.000000 -0.123931 0.408777 3.010587 1.000000 -0.189791 0.131788 2.997227 1.000000 -0.215420 -0.083470 2.942758 1.000000 -0.215599 -0.188502 2.935163 1.000000 0.217200 0.407656 3.029366 1.000000 0.265589 0.130361 3.044541 1.000000 0.279757 -0.093781 3.003766 1.000000 0.279062 -0.198384 2.979071 1.000000 -0.050499 0.010314 2.969459 1.000000 -0.103883 -0.517515 3.106988 1.000000 -0.140828 -0.870865 3.098109 1.000000 -0.168684 -0.946866 3.044464 1.000000 0.103441 0.004870 2.976259 1.000000 0.099902 -0.509733 3.102487 1.000000 0.124551 -0.874804 3.097551 1.000000 0.138940 -0.953387 3.049668 1.000000
31245768553 0.029342 0.084092 2.980117 1.000000 0.030409 0.153008 3.020320 1.000000 0.048468 0.518156 3.007314 1.000000 0.056235 0.698778 2.959604 1.000000 -0.123585 0.409068 3.011729 1.000000 -0.189442 0.132262 2.998777 1.000000 -0.214901 -0.083286 2.945128 1.000000 -0.214122 -0.188929 2.938589 1.000000 0.217263 0.407498 3.029526 1.000000 0.264841 0.129255 3.046211 1.000000 0.279131 -0.093349 3.007873 1.000000 0.279295 -0.197609 2.981265 1.000000 -0.050834 0.010544 2.970187 1.000000 -0.103874 -0.516581 3.106830 1.000000 -0.140812 -0.868851 3.097998 1.000000 -0.168732 -0.946674 3.044872 1.000000 0.103017 0.004897 2.976706 1.000000 0.099488 -0.509290 3.101906 1.000000 0.124533 -0.874596 3.097560 1.000000 0.138698 -0.953330 3.051991 1.000000
31245801466 0.029297 0.084245 2.980479 1.000000 0.030290 0.152940 3.020998 1.000000 0.048180 0.517082 3.008520 1.000000 0.055860 0.696621 2.959517 1.000000 -0.123411 0.408966 3.011759 1.000000 -0.188782 0.133954 3.002441 1.000000 -0.214030 -0.081654 2.948406 1.000000 -0.215938 -0.189204 2.942646 1.000000 0.217430 0.406144 3.029870 1.000000 0.265163 0.128486 3.049320 1.000000 0.279313 -0.093431 3.009926 1.000000 0.279489 -0.198172 2.984769 1.000000 -0.050906 0.010656 2.970294 1.000000 -0.103415 -0.497710 3.099943 1.000000 -0.140521 -0.868787 3.098326 1.000000 -0.167794 -0.945805 3.045928 1.000000 0.103045 0.005114 2.977146 1.000000 0.105041 -0.472556 3.080065 1.000000 0.125422 -0.847753 3.103321 1.000000 0.138835 -0.950647 3.052598 1.000000
31245835480 0.029293 0.084163 2.980781 1.000000 0.030212 0.152638 3.021774 1.000000 0.047804 0.516307 3.009838 1.000000 0.055686 0.696321 2.959427 1.000000 -0.123348 0.408831 3.011789 1.000000 -0.188758 0.133414 3.003146 1.000000 -0.213993 -0.082379 2.949471 1.000000 -0.215418 -0.190059 2.943687 1.000000 0.217521 0.406133 3.030160 1.000000 0.265078 0.127069 3.054028 1.000000 0.279789 -0.094408 3.010264 1.000000 0.280733 -0.199526 2.986186 1.000000 -0.050903 0.010686 2.970343 1.000000 -0.104253 -0.498519 3.100252 1.000000 -0.137476 -0.857061 3.100849 1.000000 -0.167961 -0.945927 3.049084 1.000000 0.103072 0.004780 2.977574 1.000000 0.110339 -0.496218 3.095028 1.000000 0.124029 -0.861155 3.102345 1.000000 0.138790 -0.951086 3.052174 1.000000
31245868288 0.029708 0.085610 2.981262 1.000000 0.030371 0.153203 3.022229 1.000000 0.046587 0.514031 3.009446 1.000000 0.051298 0.685143 2.950776 1.000000 -0.123746 0.408260 3.012344 1.000000 -0.188270 0.136571 3.004335 1.000000 -0.214024 -0.081865 2.952330 1.000000 -0.217116 -0.189509 2.944999 1.000000 0.217496 0.405612 3.030310 1.000000 0.265302 0.127454 3.055489 1.000000 0.280104 -0.095849 3.013277 1.000000 0.281342 -0.200436 2.986543 1.000000 -0.050377 0.013216 2.970507 1.000000 -0.111535 -0.425543 3.072991 1.000000 -0.136956 -0.854807 3.104949 1.000000 -0.165938 -0.937975 3.046499 1.000000 0.103771 0.005337 2.978202 1.000000 0.105810 -0.472840 3.088852 1.000000 0.124705 -0.866140 3.087719 1.000000 0.137842 -0.951984 3.051198 1.000000
31245902626 0.029604 0.085417 2.981422 1.000000 0.030231 0.153124 3.022578 1.000000 0.046811 0.515085 3.009849 1.000000 0.051461 0.688580 2.950691 1.000000 -0.123730 0.408355 3.012441 1.000000 -0.189011 0.134502 3.006059 1.000000 -0.215500 -0.084045 2.953074 1.000000 -0.217407 -0.189693 2.945520 1.000000 0.217451 0.405000 3.031026 1.000000 0.265974 0.127925 3.056660 1.000000 0.285591 -0.095046 3.018077 1.000000 0.287312 -0.200008 2.992445 1.000000 -0.050531 0.012930 2.970526 1.000000 -0.105225 -0.518555 3.107721 1.000000 -0.134102 -0.856952 3.099569 1.000000 -0.167250 -0.938783 3.045839 1.000000 0.103616 0.005169 2.978478 1.000000 0.106110 -0.509467 3.107757 1.000000 0.126911 -0.867133 3.089691 1.000000 0.132015 -0.911268 2.999140 1.000000
31245935580 0.029713 0.085255 2.981574 1.000000 0.030268 0.153015 3.022923 1.000000 0.046776 0.515167 3.009983 1.000000 0.053827 0.691707 2.952972 1.000000 -0.123688 0.408392 3.013050 1.000000 -0.189307 0.134410 3.007232 1.000000 -0.219739 -0.084852 2.954393 1.000000 -0.226058 -0.189115 2.948991 1.000000 0.217413 0.404778 3.031885 1.000000 0.267292 0.128224 3.058230 1.000000 0.290968 -0.099705 3.017312 1.000000 0.288894 -0.202453 2.992671 1.000000 -0.050393 0.012678 2.970545 1.000000 -0.104903 -0.515867 3.106801 1.000000 -0.134890 -0.856950 3.099569 1.000000 -0.167520 -0.938695 3.045299 1.000000 0.103792 0.005044 2.978733 1.000000 0.106358 -0.509542 3.107395 1.000000 0.126771 -0.868433 3.091295 1.000000 0.138387 -0.952769 3.051457 1.000000
31245968537 0.029906 0.085276 2.981847 1.000000 0.030516 0.153054 3.023385 1.000000 0.046987 0.515236 3.010149 1.000000 0.055065 0.694488 2.958216 1.000000 -0.123925 0.408262 3.014026 1.000000 -0.190161 0.134983 3.009540 1.000000 -0.230597 -0.089185 2.953989 1.000000 -0.232171 -0.188934 2.949224 1.000000 0.217227 0.404893 3.032549 1.000000 0.269140 0.130182 3.061032 1.000000 0.295369 -0.099286 3.018716 1.000000 0.295458 -0.201629 2.991941 1.000000 -0.050208 0.012767 2.970704 1.000000 -0.104398 -0.515351 3.107500 1.000000 -0.135360 -0.850542 3.103320 1.000000 -0.167922 -0.936239 3.045639 1.000000 0.103969 0.004955 2.979099 1.000000 0.106750 -0.509617 3.107040 1.000000 0.126497 -0.869779 3.094500 1.000000 0.138235 -0.952955 3.053872 1.000000
31246002659 0.030179 0.084996 2.982331 1.000000 0.030773 0.152852 3.024042 1.000000 0.047510 0.515400 3.010625 1.000000 0.055007 0.694834 2.957683 1.000000 -0.123884 0.408333 3.014138 1.000000 -0.192394 0.135168 3.011482 1.000000 -0.238667 -0.088152 2.956221 1.000000 -0.244879 -0.183116 2.947379 1.000000 0.217066 0.405187 3.033122 1.000000 0.271483 0.129932 3.062794 1.000000 0.310912 -0.104058 3.014925 1.000000 0.310504 -0.196988 2.992324 1.000000 -0.049989 0.012471 2.971076 1.000000 -0.103738 -0.514518 3.107844 1.000000 -0.137166 -0.856809 3.099580 1.000000 -0.169371 -0.937174 3.046657 1.000000 0.104194 0.004820 2.979573 1.000000 0.106839 -0.509964 3.106743 1.000000 0.126543 -0.869813 3.095016 1.000000 0.138243 -0.952946 3.053849 1.000000
31246035386 0.030285 0.084916 2.982542 1.000000 0.030882 0.152793 3.024413 1.000000 0.047329 0.515596 3.010950 1.000000 0.054533 0.694928 2.957031 1.000000 -0.123762 0.408493 3.014843 1.000000 -0.195385 0.136401 3.012552 1.000000 -0.258662 -0.079824 2.955760 1.000000 -0.270051 -0.169375 2.936954 1.000000 0.216809 0.405927 3.033450 1.000000 0.273450 0.131188 3.065244 1.000000 0.332409 -0.086775 3.020171 1.000000 0.335003 -0.183501 2.992552 1.000000 -0.049770 0.012471 2.971146 1.000000 -0.103045 -0.513213 3.107141 1.000000 -0.136466 -0.852798 3.101974 1.000000 -0.170040 -0.938007 3.046688 1.000000 0.104302 0.004693 2.979968 1.000000 0.107055 -0.510545 3.106877 1.000000 0.126688 -0.870203 3.095943 1.000000 0.138304 -0.952958 3.053652 1.000000
31246068790 0.030424 0.084945 2.982769 1.000000 0.031054 0.152856 3.024915 1.000000 0.047434 0.516636 3.011787 1.000000 0.054715 0.695832 2.958589 1.000000 -0.123636 0.408437 3.015387 1.000000 -0.199109 0.137402 3.013981 1.000000 -0.276684 -0.065228 2.951577 1.000000 -0.284206 -0.165021 2.933185 1.000000 0.216224 0.406075 3.033701 1.000000 0.275661 0.132643 3.067003 1.000000 0.341766 -0.083169 3.020963 1.000000 0.345856 -0.179528 2.994485 1.000000 -0.049372 0.012780 2.971461 1.000000 -0.103075 -0.513467 3.106871 1.000000 -0.136172 -0.849170 3.101852 1.000000 -0.170071 -0.937699 3.045978 1.000000 0.104345 0.004734 2.980089 1.000000 0.107047 -0.510327 3.106822 1.000000 0.126916 -0.870347 3.096079 1.000000 0.138287 -0.953187 3.054618 1.000000
31246102669 0.030436 0.085011 2.982913 1.000000 0.031176 0.152839 3.025503 1.000000 0.047438 0.517044 3.013177 1.000000 0.054427 0.696214 2.958890 1.000000 -0.123681 0.408480 3.016822 1.000000 -0.206299 0.140915 3.018906 1.000000 -0.306911 -0.052523 2.928954 1.000000 -0.316406 -0.146240 2.898888 1.000000 0.216077 0.405804 3.034087 1.000000 0.281504 0.133692 3.068843 1.000000 0.354813 -0.081072 3.017386 1.000000 0.378533 -0.159295 2.991148 1.000000 -0.049388 0.012848 2.971536 1.000000 -0.103171 -0.514068 3.107224 1.000000 -0.136146 -0.855386 3.096081 1.000000 -0.169554 -0.941277 3.048561 1.000000 0.104378 0.004803 2.980129 1.000000 0.107165 -0.510369 3.106344 1.000000 0.126850 -0.870388 3.095954 1.000000 0.138194 -0.953177 3.053403 1.000000
31246135254 0.030672 0.085764 2.983371 1.000000 0.031495 0.153630 3.026278 1.000000 0.047925 0.517806 3.013589 1.000000 0.052577 0.697161 2.960321 1.000000 -0.123704 0.408759 3.017855 1.000000 -0.214448 0.148751 3.020116 1.000000 -0.318352 -0.034638 2.929731 1.000000 -0.343360 -0.126920 2.882047 1.000000 0.216301 0.406099 3.034761 1.000000 0.286724 0.138384 3.071680 1.000000 0.382560 -0.060817 3.008045 1.000000 0.394031 -0.154009 2.981192 1.000000 -0.049316 0.013292 2.971903 1.000000 -0.103222 -0.513490 3.107089 1.000000 -0.135215 -0.849521 3.102417 1.000000 -0.170428 -0.940196 3.044716 1.000000 0.104670 0.005691 2.980456 1.000000 0.107575 -0.509830 3.105769 1.000000 0.125910 -0.871477 3.092786 1.000000 0.138913 -0.952048 3.053292 1.000000
31246178420 0.030723 0.085525 2.983527 1.000000 0.031464 0.153433 3.026675 1.000000 0.047804 0.517791 3.013757 1.000000 0.052741 0.697109 2.960403 1.000000 -0.123604 0.408646 3.018224 1.000000 -0.227637 0.164573 3.024790 1.000000 -0.342204 -0.015195 2.919033 1.000000 -0.377574 -0.092458 2.871589 1.000000 0.215665 0.406354 3.035422 1.000000 0.298559 0.146443 3.071976 1.000000 0.407105 -0.040819 3.009505 1.000000 0.429688 -0.103638 2.973118 1.000000 -0.049158 0.012971 2.971946 1.000000 -0.103215 -0.513890 3.107367 1.000000 -0.135943 -0.858308 3.097648 1.000000 -0.171202 -0.940583 3.045313 1.000000 0.104693 0.005688 2.980613 1.000000 0.108271 -0.509488 3.105265 1.000000 0.125939 -0.872015 3.093830 1.000000 0.138215 -0.951193 3.052145 1.000000
31246230104 0.030593 0.086403 2.983812 1.000000 0.031125 0.154077 3.027164 1.000000 0.047433 0.517772 3.013980 1.000000 0.052595 0.696978 2.960481 1.000000 -0.123690 0.409285 3.019047 1.000000 -0.243026 0.190400 3.036211 1.000000 -0.390625 0.047821 2.900857 1.000000 -0.436523 -0.014229 2.861794 1.000000 0.216145 0.406383 3.037457 1.000000 0.340239 0.159830 3.079583 1.000000 0.467034 0.001876 2.975486 1.000000 0.486084 -0.062134 2.928201 1.000000 -0.049322 0.013624 2.971956 1.000000 -0.103185 -0.514149 3.107575 1.000000 -0.136456 -0.857875 3.102563 1.000000 -0.171253 -0.940395 3.043947 1.000000 0.104740 0.006496 2.980993 1.000000 0.108300 -0.509059 3.105335 1.000000 0.125746 -0.872263 3.092542 1.000000 0.137761 -0.951585 3.052441 1.000000
31246271682 0.030510 0.086691 2.984089 1.000000 0.030940 0.154258 3.027761 1.000000 0.046948 0.517677 3.014829 1.000000 0.052625 0.696900 2.960304 1.000000 -0.123956 0.409408 3.019593 1.000000 -0.253385 0.208588 3.036780 1.000000 -0.406748 0.086454 2.911763 1.000000 -0.461182 0.045319 2.857894 1.000000 0.216881 0.406288 3.038384 1.000000 0.342037 0.168648 3.084190 1.000000 0.487162 0.036033 2.967842 1.000000 0.513184 -0.014328 2.918441 1.000000 -0.049466 0.013897 2.972084 1.000000 -0.103423 -0.514547 3.107817 1.000000 -0.137738 -0.864626 3.103643 1.000000 -0.171196 -0.942589 3.046133 1.000000 0.104763 0.006510 2.981115 1.000000 0.107533 -0.509274 3.105173 1.000000 0.125770 -0.872653 3.094976 1.000000 0.138227 -0.951543 3.052676 1.000000
31246335693 0.030636 0.087812 2.984729 1.000000 0.030760 0.154969 3.028694 1.000000 0.047231 0.517197 3.015968 1.000000 0.053521 0.695910 2.959664 1.000000 -0.124745 0.409449 3.020602 1.000000 -0.293701 0.237305 3.027327 1.000000 -0.465472 0.159412 2.897106 1.000000 -0.517578 0.139160 2.840321 1.000000 0.218572 0.406977 3.042080 1.000000 0.370605 0.217529 3.089827 1.000000 0.530613 0.109231 2.967376 1.000000 0.570313 0.081543 2.906727 1.000000 -0.049619 0.014304 2.972242 1.000000 -0.103370 -0.514494 3.107832 1.000000 -0.138418 -0.865777 3.103949 1.000000 -0.170586 -0.943433 3.046539 1.000000 0.105079 0.007194 2.981615 1.000000 0.107726 -0.508995 3.104884 1.000000 0.125739 -0.872857 3.094418 1.000000 0.138081 -0.952007 3.053138 1.000000
31246369358 0.030489 0.088920 2.985806 1.000000 0.030279 0.155731 3.030217 1.000000 0.047128 0.516780 3.017976 1.000000 0.052036 0.695094 2.960383 1.000000 -0.126323 0.409781 3.022722 1.000000 -0.301848 0.246170 3.027333 1.000000 -0.479516 0.196377 2.890800 1.000000 -0.528320 0.199341 2.838372 1.000000 0.220919 0.408841 3.047297 1.000000 0.399624 0.222023 3.091331 1.000000 0.560542 0.142083 2.947857 1.000000 0.627807 0.102744 2.872510 1.000000 -0.050306 0.015166 2.972799 1.000000 -0.102996 -0.514372 3.108029 1.000000 -0.138436 -0.865361 3.103074 1.000000 -0.170989 -0.943286 3.046389 1.000000 0.105349 0.007370 2.982390 1.000000 0.107961 -0.508896 3.104655 1.000000 0.125597 -0.872569 3.094188 1.000000 0.138270 -0.951519 3.051702 1.000000
31246402534 0.030579 0.090390 2.986650 1.000000 0.030615 0.156661 3.031630 1.000000 0.047393 0.516347 3.019983 1.000000 0.052097 0.695206 2.960287 1.000000 -0.129864 0.410112 3.025419 1.000000 -0.310085 0.263477 3.022424 1.000000 -0.500800 0.253072 2.896286 1.000000 -0.558572 0.253939 2.840825 1.000000 0.221381 0.409058 3.048128 1.000000 0.404208 0.232575 3.091555 1.000000 0.579671 0.191226 2.948979 1.000000 0.652229 0.164816 2.872959 1.000000 -0.050854 0.016201 2.973230 1.000000 -0.102554 -0.513801 3.107780 1.000000 -0.137540 -0.855266 3.100600 1.000000 -0.169646 -0.940731 3.044461 1.000000 0.105745 0.007663 2.982749 1.000000 0.108568 -0.506858 3.104527 1.000000 0.125598 -0.872506 3.093395 1.000000 0.138285 -0.951941 3.051803 1.000000
31246445708 0.030577 0.096316 2.987611 1.000000 0.030427 0.160246 3.033143 1.000000 0.047399 0.515137 3.021544 1.000000 0.054870 0.672237 2.955013 1.000000 -0.131192 0.410794 3.026666 1.000000 -0.332262 0.286450 3.008604 1.000000 -0.522220 0.319224 2.885675 1.000000 -0.538086 0.328613 2.854002 1.000000 0.222574 0.408733 3.050777 1.000000 0.413979 0.279385 3.080173 1.000000 0.602591 0.247584 2.954666 1.000000 0.632813 0.258057 2.910643 1.000000 -0.051996 0.020389 2.972635 1.000000 -0.083008 -0.440918 3.078609 1.000000 -0.134516 -0.828435 3.110198 1.000000 -0.166150 -0.924129 3.052920 1.000000 0.106757 0.012055 2.983987 1.000000 0.106445 -0.456055 3.078609 1.000000 0.125757 -0.870525 3.095980 1.000000 0.137684 -0.954000 3.055502 1.000000
31246478509 0.030138 0.098458 2.988600 1.000000 0.029586 0.161947 3.034912 1.000000 0.045677 0.514525 3.024105 1.000000 0.051587 0.669314 2.956375 1.000000 -0.133781 0.411826 3.028484 1.000000 -0.349638 0.320678 2.999221 1.000000 -0.531444 0.387365 2.878071 1.000000 -0.538574 0.404785 2.842286 1.000000 0.225009 0.408721 3.054383 1.000000 0.421128 0.294671 3.078984 1.000000 0.610890 0.315324 2.953012 1.000000 0.647949 0.323486 2.902833 1.000000 -0.052688 0.021290 2.972657 1.000000 -0.097585 -0.473406 3.094107 1.000000 -0.140825 -0.846475 3.113335 1.000000 -0.167674 -0.935940 3.045964 1.000000 0.107137 0.013323 2.985060 1.000000 0.107785 -0.482110 3.090443 1.000000 0.124626 -0.871467 3.093610 1.000000 0.136777 -0.952515 3.051005 1.000000
31246510207 0.030111 0.101596 2.989040 1.000000 0.029143 0.164183 3.035985 1.000000 0.044906 0.513991 3.025029 1.000000 0.049582 0.665971 2.954081 1.000000 -0.137379 0.411504 3.029375 1.000000 -0.369358 0.349574 2.993299 1.000000 -0.533979 0.452074 2.872857 1.000000 -0.542969 0.467041 2.824709 1.000000 0.226928 0.407383 3.057261 1.000000 0.425177 0.319961 3.082583 1.000000 0.608983 0.360457 2.952413 1.000000 0.665766 0.382364 2.900453 1.000000 -0.053860 0.025109 2.971859 1.000000 -0.107658 -0.416539 3.065330 1.000000 -0.119535 -0.721888 3.132934 1.000000 -0.144714 -0.822513 3.081131 1.000000 0.107877 0.013888 2.985559 1.000000 0.105917 -0.475906 3.088982 1.000000 0.125080 -0.873822 3.091066 1.000000 0.136968 -0.952111 3.050985 1.000000
31246552694 0.030621 0.103405 2.990219 1.000000 0.029364 0.165849 3.037866 1.000000 0.044260 0.514467 3.027417 1.000000 0.048055 0.673230 2.955819 1.000000 -0.143727 0.411197 3.028833 1.000000 -0.397258 0.382281 2.984955 1.000000 -0.528224 0.522009 2.860331 1.000000 -0.577573 0.583583 2.786080 1.000000 0.229537 0.407289 3.058156 1.000000 0.466553 0.353271 3.070320 1.000000 0.638358 0.427911 2.938787 1.000000 0.652832 0.439697 2.898931 1.000000 -0.053971 0.025238 2.971770 1.000000 -0.065002 -0.508789 3.105970 1.000000 -0.136108 -0.839355 3.105476 1.000000 -0.169209 -0.926762 3.036777 1.000000 0.110168 0.014467 2.988124 1.000000 0.107672 -0.492207 3.096876 1.000000 0.124892 -0.873997 3.091557 1.000000 0.136587 -0.952437 3.052239 1.000000
31246585573 0.031263 0.107463 2.992173 1.000000 0.029579 0.168962 3.040146 1.000000 0.043630 0.514144 3.028923 1.000000 0.048291 0.668979 2.960646 1.000000 -0.148140 0.414703 3.029162 1.000000 -0.402141 0.397585 2.981265 1.000000 -0.506821 0.564019 2.866040 1.000000 -0.545250 0.636330 2.794968 1.000000 0.233405 0.409266 3.059628 1.000000 0.462930 0.364140 3.070323 1.000000 0.623376 0.476117 2.953270 1.000000 0.642578 0.502930 2.912605 1.000000 -0.054327 0.026427 2.972008 1.000000 -0.096445 -0.488829 3.095672 1.000000 -0.136211 -0.847573 3.102192 1.000000 -0.171096 -0.941323 3.043310 1.000000 0.112283 0.016329 2.990364 1.000000 0.105873 -0.482618 3.089845 1.000000 0.131339 -0.849602 3.098815 1.000000 0.137259 -0.952275 3.051806 1.000000
31246618966 0.031215 0.113277 2.993578 1.000000 0.029277 0.173672 3.042070 1.000000 0.043392 0.514408 3.030474 1.000000 0.046989 0.666699 2.958887 1.000000 -0.151959 0.418994 3.028046 1.000000 -0.403474 0.429483 2.980638 1.000000 -0.491826 0.607479 2.869699 1.000000 -0.523762 0.690868 2.808109 1.000000 0.237087 0.412386 3.060691 1.000000 0.471436 0.414063 3.064464 1.000000 0.632403 0.523074 2.945209 1.000000 0.619629 0.550781 2.928230 1.000000 -0.055991 0.030989 2.972258 1.000000 -0.096622 -0.482057 3.095151 1.000000 -0.140660 -0.872073 3.081201 1.000000 -0.171728 -0.942114 3.042655 1.000000 0.113296 0.018540 2.991275 1.000000 0.107534 -0.474746 3.088472 1.000000 0.128382 -0.858322 3.093820 1.000000 0.138458 -0.951392 3.046085 1.000000
31246662974 0.031589 0.117433 2.994680 1.000000 0.029124 0.177054 3.043419 1.000000 0.043572 0.514381 3.031045 1.000000 0.046728 0.666357 2.958768 1.000000 -0.157508 0.426505 3.025382 1.000000 -0.398682 0.486328 2.972670 1.000000 -0.462158 0.678223 2.863779 1.000000 -0.469282 0.748844 2.826610 1.000000 0.239901 0.419707 3.063222 1.000000 0.475235 0.438668 3.052888 1.000000 0.593083 0.596351 2.938391 1.000000 0.610352 0.647949 2.893076 1.000000 -0.056386 0.033952 2.972566 1.000000 -0.097669 -0.485379 3.094919 1.000000 -0.138936 -0.839893 3.100563 1.000000 -0.169043 -0.937317 3.045677 1.000000 0.114060 0.020744 2.992516 1.000000 0.106619 -0.488613 3.092645 1.000000 0.126630 -0.862884 3.097163 1.000000 0.139119 -0.951670 3.047156 1.000000
31246696000 0.031910 0.121170 2.995127 1.000000 0.029726 0.179866 3.044148 1.000000 0.044195 0.514048 3.031383 1.000000 0.046470 0.665849 2.958854 1.000000 -0.161211 0.433250 3.022425 1.000000 -0.397310 0.510333 2.967186 1.000000 -0.420298 0.713216 2.868563 1.000000 -0.419933 0.813609 2.827616 1.000000 0.241780 0.429278 3.059564 1.000000 0.475321 0.470783 3.048056 1.000000 0.563965 0.655762 2.937999 1.000000 0.580514 0.715190 2.886846 1.000000 -0.056872 0.036759 2.972988 1.000000 -0.097894 -0.485547 3.095024 1.000000 -0.137504 -0.865730 3.095630 1.000000 -0.168437 -0.939835 3.050671 1.000000 0.114590 0.023510 2.992828 1.000000 0.106196 -0.489292 3.092857 1.000000 0.126171 -0.864310 3.097980 1.000000 0.138922 -0.951627 3.047473 1.000000
31246743975 0.032159 0.126280 2.995217 1.000000 0.029929 0.183665 3.044636 1.000000 0.044759 0.513673 3.031954 1.000000 0.045182 0.663351 2.956359 1.000000 -0.160809 0.436832 3.019271 1.000000 -0.393066 0.563965 2.957048 1.000000 -0.395813 0.772243 2.869107 1.000000 -0.385143 0.875643 2.838326 1.000000 0.242707 0.438754 3.058510 1.000000 0.472041 0.495699 3.045841 1.000000 0.546818 0.682800 2.941128 1.000000 0.562065 0.743170 2.890693 1.000000 -0.057049 0.040088 2.972783 1.000000 -0.106812 -0.425293 3.078641 1.000000 -0.133153 -0.855007 3.092986 1.000000 -0.168900 -0.939262 3.049807 1.000000 0.114883 0.031625 2.992799 1.000000 0.105178 -0.488003 3.093488 1.000000 0.125735 -0.864737 3.097066 1.000000 0.138143 -0.952641 3.046265 1.000000
31246777597 0.032022 0.128559 2.994520 1.000000 0.029547 0.186019 3.044142 1.000000 0.044333 0.514203 3.031701 1.000000 0.043952 0.674917 2.955060 1.000000 -0.160944 0.440503 3.016559 1.000000 -0.383759 0.577024 2.959274 1.000000 -0.381134 0.787336 2.877392 1.000000 -0.352201 0.889939 2.857333 1.000000 0.243059 0.443896 3.056781 1.000000 0.468164 0.507720 3.047360 1.000000 0.524332 0.708686 2.940355 1.000000 0.522608 0.782112 2.908199 1.000000 -0.056802 0.042156 2.971919 1.000000 -0.100769 -0.496826 3.104037 1.000000 -0.134308 -0.865133 3.094850 1.000000 -0.169543 -0.939675 3.048120 1.000000 0.114769 0.033609 2.992435 1.000000 0.102588 -0.492004 3.096358 1.000000 0.125583 -0.866296 3.097177 1.000000 0.138091 -0.952641 3.046410 1.000000
31246810592 0.032084 0.129562 2.994368 1.000000 0.029683 0.187049 3.044096 1.000000 0.044507 0.514316 3.031005 1.000000 0.044644 0.672026 2.953430 1.000000 -0.160687 0.443715 3.014245 1.000000 -0.378164 0.583723 2.961653 1.000000 -0.361030 0.796309 2.889615 1.000000 -0.332946 0.868870 2.870738 1.000000 0.245114 0.448843 3.054223 1.000000 0.467041 0.566406 3.041038 1.000000 0.499937 0.765535 2.937209 1.000000 0.486572 0.806152 2.902847 1.000000 -0.056833 0.042275 2.972030 1.000000 -0.100700 -0.496551 3.104198 1.000000 -0.134538 -0.863695 3.095348 1.000000 -0.168177 -0.941933 3.049765 1.000000 0.114975 0.035498 2.992148 1.000000 0.103303 -0.493670 3.097554 1.000000 0.125329 -0.866400 3.096552 1.000000 0.138193 -0.952222 3.046272 1.000000
31246844032 0.031715 0.131982 2.994054 1.000000 0.029268 0.188985 3.043999 1.000000 0.044312 0.514337 3.030929 1.000000 0.044585 0.668263 2.950103 1.000000 -0.159045 0.448100 3.012369 1.000000 -0.358623 0.600114 2.966789 1.000000 -0.361937 0.811815 2.889500 1.000000 -0.333629 0.884064 2.869844 1.000000 0.244804 0.451180 3.051986 1.000000 0.461606 0.580538 3.037777 1.000000 0.481663 0.785896 2.944821 1.000000 0.459032 0.886642 2.912159 1.000000 -0.056893 0.045335 2.972419 1.000000 -0.100926 -0.495734 3.103234 1.000000 -0.133935 -0.861922 3.099653 1.000000 -0.169152 -0.941486 3.048543 1.000000 0.114372 0.038602 2.991185 1.000000 0.104039 -0.493548 3.097631 1.000000 0.124606 -0.867767 3.094635 1.000000 0.137998 -0.952314 3.046314 1.000000
31246894203 0.031977 0.134678 2.994546 1.000000 0.029687 0.191643 3.044492 1.000000 0.044119 0.515204 3.030502 1.000000 0.044599 0.672509 2.948537 1.000000 -0.156466 0.454319 3.010874 1.000000 -0.342034 0.630070 2.970056 1.000000 -0.264627 0.837219 2.950989 1.000000 -0.240394 0.909917 2.927910 1.000000 0.248397 0.461975 3.048810 1.000000 0.447510 0.636719 3.017602 1.000000 0.438806 0.853373 2.960568 1.000000 0.413632 0.950718 2.920394 1.000000 -0.055957 0.049316 2.973402 1.000000 -0.100975 -0.495710 3.103038 1.000000 -0.133496 -0.853304 3.103931 1.000000 -0.168363 -0.940100 3.046338 1.000000 0.114387 0.039887 2.991804 1.000000 0.104508 -0.493467 3.096948 1.000000 0.124809 -0.867944 3.094718 1.000000 0.139522 -0.954143 3.052010 1.000000
31246927780 0.031468 0.138415 2.994592 1.000000 0.029525 0.194908 3.044116 1.000000 0.043645 0.515613 3.028233 1.000000 0.044851 0.670042 2.947199 1.000000 -0.154532 0.457173 3.010197 1.000000 -0.332775 0.642499 2.971516 1.000000 -0.248960 0.847159 2.953421 1.000000 -0.224733 0.919838 2.930348 1.000000 0.247201 0.469770 3.045820 1.000000 0.446409 0.636841 3.020534 1.000000 0.416099 0.852785 2.970137 1.000000 0.375735 0.947554 2.936859 1.000000 -0.056105 0.053495 2.975115 1.000000 -0.100997 -0.495516 3.102971 1.000000 -0.134932 -0.857431 3.100552 1.000000 -0.167858 -0.941377 3.047130 1.000000 0.113270 0.045287 2.991813 1.000000 0.105390 -0.493025 3.097414 1.000000 0.125105 -0.867830 3.094985 1.000000 0.139718 -0.953466 3.049505 1.000000
31246960752 0.026692 0.143708 2.993677 1.000000 0.026029 0.198679 3.042947 1.000000 0.043277 0.514667 3.026622 1.000000 0.043308 0.659727 2.947439 1.000000 -0.152172 0.458449 3.009739 1.000000 -0.324957 0.646074 2.974498 1.000000 -0.233179 0.847322 2.958731 1.000000 -0.151062 0.917478 2.965540 1.000000 0.247022 0.470409 3.045231 1.000000 0.444028 0.638878 3.023004 1.000000 0.397629 0.851697 2.971278 1.000000 0.343049 0.939233 2.938567 1.000000 -0.065023 0.061398 2.976467 1.000000 -0.086546 -0.486459 3.107050 1.000000 -0.130702 -0.801781 3.107553 1.000000 -0.157778 -0.904016 3.059560 1.000000 0.108230 0.051552 2.989663 1.000000 0.113952 -0.452632 3.085422 1.000000 0.124212 -0.867897 3.093153 1.000000 0.139914 -0.953013 3.046390 1.000000
31246994246 0.026621 0.146070 2.993519 1.000000 0.025949 0.200945 3.042211 1.000000 0.043697 0.514128 3.024305 1.000000 0.043960 0.662095 2.947485 1.000000 -0.151268 0.459546 3.008247 1.000000 -0.310902 0.644971 2.978793 1.000000 -0.221767 0.847377 2.965573 1.000000 -0.160406 0.898661 2.965303 1.000000 0.247414 0.475026 3.044065 1.000000 0.433133 0.644913 3.025179 1.000000 0.388541 0.858375 2.975133 1.000000 0.326867 0.942975 2.947833 1.000000 -0.065014 0.062621 2.976942 1.000000 -0.092336 -0.488835 3.104480 1.000000 -0.137573 -0.870117 3.091793 1.000000 -0.168758 -0.937326 3.041722 1.000000 0.108256 0.054018 2.989401 1.000000 0.108154 -0.506348 3.102044 1.000000 0.124942 -0.867849 3.095403 1.000000 0.138502 -0.952330 3.053086 1.000000
31247027778 0.025235 0.154218 2.992699 1.000000 0.025255 0.206599 3.040762 1.000000 0.046411 0.511678 3.021845 1.000000 0.045049 0.649969 2.949505 1.000000 -0.147053 0.461039 3.006411 1.000000 -0.306610 0.648039 2.979967 1.000000 -0.215212 0.849372 2.963212 1.000000 -0.168832 0.844979 2.973236 1.000000 0.244296 0.476427 3.042816 1.000000 0.429243 0.652086 3.029442 1.000000 0.362526 0.859791 2.980090 1.000000 0.296844 0.943840 2.962281 1.000000 -0.067433 0.073386 2.977815 1.000000 -0.105199 -0.373666 3.053844 1.000000 -0.115895 -0.672890 3.138997 1.000000 -0.137471 -0.779688 3.098909 1.000000 0.104924 0.067880 2.987443 1.000000 0.106378 -0.504318 3.099983 1.000000 0.124992 -0.867316 3.094963 1.000000 0.139373 -0.953709 3.050608 1.000000
31247060774 0.026755 0.155377 2.992897 1.000000 0.026321 0.208157 3.040033 1.000000 0.046306 0.511686 3.019956 1.000000 0.044338 0.654534 2.946999 1.000000 -0.144572 0.462557 3.005898 1.000000 -0.300152 0.651673 2.982466 1.000000 -0.208437 0.852751 2.962320 1.000000 -0.164908 0.844005 2.975589 1.000000 0.243093 0.479691 3.042446 1.000000 0.421625 0.669858 3.029330 1.000000 0.297041 0.847445 2.973330 1.000000 0.234652 0.933677 2.954255 1.000000 -0.061251 0.074581 2.979274 1.000000 -0.080933 -0.491455 3.103953 1.000000 -0.138428 -0.878418 3.089813 1.000000 -0.171909 -0.944017 3.045857 1.000000 0.105816 0.069006 2.987958 1.000000 0.108409 -0.492437 3.096076 1.000000 0.124631 -0.870522 3.089731 1.000000 0.139152 -0.954069 3.050193 1.000000
31247094286 0.029557 0.160661 2.992655 1.000000 0.029183 0.213654 3.038348 1.000000 0.048664 0.512548 3.016532 1.000000 0.047925 0.664172 2.947273 1.000000 -0.143612 0.464429 3.005961 1.000000 -0.295024 0.661015 2.983323 1.000000 -0.157674 0.833903 2.981462 1.000000 -0.114868 0.855469 2.994601 1.000000 0.243075 0.485989 3.041374 1.000000 0.412783 0.678371 3.028317 1.000000 0.271231 0.845170 2.983143 1.000000 0.192171 0.915209 2.960100 1.000000 -0.058729 0.078022 2.979656 1.000000 -0.087482 -0.492435 3.104646 1.000000 -0.140183 -0.856017 3.096488 1.000000 -0.170519 -0.939450 3.045250 1.000000 0.107904 0.073302 2.988345 1.000000 0.108481 -0.492211 3.095701 1.000000 0.124492 -0.871064 3.089515 1.000000 0.138931 -0.953987 3.049892 1.000000
31247127588 0.030368 0.165093 2.993123 1.000000 0.030173 0.218250 3.037802 1.000000 0.048618 0.514034 3.016088 1.000000 0.047474 0.670662 2.946678 1.000000 -0.139038 0.485279 3.011341 1.000000 -0.290048 0.671160 2.985677 1.000000 -0.151338 0.842960 2.982954 1.000000 -0.119237 0.851641 2.994595 1.000000 0.246547 0.490723 3.042052 1.000000 0.408928 0.683142 3.027261 1.000000 0.263827 0.846800 2.982054 1.000000 0.184785 0.916824 2.959015 1.000000 -0.057316 0.081702 2.980222 1.000000 -0.090957 -0.493292 3.103912 1.000000 -0.139121 -0.860518 3.092847 1.000000 -0.170837 -0.939292 3.044780 1.000000 0.108421 0.076097 2.988755 1.000000 0.108641 -0.492857 3.095736 1.000000 0.124053 -0.872180 3.091789 1.000000 0.138929 -0.953461 3.048216 1.000000
31247160941 0.030145 0.166736 2.993073 1.000000 0.030070 0.220065 3.036745 1.000000 0.048033 0.514780 3.015095 1.000000 0.047406 0.669960 2.944963 1.000000 -0.137949 0.490830 3.012932 1.000000 -0.279768 0.682521 2.989292 1.000000 -0.141279 0.854685 2.981481 1.000000 -0.118570 0.847103 2.989538 1.000000 0.245795 0.491655 3.041624 1.000000 0.405895 0.685648 3.029630 1.000000 0.249418 0.836927 2.978026 1.000000 0.170393 0.906936 2.954993 1.000000 -0.056944 0.084989 2.980185 1.000000 -0.093262 -0.493422 3.103897 1.000000 -0.139146 -0.861482 3.093579 1.000000 -0.170842 -0.939278 3.044772 1.000000 0.108057 0.077497 2.989090 1.000000 0.108779 -0.493035 3.095607 1.000000 0.124466 -0.872552 3.093744 1.000000 0.138891 -0.953041 3.048455 1.000000
31247194369 0.030686 0.168011 2.993062 1.000000 0.030573 0.221182 3.035874 1.000000 0.048059 0.514802 3.014901 1.000000 0.051898 0.671480 2.943624 1.000000 -0.137997 0.490628 3.012995 1.000000 -0.278799 0.684832 2.990406 1.000000 -0.134552 0.852227 2.979321 1.000000 -0.116262 0.842619 2.986587 1.000000 0.245370 0.494929 3.041555 1.000000 0.403646 0.690187 3.032874 1.000000 0.241076 0.833487 2.976481 1.000000 0.162069 0.903480 2.953453 1.000000 -0.055867 0.085968 2.979802 1.000000 -0.082870 -0.500962 3.103888 1.000000 -0.138540 -0.863377 3.094406 1.000000 -0.170976 -0.939060 3.045148 1.000000 0.108394 0.079035 2.989581 1.000000 0.108949 -0.491587 3.094582 1.000000 0.124001 -0.872111 3.093731 1.000000 0.139023 -0.952361 3.048484 1.000000
31247227630 0.031449 0.171824 2.992844 1.000000 0.031462 0.224962 3.034435 1.000000 0.049881 0.516244 3.012695 1.000000 0.049245 0.676473 2.942953 1.000000 -0.138825 0.490207 3.012855 1.000000 -0.277221 0.687396 2.992439 1.000000 -0.126829 0.849251 2.978458 1.000000 -0.060576 0.893280 2.985198 1.000000 0.244635 0.501770 3.042940 1.000000 0.398129 0.695010 3.034478 1.000000 0.233738 0.834674 2.973512 1.000000 0.154749 0.904651 2.950489 1.000000 -0.055681 0.088314 2.980081 1.000000 -0.088343 -0.496519 3.102389 1.000000 -0.138892 -0.864515 3.093615 1.000000 -0.172013 -0.939629 3.043513 1.000000 0.109005 0.082721 2.989575 1.000000 0.108754 -0.490880 3.094749 1.000000 0.125151 -0.869303 3.095234 1.000000 0.138374 -0.950139 3.052871 1.000000
31247261011 0.031465 0.174067 2.992596 1.000000 0.031632 0.227703 3.032806 1.000000 0.050652 0.518452 3.009872 1.000000 0.045811 0.697386 2.945290 1.000000 -0.139127 0.490764 3.012513 1.000000 -0.276658 0.690270 2.992824 1.000000 -0.120671 0.846669 2.977406 1.000000 -0.056252 0.893163 2.984758 1.000000 0.245356 0.505675 3.043034 1.000000 0.396232 0.697600 3.036215 1.000000 0.218665 0.817873 2.970130 1.000000 0.167260 0.878388 2.962322 1.000000 -0.055916 0.090057 2.980158 1.000000 -0.085977 -0.498675 3.103260 1.000000 -0.139187 -0.864917 3.090842 1.000000 -0.172256 -0.940125 3.043438 1.000000 0.109032 0.084625 2.989802 1.000000 0.108456 -0.491270 3.095407 1.000000 0.125163 -0.869373 3.095351 1.000000 0.137770 -0.950458 3.050766 1.000000
31247294551 0.031468 0.175318 2.992278 1.000000 0.031653 0.228934 3.031390 1.000000 0.050360 0.518716 3.009131 1.000000 0.054110 0.696159 2.937440 1.000000 -0.138990 0.491127 3.012453 1.000000 -0.275204 0.691072 2.993824 1.000000 -0.118283 0.846476 2.978376 1.000000 -0.056132 0.895899 2.985611 1.000000 0.245347 0.505440 3.042892 1.000000 0.396387 0.698239 3.037251 1.000000 0.215071 0.811433 2.968503 1.000000 0.163697 0.871911 2.960699 1.000000 -0.055939 0.091712 2.980230 1.000000 -0.091026 -0.493882 3.101237 1.000000 -0.136109 -0.850439 3.092368 1.000000 -0.169685 -0.936850 3.040799 1.000000 0.109279 0.086061 2.989348 1.000000 0.108417 -0.491336 3.095412 1.000000 0.124841 -0.870093 3.095923 1.000000 0.138250 -0.950928 3.049870 1.000000
31247327664 0.031159 0.175597 2.992225 1.000000 0.031350 0.229318 3.030454 1.000000 0.049649 0.519000 3.009235 1.000000 0.062304 0.690552 2.936671 1.000000 -0.138780 0.491207 3.012015 1.000000 -0.274714 0.691105 2.993837 1.000000 -0.117677 0.846289 2.976157 1.000000 -0.056132 0.896475 2.982696 1.000000 0.243645 0.504423 3.042156 1.000000 0.395607 0.699481 3.036489 1.000000 0.211738 0.809477 2.969898 1.000000 0.160399 0.869914 2.962099 1.000000 -0.055934 0.092460 2.980295 1.000000 -0.092416 -0.493378 3.100996 1.000000 -0.136109 -0.855932 3.090813 1.000000 -0.170475 -0.937593 3.040808 1.000000 0.108462 0.086875 2.989052 1.000000 0.108727 -0.491516 3.095074 1.000000 0.124120 -0.871099 3.091823 1.000000 0.138594 -0.951146 3.050135 1.000000
31247361069 0.031082 0.175937 2.992098 1.000000 0.031414 0.229815 3.029341 1.000000 0.050496 0.518923 3.008027 1.000000 0.073142 0.683870 2.939672 1.000000 -0.138817 0.491383 3.012002 1.000000 -0.273404 0.691592 2.994556 1.000000 -0.117343 0.847641 2.975271 1.000000 -0.056501 0.898645 2.981461 1.000000 0.244026 0.504839 3.042263 1.000000 0.389368 0.696135 3.033628 1.000000 0.210870 0.817004 2.972806 1.000000 0.159562 0.877404 2.965012 1.000000 -0.056125 0.092710 2.980222 1.000000 -0.093372 -0.493889 3.100822 1.000000 -0.136009 -0.859391 3.092104 1.000000 -0.170973 -0.937739 3.041017 1.000000 0.108301 0.087112 2.989089 1.000000 0.108710 -0.491520 3.095082 1.000000 0.124360 -0.871158 3.092510 1.000000 0.138233 -0.952554 3.052591 1.000000
31247394273 0.031031 0.175967 2.991976 1.000000 0.031441 0.230166 3.028107 1.000000 0.053127 0.518703 3.006025 1.000000 0.064768 0.684458 2.940435 1.000000 -0.138328 0.490546 3.011020 1.000000 -0.272494 0.691837 2.994745 1.000000 -0.116632 0.847976 2.974397 1.000000 -0.056155 0.899345 2.980427 1.000000 0.243888 0.504344 3.042352 1.000000 0.386499 0.694257 3.033478 1.000000 0.205206 0.812278 2.976431 1.000000 0.153934 0.872636 2.968642 1.000000 -0.056323 0.092863 2.980255 1.000000 -0.093860 -0.493132 3.100949 1.000000 -0.136349 -0.860556 3.094129 1.000000 -0.171188 -0.937805 3.041352 1.000000 0.107836 0.087274 2.988894 1.000000 0.108716 -0.491410 3.095113 1.000000 0.125592 -0.871739 3.095165 1.000000 0.138149 -0.952521 3.052904 1.000000
31247427688 0.031249 0.175689 2.991627 1.000000 0.031861 0.229969 3.026981 1.000000 0.053300 0.518626 3.006150 1.000000 0.042711 0.670715 2.944771 1.000000 -0.137279 0.491079 3.009732 1.000000 -0.272275 0.692773 2.995200 1.000000 -0.114089 0.846578 2.976769 1.000000 -0.054160 0.898558 2.982294 1.000000 0.240133 0.500029 3.039123 1.000000 0.385952 0.693722 3.033419 1.000000 0.201173 0.806331 2.976890 1.000000 0.149936 0.866648 2.969107 1.000000 -0.055926 0.092863 2.980074 1.000000 -0.094636 -0.493177 3.102045 1.000000 -0.139136 -0.847871 3.105247 1.000000 -0.171037 -0.937742 3.041617 1.000000 0.107843 0.087556 2.988179 1.000000 0.108870 -0.491559 3.095155 1.000000 0.124566 -0.873472 3.095238 1.000000 0.138467 -0.953122 3.054174 1.000000
31247461134 0.031402 0.175514 2.991424 1.000000 0.032942 0.230342 3.025271 1.000000 0.067604 0.519121 3.001853 1.000000 0.055531 0.732808 2.969702 1.000000 -0.138121 0.488162 3.008811 1.000000 -0.271614 0.694091 2.994633 1.000000 -0.111440 0.845619 2.972828 1.000000 -0.051916 0.897984 2.978331 1.000000 0.238178 0.501011 3.037838 1.000000 0.385573 0.695195 3.032183 1.000000 0.197973 0.804350 2.979259 1.000000 0.146770 0.864627 2.971481 1.000000 -0.056031 0.092802 2.980143 1.000000 -0.091827 -0.493116 3.101513 1.000000 -0.137868 -0.850820 3.106831 1.000000 -0.167177 -0.941816 3.050084 1.000000 0.107126 0.087742 2.987903 1.000000 0.109165 -0.492286 3.094998 1.000000 0.124543 -0.873807 3.096058 1.000000 0.138435 -0.952947 3.054190 1.000000
31247494441 0.031659 0.176305 2.990979 1.000000 0.033006 0.231669 3.023091 1.000000 0.059723 0.521383 2.997817 1.000000 0.048752 0.674805 2.936613 1.000000 -0.138524 0.486284 3.008259 1.000000 -0.271535 0.693934 2.994441 1.000000 -0.112240 0.846343 2.973036 1.000000 -0.052966 0.898920 2.978459 1.000000 0.243142 0.509836 3.039378 1.000000 0.386058 0.695306 3.032068 1.000000 0.198014 0.803623 2.979201 1.000000 0.146845 0.863860 2.971428 1.000000 -0.055897 0.092822 2.980066 1.000000 -0.093858 -0.494178 3.101145 1.000000 -0.138205 -0.856859 3.100466 1.000000 -0.170112 -0.941402 3.046742 1.000000 0.107843 0.088557 2.988002 1.000000 0.108502 -0.492246 3.095097 1.000000 0.124499 -0.872957 3.097935 1.000000 0.138566 -0.953203 3.053522 1.000000
31247527736 0.031286 0.175854 2.990000 1.000000 0.032963 0.233136 3.018921 1.000000 0.058786 0.536140 2.986102 1.000000 0.064508 0.719979 2.949229 1.000000 -0.139047 0.485288 3.008517 1.000000 -0.271358 0.694670 2.993829 1.000000 -0.112701 0.847513 2.969660 1.000000 -0.053689 0.900313 2.974941 1.000000 0.239961 0.507854 3.037667 1.000000 0.385815 0.695023 3.031780 1.000000 0.197590 0.800603 2.973052 1.000000 0.146457 0.860796 2.965285 1.000000 -0.056077 0.092626 2.979955 1.000000 -0.094767 -0.493639 3.101233 1.000000 -0.137430 -0.859186 3.101114 1.000000 -0.171358 -0.941293 3.048926 1.000000 0.107455 0.088508 2.987906 1.000000 0.108280 -0.491556 3.095445 1.000000 0.125376 -0.871863 3.098539 1.000000 0.138027 -0.952407 3.051769 1.000000
31247561247 0.031312 0.175792 2.989926 1.000000 0.033164 0.232420 3.017601 1.000000 0.054489 0.531199 2.994379 1.000000 0.062879 0.719212 2.950448 1.000000 -0.139114 0.483567 3.008780 1.000000 -0.272060 0.691784 2.992886 1.000000 -0.114973 0.846070 2.967205 1.000000 -0.056130 0.898988 2.972451 1.000000 0.239465 0.507315 3.037075 1.000000 0.386284 0.695178 3.031211 1.000000 0.190806 0.787684 2.974849 1.000000 0.139706 0.847840 2.967087 1.000000 -0.056017 0.092485 2.979857 1.000000 -0.096389 -0.493000 3.100148 1.000000 -0.137234 -0.859942 3.101143 1.000000 -0.171419 -0.941181 3.048784 1.000000 0.107718 0.088605 2.987623 1.000000 0.108576 -0.491527 3.095640 1.000000 0.125728 -0.871149 3.100216 1.000000 0.138104 -0.952374 3.051711 1.000000
31247594537 0.031040 0.176259 2.989616 1.000000 0.032969 0.232659 3.016343 1.000000 0.054163 0.529144 2.995183 1.000000 0.051679 0.723503 2.959399 1.000000 -0.138687 0.482744 3.008660 1.000000 -0.272122 0.690589 2.992741 1.000000 -0.113780 0.843361 2.965139 1.000000 -0.055113 0.896395 2.970389 1.000000 0.239469 0.507195 3.037813 1.000000 0.388053 0.695214 3.027996 1.000000 0.191205 0.786459 2.975544 1.000000 0.140138 0.846575 2.967788 1.000000 -0.056906 0.093271 2.979270 1.000000 -0.096916 -0.493425 3.100324 1.000000 -0.136748 -0.862521 3.101643 1.000000 -0.172144 -0.941676 3.048491 1.000000 0.107671 0.089131 2.987469 1.000000 0.108611 -0.491453 3.095542 1.000000 0.125721 -0.871138 3.100189 1.000000 0.137250 -0.950691 3.049578 1.000000
31247627713 0.031146 0.175128 2.989233 1.000000 0.033227 0.232010 3.015242 1.000000 0.054776 0.528859 2.995559 1.000000 0.051484 0.725545 2.961730 1.000000 -0.138643 0.482506 3.008935 1.000000 -0.274803 0.686796 2.990635 1.000000 -0.114379 0.837217 2.961931 1.000000 -0.055845 0.890321 2.967156 1.000000 0.237669 0.505861 3.037281 1.000000 0.388350 0.694960 3.028094 1.000000 0.192724 0.787942 2.973860 1.000000 0.141691 0.848018 2.966108 1.000000 -0.056282 0.092505 2.978843 1.000000 -0.097526 -0.493423 3.101059 1.000000 -0.136446 -0.862663 3.101619 1.000000 -0.172508 -0.941749 3.048100 1.000000 0.107093 0.088416 2.987364 1.000000 0.108721 -0.491697 3.095415 1.000000 0.125858 -0.871453 3.102615 1.000000 0.138346 -0.950363 3.048766 1.000000
31247661214 0.030917 0.174972 2.989104 1.000000 0.033332 0.231988 3.014438 1.000000 0.055133 0.529159 2.995829 1.000000 0.046457 0.728647 2.966809 1.000000 -0.139774 0.481982 3.009783 1.000000 -0.275762 0.685061 2.990117 1.000000 -0.113253 0.832938 2.959336 1.000000 -0.054814 0.886080 2.964521 1.000000 0.235876 0.504897 3.035991 1.000000 0.388131 0.692905 3.025959 1.000000 0.197105 0.799721 2.986605 1.000000 0.146103 0.859761 2.978858 1.000000 -0.056456 0.092475 2.978771 1.000000 -0.097923 -0.493838 3.101351 1.000000 -0.136469 -0.863350 3.100688 1.000000 -0.172830 -0.942655 3.050401 1.000000 0.106390 0.088118 2.987244 1.000000 0.108751 -0.491697 3.095527 1.000000 0.124585 -0.872605 3.098912 1.000000 0.138559 -0.950587 3.049134 1.000000
31247694577 0.031099 0.175462 2.988603 1.000000 0.033843 0.233416 3.012652 1.000000 0.057830 0.535392 2.992992 1.000000 0.044294 0.729081 2.966786 1.000000 -0.140593 0.482667 3.010086 1.000000 -0.275616 0.684691 2.989679 1.000000 -0.109855 0.828431 2.955764 1.000000 -0.051497 0.881582 2.960923 1.000000 0.235358 0.506743 3.035459 1.000000 0.390273 0.693209 3.026623 1.000000 0.200133 0.800134 2.982127 1.000000 0.149167 0.860133 2.974385 1.000000 -0.056517 0.092795 2.978590 1.000000 -0.098299 -0.493368 3.101608 1.000000 -0.134648 -0.856619 3.104903 1.000000 -0.169496 -0.939073 3.045339 1.000000 0.106547 0.088414 2.987084 1.000000 0.108723 -0.491596 3.095432 1.000000 0.124737 -0.872943 3.098564 1.000000 0.138229 -0.950379 3.048633 1.000000
31247727887 0.030517 0.175249 2.988050 1.000000 0.033545 0.233547 3.011337 1.000000 0.057820 0.536758 2.992545 1.000000 0.044392 0.729362 2.966847 1.000000 -0.140748 0.482802 3.010202 1.000000 -0.276404 0.682887 2.988497 1.000000 -0.109305 0.824888 2.953770 1.000000 -0.051006 0.878033 2.958893 1.000000 0.234129 0.505301 3.034169 1.000000 0.392495 0.691779 3.026289 1.000000 0.199969 0.795582 2.986489 1.000000 0.149035 0.855543 2.978752 1.000000 -0.056993 0.092676 2.978316 1.000000 -0.099372 -0.494831 3.101248 1.000000 -0.136623 -0.864260 3.102677 1.000000 -0.169620 -0.940777 3.045583 1.000000 0.105611 0.088461 2.986629 1.000000 0.108680 -0.491711 3.095445 1.000000 0.124389 -0.873836 3.100278 1.000000 0.138281 -0.950584 3.048984 1.000000
31247761241 0.030319 0.175421 2.987881 1.000000 0.033193 0.233984 3.010540 1.000000 0.056209 0.539115 2.993445 1.000000 0.044485 0.730964 2.966993 1.000000 -0.141196 0.482843 3.009714 1.000000 -0.276313 0.682417 2.987065 1.000000 -0.106389 0.819895 2.946374 1.000000 -0.048142 0.873024 2.951469 1.000000 0.234159 0.508094 3.034433 1.000000 0.393891 0.692231 3.025745 1.000000 0.200284 0.792419 2.980794 1.000000 0.149382 0.852341 2.973063 1.000000 -0.057129 0.092793 2.978179 1.000000 -0.099369 -0.494834 3.101245 1.000000 -0.136472 -0.864260 3.102707 1.000000 -0.169502 -0.938406 3.042666 1.000000 0.105542 0.088522 2.986526 1.000000 0.108487 -0.489705 3.094262 1.000000 0.124131 -0.874000 3.099323 1.000000 0.137926 -0.951018 3.049152 1.000000
31247794586 0.030045 0.175359 2.987739 1.000000 0.033059 0.233715 3.010278 1.000000 0.055078 0.537276 2.996267 1.000000 0.044766 0.729032 2.966333 1.000000 -0.142179 0.487756 3.010390 1.000000 -0.277382 0.680001 2.985895 1.000000 -0.109035 0.818922 2.943206 1.000000 -0.050833 0.872027 2.948286 1.000000 0.233066 0.506792 3.032952 1.000000 0.394195 0.690974 3.024532 1.000000 0.200912 0.791768 2.979850 1.000000 0.150043 0.851652 2.972123 1.000000 -0.057497 0.092991 2.977993 1.000000 -0.099648 -0.494615 3.101456 1.000000 -0.134729 -0.843960 3.108170 1.000000 -0.168280 -0.934511 3.044311 1.000000 0.105245 0.088387 2.985964 1.000000 0.108516 -0.489758 3.094238 1.000000 0.124020 -0.874350 3.096585 1.000000 0.138143 -0.952056 3.048438 1.000000
31247827918 0.028789 0.174960 2.987605 1.000000 0.031715 0.232985 3.010940 1.000000 0.051982 0.536337 3.001872 1.000000 0.038926 0.725269 2.961212 1.000000 -0.142725 0.488700 3.010310 1.000000 -0.277260 0.679788 2.985214 1.000000 -0.123740 0.832477 2.931937 1.000000 -0.065592 0.885569 2.936995 1.000000 0.231376 0.503706 3.031995 1.000000 0.394515 0.690659 3.023869 1.000000 0.200977 0.789597 2.975404 1.000000 0.150140 0.849443 2.967682 1.000000 -0.058553 0.093219 2.977129 1.000000 -0.099747 -0.494471 3.101462 1.000000 -0.135457 -0.857698 3.098560 1.000000 -0.170364 -0.939142 3.043509 1.000000 0.103821 0.087706 2.985525 1.000000 0.107192 -0.492653 3.096957 1.000000 0.125138 -0.876741 3.095376 1.000000 0.145163 -0.963302 3.045474 1.000000
31247861313 0.028807 0.174767 2.987312 1.000000 0.031876 0.232981 3.011008 1.000000 0.053884 0.537707 3.001037 1.000000 0.039398 0.726207 2.962872 1.000000 -0.142705 0.488654 3.010359 1.000000 -0.276824 0.678800 2.984746 1.000000 -0.114673 0.822642 2.932973 1.000000 -0.056559 0.875702 2.938027 1.000000 0.229121 0.501286 3.030210 1.000000 0.394635 0.690541 3.023419 1.000000 0.200890 0.789110 2.975302 1.000000 0.150084 0.848921 2.967585 1.000000 -0.058558 0.093238 2.977069 1.000000 -0.086706 -0.499768 3.103661 1.000000 -0.136261 -0.854040 3.099890 1.000000 -0.170597 -0.939276 3.043593 1.000000 0.103722 0.087723 2.985053 1.000000 0.107249 -0.492473 3.096410 1.000000 0.124998 -0.875428 3.096064 1.000000 0.144482 -0.960499 3.045753 1.000000
31247894626 0.028661 0.174721 2.986992 1.000000 0.031595 0.232835 3.011217 1.000000 0.051258 0.537445 3.002215 1.000000 0.040973 0.730124 2.965265 1.000000 -0.143822 0.487267 3.009476 1.000000 -0.277280 0.678162 2.984099 1.000000 -0.111329 0.818477 2.935863 1.000000 -0.053250 0.871505 2.940914 1.000000 0.228172 0.500259 3.029349 1.000000 0.394937 0.691019 3.022537 1.000000 0.200514 0.788697 2.975953 1.000000 0.149738 0.848471 2.968241 1.000000 -0.058568 0.093123 2.976101 1.000000 -0.091616 -0.496868 3.102979 1.000000 -0.136341 -0.853937 3.099857 1.000000 -0.171836 -0.939852 3.040184 1.000000 0.103883 0.087843 2.984615 1.000000 0.107448 -0.493791 3.096623 1.000000 0.124735 -0.875502 3.095187 1.000000 0.142322 -0.958675 3.050649 1.000000
31247927959 0.028633 0.174696 2.986930 1.000000 0.031553 0.232761 3.011645 1.000000 0.050793 0.538264 3.003132 1.000000 0.038847 0.739768 2.972178 1.000000 -0.144275 0.486644 3.009767 1.000000 -0.277505 0.676805 2.983417 1.000000 -0.108777 0.814092 2.936714 1.000000 -0.050737 0.867085 2.941762 1.000000 0.228011 0.500194 3.029213 1.000000 0.394956 0.690669 3.020066 1.000000 0.205911 0.796886 2.969204 1.000000 0.155169 0.856620 2.961496 1.000000 -0.058581 0.093010 2.975998 1.000000 -0.096849 -0.504568 3.104094 1.000000 -0.141816 -0.872683 3.091935 1.000000 -0.172435 -0.942115 3.038436 1.000000 0.104005 0.088020 2.984247 1.000000 0.107449 -0.493778 3.096595 1.000000 0.124708 -0.875616 3.094897 1.000000 0.142289 -0.958579 3.050638 1.000000
31247961361 0.029067 0.175622 2.986514 1.000000 0.031873 0.233583 3.011923 1.000000 0.051162 0.538766 3.003455 1.000000 0.042275 0.739019 2.970631 1.000000 -0.144863 0.485958 3.009199 1.000000 -0.273770 0.678526 2.981889 1.000000 -0.103684 0.814500 2.937031 1.000000 -0.045680 0.867460 2.942075 1.000000 0.229186 0.504524 3.029255 1.000000 0.395494 0.690306 3.019970 1.000000 0.201701 0.787221 2.968416 1.000000 0.150990 0.846918 2.960713 1.000000 -0.058360 0.093520 2.975302 1.000000 -0.099027 -0.499459 3.102594 1.000000 -0.137969 -0.856866 3.097434 1.000000 -0.172464 -0.942405 3.039805 1.000000 0.104955 0.089060 2.983689 1.000000 0.107423 -0.493781 3.096561 1.000000 0.124536 -0.875677 3.095070 1.000000 0.142219 -0.957330 3.050616 1.000000
31247994692 0.029058 0.175535 2.986097 1.000000 0.031911 0.233844 3.011664 1.000000 0.052525 0.541100 3.000932 1.000000 0.045125 0.739925 2.971308 1.000000 -0.145408 0.485466 3.008757 1.000000 -0.273726 0.678554 2.981808 1.000000 -0.102451 0.812746 2.936050 1.000000 -0.044481 0.865674 2.941092 1.000000 0.226873 0.502738 3.028301 1.000000 0.393920 0.689434 3.018000 1.000000 0.200400 0.787284 2.967699 1.000000 0.149719 0.846946 2.960001 1.000000 -0.058747 0.093672 2.974781 1.000000 -0.099243 -0.499306 3.102049 1.000000 -0.138222 -0.857518 3.097934 1.000000 -0.173307 -0.942593 3.041519 1.000000 0.105116 0.089040 2.983570 1.000000 0.107514 -0.494397 3.097238 1.000000 0.124665 -0.876052 3.095094 1.000000 0.141621 -0.956661 3.053448 1.000000
31248027958 0.028963 0.175801 2.985600 1.000000 0.031764 0.234485 3.010929 1.000000 0.052203 0.542363 2.998380 1.000000 0.046500 0.739709 2.970228 1.000000 -0.145399 0.485363 3.008562 1.000000 -0.273642 0.678562 2.981726 1.000000 -0.102575 0.812953 2.936003 1.000000 -0.044634 0.865856 2.941042 1.000000 0.227642 0.505457 3.028078 1.000000 0.392969 0.689691 3.016861 1.000000 0.199010 0.787013 2.967735 1.000000 0.148355 0.846646 2.960041 1.000000 -0.058801 0.093729 2.974738 1.000000 -0.099846 -0.497421 3.100659 1.000000 -0.137443 -0.855860 3.098594 1.000000 -0.173147 -0.942167 3.041232 1.000000 0.105197 0.089381 2.983043 1.000000 0.107547 -0.494246 3.097254 1.000000 0.124615 -0.876046 3.095454 1.000000 0.140858 -0.956078 3.053018 1.000000
31248061448 0.028719 0.175761 2.985257 1.000000 0.031449 0.234736 3.010394 1.000000 0.051489 0.544041 2.997077 1.000000 0.047825 0.740289 2.970975 1.000000 -0.146136 0.485073 3.008209 1.000000 -0.271626 0.678888 2.981811 1.000000 -0.095052 0.804474 2.931053 1.000000 -0.037147 0.857343 2.936089 1.000000 0.228274 0.506784 3.027956 1.000000 0.392846 0.689673 3.016595 1.000000 0.198345 0.786366 2.969023 1.000000 0.147721 0.845962 2.961334 1.000000 -0.058941 0.093622 2.974624 1.000000 -0.099887 -0.496577 3.100779 1.000000 -0.136559 -0.851418 3.100680 1.000000 -0.173139 -0.942181 3.041220 1.000000 0.105015 0.089121 2.982759 1.000000 0.107479 -0.493777 3.096869 1.000000 0.125717 -0.868457 3.098630 1.000000 0.139985 -0.954599 3.052544 1.000000
31248094577 0.028710 0.175690 2.984540 1.000000 0.031329 0.234858 3.009354 1.000000 0.050539 0.544119 2.995316 1.000000 0.048837 0.740601 2.971018 1.000000 -0.146291 0.484910 3.008018 1.000000 -0.271706 0.678830 2.981719 1.000000 -0.096262 0.806108 2.931637 1.000000 -0.038392 0.858946 2.936670 1.000000 0.227529 0.505635 3.027513 1.000000 0.392946 0.689138 3.016660 1.000000 0.199161 0.786625 2.967616 1.000000 0.148568 0.846184 2.959932 1.000000 -0.059303 0.093472 2.973647 1.000000 -0.100138 -0.496474 3.100997 1.000000 -0.136539 -0.854071 3.101269 1.000000 -0.173112 -0.941740 3.041165 1.000000 0.105672 0.089235 2.982500 1.000000 0.107845 -0.492603 3.096675 1.000000 0.125631 -0.869463 3.097337 1.000000 0.139562 -0.954882 3.052979 1.000000
31248127992 0.028729 0.175851 2.984146 1.000000 0.031354 0.234956 3.008941 1.000000 0.050587 0.543915 2.995351 1.000000 0.047710 0.739381 2.971621 1.000000 -0.146692 0.484564 3.007772 1.000000 -0.272235 0.678347 2.981760 1.000000 -0.098503 0.808291 2.933148 1.000000 -0.040669 0.861096 2.938178 1.000000 0.227742 0.501565 3.026895 1.000000 0.393297 0.688895 3.016709 1.000000 0.197107 0.780106 2.964633 1.000000 0.146545 0.839629 2.956954 1.000000 -0.059691 0.093734 2.972892 1.000000 -0.100192 -0.496395 3.100743 1.000000 -0.136017 -0.852123 3.100448 1.000000 -0.173070 -0.941586 3.040995 1.000000 0.106081 0.089278 2.982147 1.000000 0.107964 -0.491069 3.096836 1.000000 0.125297 -0.866631 3.096380 1.000000 0.139581 -0.953319 3.051141 1.000000
31248194640 0.028714 0.176050 2.983907 1.000000 0.031416 0.235106 3.008713 1.000000 0.051355 0.543855 2.995692 1.000000 0.047658 0.739483 2.971639 1.000000 -0.147243 0.484490 3.007980 1.000000 -0.272346 0.678228 2.981774 1.000000 -0.098515 0.808575 2.935461 1.000000 -0.040716 0.861347 2.940488 1.000000 0.227603 0.501474 3.026910 1.000000 0.393532 0.688823 3.016904 1.000000 0.196169 0.778163 2.966702 1.000000 0.145638 0.837649 2.959027 1.000000 -0.059789 0.093873 2.972664 1.000000 -0.100371 -0.496059 3.101001 1.000000 -0.136644 -0.856183 3.095964 1.000000 -0.173178 -0.941649 3.041277 1.000000 0.105994 0.089544 2.981805 1.000000 0.107711 -0.492355 3.097289 1.000000 0.126395 -0.868520 3.100115 1.000000 0.139601 -0.953247 3.051683 1.000000
31248228008 0.028691 0.176140 2.983699 1.000000 0.031422 0.235280 3.008387 1.000000 0.051633 0.544057 2.995336 1.000000 0.047113 0.739648 2.971377 1.000000 -0.147559 0.484238 3.007954 1.000000 -0.272603 0.677498 2.981812 1.000000 -0.099162 0.808724 2.937242 1.000000 -0.041401 0.861463 2.942265 1.000000 0.227546 0.501510 3.026915 1.000000 0.391921 0.690703 3.015603 1.000000 0.192674 0.776337 2.967012 1.000000 0.142175 0.835785 2.959342 1.000000 -0.059816 0.093931 2.972623 1.000000 -0.100505 -0.496145 3.101022 1.000000 -0.138507 -0.858625 3.094816 1.000000 -0.171605 -0.943701 3.042545 1.000000 0.105955 0.089585 2.981603 1.000000 0.103488 -0.495107 3.098020 1.000000 0.126716 -0.868871 3.100223 1.000000 0.138763 -0.954979 3.054392 1.000000
31248263979 0.029036 0.177721 2.983402 1.000000 0.031801 0.236592 3.008205 1.000000 0.052296 0.544224 2.995658 1.000000 0.047350 0.740707 2.972159 1.000000 -0.147999 0.484159 3.008700 1.000000 -0.272703 0.677115 2.981654 1.000000 -0.098777 0.808644 2.941754 1.000000 -0.041049 0.861352 2.946774 1.000000 0.233437 0.509349 3.028838 1.000000 0.392398 0.689967 3.016114 1.000000 0.193719 0.776490 2.966847 1.000000 0.143250 0.835903 2.959181 1.000000 -0.059948 0.094506 2.972514 1.000000 -0.101425 -0.492683 3.098913 1.000000 -0.138347 -0.858933 3.094859 1.000000 -0.171914 -0.942507 3.041908 1.000000 0.106408 0.090243 2.981153 1.000000 0.104540 -0.493931 3.095563 1.000000 0.126245 -0.869442 3.100104 1.000000 0.139332 -0.955306 3.053883 1.000000
31248328098 0.029089 0.177768 2.983335 1.000000 0.032005 0.236840 3.007913 1.000000 0.054618 0.544842 2.994378 1.000000 0.047785 0.740856 2.972356 1.000000 -0.148385 0.484156 3.008609 1.000000 -0.272970 0.676973 2.981684 1.000000 -0.099012 0.808411 2.941980 1.000000 -0.041318 0.861088 2.946997 1.000000 0.232610 0.507338 3.028510 1.000000 0.392583 0.689738 3.016046 1.000000 0.194056 0.776488 2.966804 1.000000 0.143617 0.835867 2.959143 1.000000 -0.059973 0.094523 2.972485 1.000000 -0.101214 -0.491759 3.098432 1.000000 -0.137694 -0.853640 3.097763 1.000000 -0.172019 -0.942274 3.041331 1.000000 0.106415 0.090269 2.981182 1.000000 0.104752 -0.493929 3.095560 1.000000 0.125852 -0.871298 3.098640 1.000000 0.139556 -0.954888 3.052099 1.000000
31248360748 0.029222 0.177917 2.982905 1.000000 0.032265 0.237147 3.007180 1.000000 0.055350 0.545247 2.993382 1.000000 0.047522 0.740938 2.972263 1.000000 -0.148964 0.484068 3.008960 1.000000 -0.273070 0.676754 2.981707 1.000000 -0.093852 0.802294 2.950113 1.000000 -0.036193 0.854939 2.955127 1.000000 0.232601 0.508412 3.028611 1.000000 0.392533 0.689319 3.015771 1.000000 0.194310 0.776738 2.966804 1.000000 0.143902 0.836080 2.959147 1.000000 -0.060097 0.094378 2.972126 1.000000 -0.101482 -0.491816 3.098187 1.000000 -0.137789 -0.856389 3.099671 1.000000 -0.170998 -0.944251 3.047440 1.000000 0.106589 0.090396 2.980996 1.000000 0.104856 -0.494017 3.095555 1.000000 0.125723 -0.871776 3.100860 1.000000 0.139702 -0.955246 3.052934 1.000000
31248383093 0.029401 0.178095 2.982591 1.000000 0.032457 0.237271 3.006863 1.000000 0.055403 0.545200 2.993521 1.000000 0.047463 0.740991 2.972195 1.000000 -0.149050 0.484305 3.009433 1.000000 -0.273366 0.676423 2.981546 1.000000 -0.094513 0.802503 2.950644 1.000000 -0.036890 0.855116 2.955655 1.000000 0.234661 0.499059 3.028020 1.000000 0.392569 0.689272 3.015744 1.000000 0.194870 0.777607 2.966420 1.000000 0.144492 0.836913 2.958768 1.000000 -0.060400 0.094542 2.971351 1.000000 -0.102696 -0.497852 3.100821 1.000000 -0.139246 -0.865881 3.093940 1.000000 -0.171043 -0.945947 3.042905 1.000000 0.107470 0.090410 2.980675 1.000000 0.104912 -0.493849 3.095417 1.000000 0.125839 -0.872538 3.100376 1.000000 0.140019 -0.955755 3.053332 1.000000
31248428121 0.029439 0.178164 2.982417 1.000000 0.032548 0.237393 3.006524 1.000000 0.055737 0.545220 2.993183 1.000000 0.044672 0.742242 2.973446 1.000000 -0.149318 0.484361 3.009835 1.000000 -0.276628 0.672972 2.984309 1.000000 -0.099693 0.800945 2.948892 1.000000 -0.042104 0.853526 2.953900 1.000000 0.234022 0.496642 3.028278 1.000000 0.392122 0.689298 3.014844 1.000000 0.194408 0.777789 2.966263 1.000000 0.144060 0.837060 2.958616 1.000000 -0.060616 0.094523 2.971259 1.000000 -0.076351 -0.505636 3.107252 1.000000 -0.139923 -0.868186 3.092921 1.000000 -0.171582 -0.946434 3.040769 1.000000 0.107674 0.090551 2.980507 1.000000 0.100564 -0.493501 3.096049 1.000000 0.125812 -0.872626 3.100404 1.000000 0.140344 -0.954662 3.049947 1.000000
31248461485 0.029733 0.178354 2.982054 1.000000 0.032910 0.237627 3.005971 1.000000 0.055982 0.545241 2.992624 1.000000 0.043317 0.742363 2.974253 1.000000 -0.149468 0.484316 3.009933 1.000000 -0.278268 0.669361 2.985937 1.000000 -0.104529 0.801347 2.949300 1.000000 -0.046974 0.853898 2.954305 1.000000 0.232967 0.497558 3.027752 1.000000 0.392480 0.688760 3.014885 1.000000 0.195069 0.777459 2.965449 1.000000 0.144751 0.836695 2.957806 1.000000 -0.060555 0.094605 2.971190 1.000000 -0.075014 -0.505142 3.108261 1.000000 -0.137212 -0.852977 3.107158 1.000000 -0.171743 -0.942584 3.043075 1.000000 0.108244 0.090914 2.980078 1.000000 0.101550 -0.493629 3.095689 1.000000 0.125855 -0.872987 3.097072 1.000000 0.140237 -0.954466 3.048205 1.000000
31248494821 0.030364 0.179480 2.981737 1.000000 0.033611 0.238804 3.005401 1.000000 0.056860 0.545901 2.991890 1.000000 0.043239 0.742356 2.974225 1.000000 -0.149562 0.484278 3.009791 1.000000 -0.278433 0.669003 2.986114 1.000000 -0.103133 0.799122 2.951238 1.000000 -0.045612 0.851641 2.956240 1.000000 0.234411 0.503585 3.028250 1.000000 0.392766 0.687972 3.014386 1.000000 0.195622 0.777723 2.966457 1.000000 0.145333 0.836923 2.958818 1.000000 -0.060493 0.095288 2.971214 1.000000 -0.093900 -0.500798 3.105660 1.000000 -0.137129 -0.852052 3.107137 1.000000 -0.171648 -0.941788 3.042750 1.000000 0.109085 0.091594 2.979871 1.000000 0.103264 -0.493358 3.096027 1.000000 0.124924 -0.874567 3.097893 1.000000 0.139945 -0.953835 3.047993 1.000000
31248545168 0.028196 0.177021 2.981827 1.000000 0.031411 0.235311 3.006788 1.000000 0.051461 0.538161 2.999715 1.000000 0.036192 0.737392 2.977091 1.000000 -0.149532 0.484342 3.010075 1.000000 -0.279078 0.667901 2.986085 1.000000 -0.104332 0.798645 2.950940 1.000000 -0.046844 0.851134 2.955939 1.000000 0.225553 0.498716 3.024117 1.000000 0.393176 0.687292 3.014245 1.000000 0.197839 0.776859 2.957147 1.000000 0.147580 0.836026 2.949512 1.000000 -0.060864 0.094821 2.970697 1.000000 -0.095742 -0.499485 3.104228 1.000000 -0.137751 -0.856474 3.103024 1.000000 -0.171893 -0.941940 3.043107 1.000000 0.105409 0.089635 2.979774 1.000000 0.104305 -0.491585 3.095931 1.000000 0.124810 -0.874480 3.097966 1.000000 0.139913 -0.953494 3.048462 1.000000
31248577479 0.026615 0.175659 2.981385 1.000000 0.029563 0.233417 3.006979 1.000000 0.048869 0.533496 2.999123 1.000000 0.020248 0.688721 2.962402 1.000000 -0.149350 0.483884 3.010026 1.000000 -0.279688 0.666306 2.985301 1.000000 -0.105784 0.797851 2.948692 1.000000 -0.048326 0.850313 2.953688 1.000000 0.226536 0.489060 3.023760 1.000000 0.394451 0.683140 3.013381 1.000000 0.201818 0.779354 2.958643 1.000000 0.151585 0.838490 2.951013 1.000000 -0.061558 0.094362 2.970159 1.000000 -0.098346 -0.485678 3.099518 1.000000 -0.131192 -0.833236 3.114544 1.000000 -0.165643 -0.925192 3.052857 1.000000 0.102934 0.087364 2.979208 1.000000 0.104228 -0.489375 3.095435 1.000000 0.124799 -0.873600 3.099796 1.000000 0.139644 -0.952776 3.047924 1.000000
31248599915 0.027296 0.181858 2.981194 1.000000 0.029608 0.236609 3.008046 1.000000 0.047198 0.531658 3.001310 1.000000 0.026001 0.703280 2.966249 1.000000 -0.149261 0.484399 3.011207 1.000000 -0.280901 0.663620 2.984972 1.000000 -0.108034 0.796113 2.946515 1.000000 -0.050599 0.848554 2.951509 1.000000 0.228705 0.489692 3.025502 1.000000 0.395467 0.681914 3.013354 1.000000 0.203115 0.778663 2.958790 1.000000 0.152902 0.837775 2.951163 1.000000 -0.061639 0.100828 2.968215 1.000000 -0.101074 -0.373047 3.052590 1.000000 -0.114746 -0.694824 3.116807 1.000000 -0.139476 -0.803033 3.083263 1.000000 0.106039 0.092691 2.978165 1.000000 0.104004 -0.392822 3.054543 1.000000 0.122042 -0.819975 3.088645 1.000000 0.125408 -0.864135 2.998061 1.000000
31248644942 0.027592 0.181545 2.981453 1.000000 0.030003 0.236339 3.009393 1.000000 0.048513 0.534199 3.004231 1.000000 0.036667 0.733446 2.967800 1.000000 -0.148892 0.489013 3.012514 1.000000 -0.279992 0.665576 2.984340 1.000000 -0.107108 0.798181 2.947019 1.000000 -0.049706 0.850592 2.952011 1.000000 0.228170 0.491689 3.025431 1.000000 0.395613 0.682312 3.013148 1.000000 0.202115 0.776005 2.957176 1.000000 0.151930 0.835083 2.949553 1.000000 -0.061531 0.100526 2.968166 1.000000 -0.099670 -0.491699 3.095540 1.000000 -0.136841 -0.846191 3.107030 1.000000 -0.169931 -0.936525 3.042251 1.000000 0.106564 0.092717 2.978483 1.000000 0.107849 -0.496094 3.095540 1.000000 0.124576 -0.870012 3.095033 1.000000 0.139750 -0.952897 3.048176 1.000000
31248677554 0.028106 0.181393 2.981287 1.000000 0.030247 0.236049 3.010149 1.000000 0.045808 0.529797 3.004056 1.000000 0.020737 0.682129 2.950588 1.000000 -0.148803 0.489270 3.012571 1.000000 -0.281113 0.663961 2.982506 1.000000 -0.099157 0.785191 2.954024 1.000000 -0.041779 0.837579 2.959013 1.000000 0.225515 0.490798 3.024410 1.000000 0.395680 0.680828 3.013502 1.000000 0.203403 0.776532 2.956713 1.000000 0.153240 0.835584 2.949093 1.000000 -0.059849 0.100676 2.968200 1.000000 -0.100891 -0.443115 3.075990 1.000000 -0.136157 -0.860163 3.093655 1.000000 -0.170098 -0.937426 3.041378 1.000000 0.107813 0.093206 2.977689 1.000000 0.106446 -0.476529 3.086541 1.000000 0.125286 -0.864850 3.093166 1.000000 0.139697 -0.952878 3.047894 1.000000
31248699970 0.028034 0.178996 2.981071 1.000000 0.030398 0.234057 3.010611 1.000000 0.046964 0.528007 3.003137 1.000000 0.018709 0.683390 2.949202 1.000000 -0.149640 0.487979 3.012726 1.000000 -0.282228 0.662405 2.982406 1.000000 -0.134261 0.822472 2.946771 1.000000 -0.076910 0.874836 2.951758 1.000000 0.222044 0.485527 3.023291 1.000000 0.395758 0.680061 3.012924 1.000000 0.203229 0.775720 2.957360 1.000000 0.153089 0.834745 2.949743 1.000000 -0.059177 0.098556 2.967804 1.000000 -0.101059 -0.442317 3.076240 1.000000 -0.136019 -0.859660 3.094402 1.000000 -0.168063 -0.934485 3.040086 1.000000 0.106355 0.091291 2.977958 1.000000 0.104641 -0.471216 3.082634 1.000000 0.126297 -0.868726 3.086183 1.000000 0.139102 -0.954093 3.047311 1.000000
31248745039 0.028036 0.178762 2.980742 1.000000 0.030712 0.235524 3.009144 1.000000 0.054794 0.542628 2.989414 1.000000 0.035790 0.747314 2.970094 1.000000 -0.149944 0.490042 3.012472 1.000000 -0.283124 0.663979 2.983073 1.000000 -0.117529 0.806340 2.952231 1.000000 -0.060212 0.858673 2.957215 1.000000 0.221983 0.488702 3.022776 1.000000 0.395723 0.680892 3.012422 1.000000 0.202854 0.776436 2.958411 1.000000 0.152744 0.835426 2.950799 1.000000 -0.059272 0.098354 2.967953 1.000000 -0.101318 -0.492920 3.097460 1.000000 -0.135984 -0.859542 3.094589 1.000000 -0.168683 -0.935729 3.039840 1.000000 0.106067 0.091159 2.977875 1.000000 0.105972 -0.479211 3.085540 1.000000 0.125977 -0.869770 3.089725 1.000000 0.139094 -0.954067 3.047283 1.000000
31248778577 0.028042 0.178470 2.980680 1.000000 0.030751 0.235467 3.008542 1.000000 0.055089 0.542882 2.990320 1.000000 0.036663 0.745326 2.970285 1.000000 -0.150549 0.489079 3.012010 1.000000 -0.283042 0.663499 2.983414 1.000000 -0.115644 0.803433 2.950819 1.000000 -0.058360 0.855736 2.955801 1.000000 0.221793 0.490843 3.022865 1.000000 0.396522 0.682530 3.012578 1.000000 0.202548 0.775412 2.957907 1.000000 0.152467 0.834368 2.950300 1.000000 -0.059472 0.097373 2.968155 1.000000 -0.101422 -0.492933 3.097558 1.000000 -0.137128 -0.861791 3.095664 1.000000 -0.168265 -0.938011 3.039578 1.000000 0.105958 0.091120 2.977850 1.000000 0.106856 -0.483530 3.087408 1.000000 0.124918 -0.870968 3.089668 1.000000 0.139713 -0.954478 3.048439 1.000000
31248811951 0.028808 0.179431 2.980624 1.000000 0.031452 0.237227 3.007704 1.000000 0.055353 0.544011 2.990260 1.000000 0.039511 0.743794 2.971492 1.000000 -0.150493 0.488317 3.011378 1.000000 -0.282599 0.662962 2.983453 1.000000 -0.115953 0.803648 2.950536 1.000000 -0.058701 0.855921 2.955514 1.000000 0.229513 0.506054 3.028949 1.000000 0.396558 0.682773 3.012780 1.000000 0.202626 0.775715 2.958383 1.000000 0.152573 0.834638 2.950780 1.000000 -0.059447 0.097493 2.968122 1.000000 -0.101579 -0.493295 3.097947 1.000000 -0.137090 -0.862628 3.095862 1.000000 -0.169044 -0.937864 3.040291 1.000000 0.107430 0.092009 2.978697 1.000000 0.107068 -0.483612 3.087560 1.000000 0.124914 -0.870976 3.089655 1.000000 0.139681 -0.954405 3.048429 1.000000
31248845078 0.029871 0.180676 2.980391 1.000000 0.032434 0.238714 3.006772 1.000000 0.055513 0.544194 2.990076 1.000000 0.040285 0.743705 2.972093 1.000000 -0.150800 0.486923 3.010690 1.000000 -0.280069 0.665128 2.983594 1.000000 -0.112625 0.804565 2.949377 1.000000 -0.055406 0.856808 2.954352 1.000000 0.235271 0.513230 3.031552 1.000000 0.395976 0.683099 3.012596 1.000000 0.201346 0.774512 2.958433 1.000000 0.151322 0.833401 2.950834 1.000000 -0.059457 0.097474 2.968123 1.000000 -0.101530 -0.493443 3.098523 1.000000 -0.136873 -0.864612 3.094425 1.000000 -0.169247 -0.938160 3.036687 1.000000 0.109909 0.093299 2.978804 1.000000 0.107098 -0.486713 3.089727 1.000000 0.124669 -0.872059 3.091708 1.000000 0.139749 -0.954298 3.048743 1.000000
31248878717 0.030626 0.179125 2.980296 1.000000 0.033475 0.238053 3.006201 1.000000 0.058977 0.546520 2.990040 1.000000 0.041330 0.743959 2.973282 1.000000 -0.148991 0.489500 3.011374 1.000000 -0.280782 0.665356 2.983628 1.000000 -0.112633 0.803822 2.949264 1.000000 -0.055447 0.856036 2.954236 1.000000 0.231050 0.508560 3.029194 1.000000 0.396072 0.683364 3.012486 1.000000 0.201283 0.775525 2.961172 1.000000 0.151288 0.834380 2.953578 1.000000 -0.059228 0.096544 2.968048 1.000000 -0.102521 -0.498036 3.099376 1.000000 -0.138225 -0.866529 3.095496 1.000000 -0.168657 -0.941250 3.031071 1.000000 0.110044 0.092772 2.979184 1.000000 0.107170 -0.487201 3.090147 1.000000 0.125109 -0.872514 3.096410 1.000000 0.139441 -0.953924 3.047855 1.000000
31248911666 0.030478 0.177662 2.980442 1.000000 0.033419 0.237222 3.006224 1.000000 0.058446 0.547103 2.992057 1.000000 0.044212 0.744075 2.975563 1.000000 -0.148523 0.488428 3.010746 1.000000 -0.281051 0.665204 2.983816 1.000000 -0.112008 0.802576 2.950025 1.000000 -0.054854 0.854760 2.954995 1.000000 0.229830 0.505326 3.028631 1.000000 0.396016 0.683448 3.012261 1.000000 0.201302 0.776053 2.961974 1.000000 0.151334 0.834875 2.954384 1.000000 -0.059169 0.095391 2.968014 1.000000 -0.102502 -0.498183 3.100067 1.000000 -0.137877 -0.857388 3.099774 1.000000 -0.170389 -0.941882 3.033376 1.000000 0.109448 0.091419 2.979411 1.000000 0.101697 -0.494440 3.094253 1.000000 0.125966 -0.872744 3.098789 1.000000 0.139194 -0.953865 3.047745 1.000000
31248945186 0.030474 0.177862 2.980288 1.000000 0.033431 0.237510 3.005854 1.000000 0.058551 0.547360 2.991884 1.000000 0.043595 0.743227 2.974622 1.000000 -0.148718 0.488006 3.011018 1.000000 -0.281223 0.665277 2.984176 1.000000 -0.112013 0.802274 2.949949 1.000000 -0.054893 0.854428 2.954916 1.000000 0.234717 0.511390 3.030349 1.000000 0.395611 0.683614 3.011954 1.000000 0.201027 0.776710 2.962591 1.000000 0.151089 0.835498 2.955006 1.000000 -0.059312 0.095259 2.967974 1.000000 -0.102426 -0.497948 3.100011 1.000000 -0.137922 -0.860257 3.100575 1.000000 -0.170896 -0.942039 3.034513 1.000000 0.109392 0.091395 2.979309 1.000000 0.104423 -0.473191 3.085777 1.000000 0.125918 -0.873504 3.098313 1.000000 0.140085 -0.955225 3.049626 1.000000
31248977708 0.031409 0.182069 2.980932 1.000000 0.034010 0.240379 3.006350 1.000000 0.057599 0.547032 2.992871 1.000000 0.044507 0.744293 2.975558 1.000000 -0.149535 0.486593 3.010363 1.000000 -0.281399 0.663781 2.984471 1.000000 -0.113251 0.802041 2.950919 1.000000 -0.056164 0.854164 2.955884 1.000000 0.249657 0.533214 3.031519 1.000000 0.401903 0.690037 3.012177 1.000000 0.201683 0.770585 2.964001 1.000000 0.151774 0.829339 2.956420 1.000000 -0.059153 0.096103 2.968379 1.000000 -0.082833 -0.503984 3.104342 1.000000 -0.138027 -0.863897 3.099648 1.000000 -0.168095 -0.948963 3.049195 1.000000 0.110424 0.092483 2.979283 1.000000 0.107110 -0.498242 3.097330 1.000000 0.125868 -0.873758 3.098228 1.000000 0.140305 -0.955115 3.051094 1.000000
31248999837 0.031563 0.182168 2.981010 1.000000 0.034311 0.240651 3.006347 1.000000 0.058136 0.547637 2.992995 1.000000 0.046790 0.748833 2.980916 1.000000 -0.148986 0.485705 3.010233 1.000000 -0.281062 0.664895 2.983306 1.000000 -0.111826 0.801932 2.951451 1.000000 -0.054769 0.854028 2.956412 1.000000 0.249910 0.534496 3.031587 1.000000 0.404601 0.688796 3.012071 1.000000 0.205206 0.771570 2.964910 1.000000 0.155323 0.830293 2.957333 1.000000 -0.059065 0.095822 2.968480 1.000000 -0.092831 -0.504594 3.102079 1.000000 -0.138916 -0.873611 3.093825 1.000000 -0.167832 -0.951790 3.040479 1.000000 0.110556 0.092629 2.979558 1.000000 0.103636 -0.501069 3.099168 1.000000 0.125135 -0.874737 3.100061 1.000000 0.140501 -0.954433 3.050443 1.000000
31249045194 0.031780 0.184194 2.980078 1.000000 0.034405 0.242274 3.005119 1.000000 0.057097 0.546724 2.991044 1.000000 0.042785 0.757059 2.990302 1.000000 -0.149201 0.485423 3.010328 1.000000 -0.281432 0.664731 2.983355 1.000000 -0.113658 0.803442 2.951664 1.000000 -0.056632 0.855509 2.956623 1.000000 0.249690 0.535207 3.032009 1.000000 0.406527 0.687183 3.012972 1.000000 0.208267 0.772288 2.965486 1.000000 0.158412 0.830979 2.957914 1.000000 -0.059196 0.096205 2.968486 1.000000 -0.095612 -0.503749 3.102620 1.000000 -0.138498 -0.876462 3.094645 1.000000 -0.167811 -0.951997 3.040131 1.000000 0.111605 0.094885 2.978251 1.000000 0.104214 -0.498370 3.097740 1.000000 0.125484 -0.874775 3.099081 1.000000 0.139987 -0.953923 3.050423 1.000000
31249077825 0.030828 0.180430 2.979782 1.000000 0.033724 0.240323 3.004766 1.000000 0.057451 0.547156 2.991130 1.000000 0.047566 0.769786 2.997419 1.000000 -0.148560 0.483035 3.009691 1.000000 -0.281634 0.664409 2.983227 1.000000 -0.114493 0.803579 2.949907 1.000000 -0.057501 0.855615 2.954863 1.000000 0.239094 0.490412 3.032879 1.000000 0.397445 0.678062 3.012479 1.000000 0.208867 0.780978 2.959919 1.000000 0.159041 0.839634 2.952351 1.000000 -0.060175 0.094014 2.968353 1.000000 -0.091106 -0.506029 3.104375 1.000000 -0.138305 -0.874844 3.095111 1.000000 -0.167490 -0.950631 3.040198 1.000000 0.110021 0.091476 2.978286 1.000000 0.104247 -0.496181 3.097244 1.000000 0.125538 -0.872828 3.097832 1.000000 0.140060 -0.953938 3.050090 1.000000
31249100104 0.030730 0.180396 2.979835 1.000000 0.033368 0.240212 3.004718 1.000000 0.054321 0.546716 2.991323 1.000000 0.048226 0.770908 2.998062 1.000000 -0.148589 0.482898 3.009793 1.000000 -0.282795 0.664117 2.982705 1.000000 -0.114738 0.802126 2.949710 1.000000 -0.057778 0.854133 2.954663 1.000000 0.240878 0.508186 3.035246 1.000000 0.398116 0.677848 3.012565 1.000000 0.213208 0.784733 2.954008 1.000000 0.163410 0.843357 2.946444 1.000000 -0.059789 0.093716 2.968933 1.000000 -0.094821 -0.506601 3.103708 1.000000 -0.139465 -0.876187 3.093926 1.000000 -0.167734 -0.949248 3.040257 1.000000 0.109800 0.091473 2.978203 1.000000 0.101559 -0.497342 3.097274 1.000000 0.125178 -0.872321 3.100358 1.000000 0.140139 -0.952901 3.047273 1.000000
31249145299 0.029523 0.176900 2.979900 1.000000 0.032861 0.237962 3.004437 1.000000 0.055273 0.547191 2.990811 1.000000 0.048120 0.771244 2.998255 1.000000 -0.148809 0.482636 3.009766 1.000000 -0.283762 0.664363 2.981550 1.000000 -0.114629 0.801372 2.951556 1.000000 -0.053262 0.848111 2.955566 1.000000 0.236083 0.499981 3.032470 1.000000 0.399082 0.677114 3.012033 1.000000 0.215361 0.787022 2.956203 1.000000 0.165593 0.845610 2.948643 1.000000 -0.060481 0.092177 2.969889 1.000000 -0.097698 -0.500842 3.100481 1.000000 -0.138799 -0.869679 3.096623 1.000000 -0.169053 -0.946346 3.039325 1.000000 0.106852 0.087288 2.977820 1.000000 0.104063 -0.494979 3.096251 1.000000 0.124200 -0.872608 3.097766 1.000000 0.140216 -0.952854 3.047095 1.000000
31249177858 0.028543 0.175177 2.979311 1.000000 0.032105 0.236378 3.003832 1.000000 0.055206 0.547179 2.990773 1.000000 0.047322 0.771936 2.999617 1.000000 -0.148858 0.482551 3.009847 1.000000 -0.286126 0.663741 2.980754 1.000000 -0.116759 0.800829 2.954717 1.000000 -0.052656 0.843794 2.957656 1.000000 0.233723 0.492810 3.029499 1.000000 0.403085 0.676873 3.011249 1.000000 0.218008 0.785266 2.957668 1.000000 0.168251 0.843841 2.950110 1.000000 -0.060950 0.091750 2.970162 1.000000 -0.098980 -0.498110 3.100192 1.000000 -0.138756 -0.870062 3.096671 1.000000 -0.169797 -0.941891 3.038510 1.000000 0.105266 0.084862 2.975771 1.000000 0.104441 -0.494539 3.096606 1.000000 0.124384 -0.872378 3.097719 1.000000 0.138714 -0.953641 3.048613 1.000000
31249200198 0.028457 0.174565 2.979321 1.000000 0.032004 0.236142 3.003429 1.000000 0.054569 0.548790 2.988785 1.000000 0.049477 0.773170 2.999917 1.000000 -0.149423 0.482229 3.009800 1.000000 -0.286936 0.664043 2.980910 1.000000 -0.117512 0.801114 2.956111 1.000000 -0.052881 0.843350 2.956374 1.000000 0.233816 0.490276 3.028936 1.000000 0.404238 0.676695 3.010609 1.000000 0.222202 0.791011 2.959815 1.000000 0.172456 0.849572 2.952259 1.000000 -0.061295 0.090117 2.971250 1.000000 -0.101008 -0.502245 3.100515 1.000000 -0.139281 -0.870197 3.099709 1.000000 -0.169765 -0.941723 3.038178 1.000000 0.105397 0.084629 2.975794 1.000000 0.104910 -0.494102 3.096217 1.000000 0.124200 -0.872273 3.096874 1.000000 0.138897 -0.953443 3.048433 1.000000
31249245409 0.028403 0.174573 2.979398 1.000000 0.032059 0.235839 3.003661 1.000000 0.055106 0.547177 2.991573 1.000000 0.046211 0.768284 2.996813 1.000000 -0.150170 0.482812 3.010688 1.000000 -0.291348 0.664339 2.980636 1.000000 -0.120325 0.799424 2.956606 1.000000 -0.056007 0.842104 2.956767 1.000000 0.234151 0.488641 3.027762 1.000000 0.407528 0.676333 3.010268 1.000000 0.224322 0.788968 2.960276 1.000000 0.174588 0.847516 2.952721 1.000000 -0.061394 0.090182 2.971289 1.000000 -0.101877 -0.507729 3.102802 1.000000 -0.136978 -0.887425 3.099370 1.000000 -0.169348 -0.945907 3.038866 1.000000 0.105340 0.084604 2.975770 1.000000 0.104943 -0.494261 3.096746 1.000000 0.124556 -0.871482 3.096362 1.000000 0.138600 -0.953459 3.048805 1.000000
31249277842 0.028430 0.174648 2.979371 1.000000 0.032084 0.235704 3.003836 1.000000 0.056306 0.545154 2.993019 1.000000 0.021361 0.747204 2.987536 1.000000 -0.151027 0.481335 3.010455 1.000000 -0.294304 0.664629 2.980476 1.000000 -0.124908 0.801717 2.956617 1.000000 -0.067327 0.852787 2.950971 1.000000 0.234482 0.488506 3.027696 1.000000 0.409768 0.675461 3.010050 1.000000 0.225930 0.788198 2.963872 1.000000 0.176208 0.846732 2.956319 1.000000 -0.061549 0.090295 2.971010 1.000000 -0.102274 -0.505211 3.102890 1.000000 -0.133929 -0.873851 3.101312 1.000000 -0.169551 -0.945056 3.039380 1.000000 0.105376 0.084641 2.975711 1.000000 0.104936 -0.490711 3.095287 1.000000 0.125514 -0.860472 3.097667 1.000000 0.138540 -0.952591 3.050709 1.000000
31249299979 0.028252 0.174349 2.979422 1.000000 0.031754 0.234610 3.004449 1.000000 0.054758 0.540663 2.995172 1.000000 0.042046 0.710205 2.939642 1.000000 -0.153902 0.486151 3.011435 1.000000 -0.302450 0.664005 2.980278 1.000000 -0.132231 0.800432 2.964734 1.000000 -0.072398 0.847420 2.951873 1.000000 0.234414 0.488352 3.027509 1.000000 0.413112 0.674226 3.010899 1.000000 0.230686 0.790515 2.969756 1.000000 0.180974 0.849037 2.962204 1.000000 -0.061680 0.090167 2.970962 1.000000 -0.102278 -0.504199 3.102344 1.000000 -0.134535 -0.872661 3.100948 1.000000 -0.169554 -0.947133 3.051649 1.000000 0.105187 0.083742 2.975442 1.000000 0.104709 -0.490712 3.095150 1.000000 0.125988 -0.865027 3.098110 1.000000 0.139145 -0.953544 3.052717 1.000000
31249345472 0.028480 0.167444 2.979551 1.000000 0.031493 0.227704 3.005392 1.000000 0.052924 0.537709 2.996397 1.000000 0.042612 0.707093 2.938891 1.000000 -0.154367 0.484759 3.011428 1.000000 -0.309341 0.651090 2.980120 1.000000 -0.159997 0.809475 2.980900 1.000000 -0.096377 0.851136 2.967947 1.000000 0.234407 0.486810 3.027072 1.000000 0.417261 0.670764 3.013010 1.000000 0.236259 0.788732 2.969959 1.000000 0.186557 0.847243 2.962409 1.000000 -0.061282 0.085463 2.970003 1.000000 -0.102128 -0.501669 3.101643 1.000000 -0.135802 -0.859101 3.101017 1.000000 -0.169617 -0.939751 3.041029 1.000000 0.106999 0.073527 2.975804 1.000000 0.104958 -0.491233 3.095394 1.000000 0.125528 -0.866715 3.098300 1.000000 0.139264 -0.953612 3.052560 1.000000
31249377912 0.028270 0.166026 2.979017 1.000000 0.031145 0.226162 3.005566 1.000000 0.051944 0.536769 2.996957 1.000000 0.047408 0.705837 2.938193 1.000000 -0.154623 0.482339 3.010985 1.000000 -0.313473 0.650030 2.980079 1.000000 -0.162296 0.806554 2.981690 1.000000 -0.099137 0.849185 2.969778 1.000000 0.235299 0.484965 3.026660 1.000000 0.423057 0.663643 3.014775 1.000000 0.244936 0.785500 2.970262 1.000000 0.195244 0.843998 2.962714 1.000000 -0.061859 0.082369 2.968582 1.000000 -0.103106 -0.505168 3.104487 1.000000 -0.137378 -0.868192 3.098480 1.000000 -0.168250 -0.939795 3.038608 1.000000 0.107222 0.072820 2.975173 1.000000 0.102281 -0.492219 3.095389 1.000000 0.124194 -0.870435 3.089022 1.000000 0.139300 -0.953653 3.052627 1.000000
31249400097 0.028212 0.165745 2.978787 1.000000 0.031045 0.225774 3.005814 1.000000 0.051472 0.536433 2.996824 1.000000 0.047091 0.704073 2.936835 1.000000 -0.156354 0.480634 3.011072 1.000000 -0.322447 0.629342 2.985329 1.000000 -0.186505 0.799677 2.979867 1.000000 -0.123924 0.843440 2.969182 1.000000 0.235975 0.483479 3.026367 1.000000 0.428883 0.652247 3.010922 1.000000 0.256408 0.783531 2.974065 1.000000 0.206727 0.842017 2.966519 1.000000 -0.062182 0.081602 2.968062 1.000000 -0.102623 -0.502349 3.102615 1.000000 -0.137635 -0.870484 3.095409 1.000000 -0.169514 -0.942935 3.042308 1.000000 0.107495 0.072353 2.974823 1.000000 0.103604 -0.493672 3.096189 1.000000 0.123686 -0.871877 3.091435 1.000000 0.139602 -0.953649 3.052181 1.000000
31249445559 0.028396 0.164755 2.978144 1.000000 0.031110 0.224796 3.005482 1.000000 0.051529 0.535940 2.995770 1.000000 0.020181 0.709100 2.960894 1.000000 -0.158710 0.477978 3.010638 1.000000 -0.332047 0.628074 2.984695 1.000000 -0.190743 0.792792 2.992641 1.000000 -0.142204 0.841435 3.027595 1.000000 0.237487 0.478711 3.027199 1.000000 0.434257 0.644005 3.009317 1.000000 0.265056 0.780030 2.976131 1.000000 0.215382 0.838507 2.968585 1.000000 -0.062281 0.078739 2.967669 1.000000 -0.090813 -0.504311 3.103859 1.000000 -0.137790 -0.868809 3.108218 1.000000 -0.168745 -0.943129 3.044420 1.000000 0.107994 0.071484 2.973862 1.000000 0.104116 -0.493750 3.095888 1.000000 0.123302 -0.872956 3.092926 1.000000 0.141040 -0.954020 3.049156 1.000000
31249477945 0.029471 0.162645 2.977696 1.000000 0.031860 0.222831 3.005818 1.000000 0.051591 0.535235 2.996655 1.000000 0.032526 0.700832 2.947429 1.000000 -0.162837 0.464215 3.008950 1.000000 -0.348877 0.580566 2.987797 1.000000 -0.231706 0.763593 2.991883 1.000000 -0.179637 0.814779 3.016593 1.000000 0.238464 0.478087 3.027806 1.000000 0.445721 0.632744 3.013811 1.000000 0.277938 0.776706 2.974351 1.000000 0.228272 0.835173 2.966807 1.000000 -0.061010 0.073851 2.966908 1.000000 -0.084950 -0.504683 3.105685 1.000000 -0.136491 -0.860296 3.114920 1.000000 -0.168925 -0.942472 3.044423 1.000000 0.109976 0.069389 2.972395 1.000000 0.104839 -0.494432 3.096098 1.000000 0.123978 -0.873736 3.095175 1.000000 0.141175 -0.953070 3.047451 1.000000
31249500145 0.029879 0.158874 2.975240 1.000000 0.031553 0.219027 3.004780 1.000000 0.048577 0.532362 2.997535 1.000000 0.034506 0.698225 2.945848 1.000000 -0.163526 0.458075 3.008435 1.000000 -0.353868 0.571037 2.988703 1.000000 -0.238809 0.755515 2.990456 1.000000 -0.186750 0.806692 3.015162 1.000000 0.239774 0.473070 3.029480 1.000000 0.450195 0.579102 3.015139 1.000000 0.282450 0.778757 2.973868 1.000000 0.232794 0.837212 2.966325 1.000000 -0.061077 0.069577 2.964190 1.000000 -0.090309 -0.502192 3.104130 1.000000 -0.136139 -0.861575 3.111840 1.000000 -0.169736 -0.942689 3.047290 1.000000 0.112950 0.064935 2.967594 1.000000 0.105181 -0.494546 3.096406 1.000000 0.123903 -0.873274 3.094981 1.000000 0.140613 -0.952316 3.046674 1.000000
31249545302 0.029631 0.154547 2.974280 1.000000 0.031062 0.214964 3.005780 1.000000 0.047875 0.531024 3.001630 1.000000 0.036480 0.697066 2.945342 1.000000 -0.162816 0.453242 3.008138 1.000000 -0.359582 0.557792 2.989263 1.000000 -0.247964 0.744412 2.989382 1.000000 -0.195914 0.795579 3.014084 1.000000 0.241384 0.462811 3.031037 1.000000 0.454939 0.553802 3.017949 1.000000 0.293312 0.779009 2.975206 1.000000 0.243665 0.837454 2.967664 1.000000 -0.061936 0.066030 2.962693 1.000000 -0.092906 -0.499399 3.103322 1.000000 -0.136426 -0.861671 3.111914 1.000000 -0.170164 -0.941447 3.047460 1.000000 0.113319 0.060856 2.965454 1.000000 0.105590 -0.495898 3.097287 1.000000 0.123949 -0.873059 3.095752 1.000000 0.140597 -0.952097 3.046790 1.000000
31249578009 0.029491 0.146277 2.972900 1.000000 0.030946 0.207458 3.006351 1.000000 0.047460 0.529379 3.002831 1.000000 0.036946 0.694451 2.944933 1.000000 -0.159779 0.447978 3.010003 1.000000 -0.368707 0.508615 2.993858 1.000000 -0.271520 0.703340 2.988139 1.000000 -0.205933 0.758301 2.992356 1.000000 0.240608 0.459254 3.030485 1.000000 0.461426 0.500000 3.024908 1.000000 0.353271 0.728271 2.967942 1.000000 0.307001 0.789824 2.969640 1.000000 -0.060896 0.060283 2.961390 1.000000 -0.095470 -0.499563 3.100627 1.000000 -0.136308 -0.861565 3.111856 1.000000 -0.170890 -0.941315 3.047073 1.000000 0.112148 0.054841 2.963692 1.000000 0.105941 -0.497947 3.096902 1.000000 0.123833 -0.872111 3.095682 1.000000 0.140435 -0.952404 3.047464 1.000000
31249600199 0.029588 0.141529 2.972058 1.000000 0.031304 0.203452 3.007451 1.000000 0.047512 0.529281 3.004314 1.000000 0.036852 0.694260 2.944852 1.000000 -0.157543 0.444774 3.014553 1.000000 -0.367996 0.499856 2.996165 1.000000 -0.271872 0.695128 2.985391 1.000000 -0.209760 0.751156 2.989093 1.000000 0.239892 0.456886 3.031034 1.000000 0.464016 0.487180 3.030093 1.000000 0.393159 0.688143 2.972699 1.000000 0.349124 0.749408 2.957382 1.000000 -0.060155 0.056506 2.960550 1.000000 -0.088519 -0.500659 3.102359 1.000000 -0.135936 -0.862563 3.111058 1.000000 -0.171326 -0.941927 3.046995 1.000000 0.111507 0.050702 2.962055 1.000000 0.106422 -0.499589 3.097760 1.000000 0.123810 -0.872146 3.095743 1.000000 0.140346 -0.953499 3.051837 1.000000
31249645375 0.030415 0.133458 2.971688 1.000000 0.031842 0.196832 3.008686 1.000000 0.047396 0.529123 3.004884 1.000000 0.037081 0.694096 2.944765 1.000000 -0.152543 0.440372 3.017061 1.000000 -0.368751 0.462575 3.001048 1.000000 -0.281031 0.676700 2.984933 1.000000 -0.233836 0.748971 2.994137 1.000000 0.238244 0.451850 3.032981 1.000000 0.453735 0.439687 3.034727 1.000000 0.399026 0.676727 2.974785 1.000000 0.355750 0.738358 2.958931 1.000000 -0.057878 0.049347 2.960030 1.000000 -0.091906 -0.501262 3.101555 1.000000 -0.139064 -0.868478 3.096620 1.000000 -0.171066 -0.944411 3.050155 1.000000 0.111473 0.046166 2.961941 1.000000 0.107109 -0.501014 3.099330 1.000000 0.124624 -0.870395 3.096032 1.000000 0.140240 -0.953403 3.051235 1.000000
31249678093 0.031171 0.127591 2.971336 1.000000 0.032407 0.191648 3.009944 1.000000 0.047129 0.528944 3.005802 1.000000 0.037835 0.694039 2.942273 1.000000 -0.148121 0.435818 3.020084 1.000000 -0.364423 0.425910 3.014478 1.000000 -0.339177 0.638357 2.962566 1.000000 -0.277492 0.722121 2.966208 1.000000 0.236714 0.447475 3.034818 1.000000 0.450455 0.417853 3.039933 1.000000 0.411116 0.664440 2.964944 1.000000 0.389210 0.713670 2.910028 1.000000 -0.056235 0.045714 2.959642 1.000000 -0.092945 -0.501292 3.101236 1.000000 -0.137618 -0.860264 3.101124 1.000000 -0.171334 -0.943300 3.049559 1.000000 0.111677 0.040519 2.961573 1.000000 0.106446 -0.502537 3.099698 1.000000 0.123533 -0.871660 3.094086 1.000000 0.140338 -0.953764 3.051332 1.000000
31249699924 0.030812 0.125000 2.971709 1.000000 0.032166 0.189024 3.011302 1.000000 0.047122 0.528691 3.005797 1.000000 0.038356 0.695257 2.941680 1.000000 -0.145894 0.433291 3.022040 1.000000 -0.358761 0.398664 3.023389 1.000000 -0.362853 0.607310 2.949644 1.000000 -0.315246 0.699884 2.949541 1.000000 0.236132 0.445391 3.036162 1.000000 0.447861 0.391566 3.050734 1.000000 0.440674 0.622070 2.937684 1.000000 0.425979 0.683944 2.894373 1.000000 -0.056273 0.041898 2.960533 1.000000 -0.078900 -0.516096 3.107661 1.000000 -0.138454 -0.863301 3.100118 1.000000 -0.171109 -0.943672 3.049636 1.000000 0.111133 0.039282 2.962053 1.000000 0.106620 -0.503222 3.100167 1.000000 0.123456 -0.871580 3.095082 1.000000 0.139815 -0.951719 3.047611 1.000000
31249745406 0.029805 0.115780 2.973037 1.000000 0.031471 0.181088 3.013760 1.000000 0.046429 0.527529 3.007347 1.000000 0.039721 0.695091 2.940809 1.000000 -0.142014 0.427819 3.023186 1.000000 -0.347024 0.364611 3.031882 1.000000 -0.346680 0.614746 2.943548 1.000000 -0.306299 0.679749 2.935669 1.000000 0.231221 0.438531 3.034009 1.000000 0.438232 0.341797 3.064001 1.000000 0.463867 0.528809 2.937689 1.000000 0.458721 0.596280 2.901094 1.000000 -0.055858 0.035807 2.961942 1.000000 -0.078125 -0.516037 3.107608 1.000000 -0.138730 -0.864152 3.099995 1.000000 -0.170222 -0.945288 3.051053 1.000000 0.109356 0.033024 2.963215 1.000000 0.106649 -0.503330 3.099996 1.000000 0.123626 -0.871581 3.096372 1.000000 0.139738 -0.951745 3.047782 1.000000
31249778069 0.029067 0.112214 2.973953 1.000000 0.031088 0.177855 3.015492 1.000000 0.046411 0.527135 3.007811 1.000000 0.039757 0.694950 2.939854 1.000000 -0.141569 0.425320 3.025180 1.000000 -0.335404 0.320131 3.040315 1.000000 -0.370361 0.534180 2.944530 1.000000 -0.357670 0.608592 2.929642 1.000000 0.228424 0.432109 3.033623 1.000000 0.413086 0.292236 3.077682 1.000000 0.491657 0.447907 2.935167 1.000000 0.496479 0.534304 2.877301 1.000000 -0.056303 0.032276 2.964058 1.000000 -0.074980 -0.517010 3.109673 1.000000 -0.138790 -0.864166 3.100978 1.000000 -0.169755 -0.945521 3.052173 1.000000 0.107852 0.029015 2.963694 1.000000 0.102615 -0.505660 3.101648 1.000000 0.124296 -0.871802 3.093915 1.000000 0.139065 -0.952262 3.048135 1.000000
31249799897 0.029670 0.108867 2.973770 1.000000 0.031879 0.175130 3.015942 1.000000 0.046261 0.527153 3.007451 1.000000 0.039775 0.694912 2.939684 1.000000 -0.140708 0.415456 3.026927 1.000000 -0.318169 0.296287 3.049736 1.000000 -0.404189 0.467940 2.935302 1.000000 -0.406440 0.558783 2.884561 1.000000 0.224242 0.423991 3.031657 1.000000 0.411374 0.282077 3.074036 1.000000 0.508577 0.410540 2.915417 1.000000 0.531018 0.483910 2.845094 1.000000 -0.055220 0.029201 2.964393 1.000000 -0.094503 -0.507657 3.105430 1.000000 -0.138791 -0.859500 3.099818 1.000000 -0.169145 -0.945144 3.050838 1.000000 0.108291 0.026575 2.963950 1.000000 0.103224 -0.506273 3.101876 1.000000 0.124161 -0.872128 3.094554 1.000000 0.138782 -0.952292 3.048007 1.000000
31249845498 0.029641 0.101097 2.973781 1.000000 0.032165 0.168702 3.016502 1.000000 0.046648 0.526748 3.007265 1.000000 0.040387 0.694597 2.939351 1.000000 -0.138047 0.412256 3.025238 1.000000 -0.296327 0.263467 3.055519 1.000000 -0.406653 0.413975 2.931601 1.000000 -0.432253 0.466680 2.881912 1.000000 0.220793 0.416825 3.029008 1.000000 0.365723 0.245117 3.075744 1.000000 0.514686 0.340064 2.936556 1.000000 0.507324 0.357666 2.908408 1.000000 -0.054653 0.024145 2.964317 1.000000 -0.095568 -0.508074 3.106040 1.000000 -0.138434 -0.862004 3.095163 1.000000 -0.169637 -0.946000 3.051054 1.000000 0.107267 0.020522 2.965163 1.000000 0.102719 -0.507346 3.102108 1.000000 0.125259 -0.870859 3.094335 1.000000 0.138855 -0.952218 3.048033 1.000000
31249878188 0.030287 0.096205 2.974501 1.000000 0.032352 0.164227 3.017672 1.000000 0.046549 0.525962 3.007321 1.000000 0.041971 0.694779 2.940195 1.000000 -0.134988 0.409299 3.022780 1.000000 -0.283197 0.245166 3.058630 1.000000 -0.429591 0.345961 2.921061 1.000000 -0.468728 0.395936 2.877709 1.000000 0.220498 0.415310 3.029034 1.000000 0.338757 0.219565 3.089671 1.000000 0.515368 0.258872 2.956790 1.000000 0.570730 0.297749 2.877802 1.000000 -0.053378 0.020200 2.964862 1.000000 -0.097038 -0.508787 3.107044 1.000000 -0.137880 -0.864502 3.095197 1.000000 -0.169306 -0.946587 3.051464 1.000000 0.107681 0.015591 2.966709 1.000000 0.102909 -0.507443 3.102203 1.000000 0.124808 -0.870478 3.091951 1.000000 0.138727 -0.952301 3.048434 1.000000
31249899953 0.030579 0.094299 2.974534 1.000000 0.032534 0.162217 3.018037 1.000000 0.047334 0.524589 3.006666 1.000000 0.043136 0.695939 2.940328 1.000000 -0.132252 0.409395 3.020895 1.000000 -0.235718 0.215942 3.075763 1.000000 -0.412213 0.259415 2.944231 1.000000 -0.465254 0.305961 2.913922 1.000000 0.220175 0.414728 3.028826 1.000000 0.318918 0.210540 3.096098 1.000000 0.502719 0.189841 2.969615 1.000000 0.551065 0.196108 2.910270 1.000000 -0.052718 0.019396 2.965159 1.000000 -0.088610 -0.511959 3.109672 1.000000 -0.138515 -0.863583 3.097389 1.000000 -0.168568 -0.946430 3.051579 1.000000 0.107258 0.013379 2.966885 1.000000 0.103852 -0.509748 3.102915 1.000000 0.124749 -0.870527 3.092022 1.000000 0.138185 -0.951865 3.046418 1.000000
31249945533 0.030558 0.093486 2.974575 1.000000 0.032500 0.161123 3.018520 1.000000 0.047744 0.523091 3.006849 1.000000 0.043536 0.698560 2.940687 1.000000 -0.130835 0.409271 3.020292 1.000000 -0.235471 0.212794 3.076265 1.000000 -0.417481 0.191369 2.947133 1.000000 -0.470947 0.217850 2.898710 1.000000 0.219722 0.414126 3.028630 1.000000 0.294024 0.200644 3.095518 1.000000 0.485774 0.115136 3.027856 1.000000 0.552274 0.107726 2.948289 1.000000 -0.052401 0.018120 2.965375 1.000000 -0.092406 -0.512570 3.109550 1.000000 -0.139439 -0.865149 3.098590 1.000000 -0.168623 -0.947469 3.051696 1.000000 0.107113 0.013296 2.966892 1.000000 0.102943 -0.508904 3.102993 1.000000 0.124749 -0.870498 3.092072 1.000000 0.138050 -0.951270 3.042665 1.000000
31249978200 0.030274 0.092145 2.974754 1.000000 0.032054 0.159696 3.018991 1.000000 0.047781 0.521811 3.006676 1.000000 0.044144 0.698716 2.941396 1.000000 -0.128025 0.408996 3.018554 1.000000 -0.230119 0.206370 3.074454 1.000000 -0.402577 0.132666 2.952382 1.000000 -0.462402 0.145752 2.910385 1.000000 0.219181 0.412911 3.028405 1.000000 0.303785 0.180471 3.096691 1.000000 0.486286 0.082006 3.019943 1.000000 0.552673 0.047095 2.947814 1.000000 -0.052302 0.017993 2.965359 1.000000 -0.095148 -0.514080 3.108984 1.000000 -0.140186 -0.865161 3.099232 1.000000 -0.168086 -0.947256 3.053232 1.000000 0.105881 0.011270 2.967878 1.000000 0.104349 -0.509684 3.103428 1.000000 0.126504 -0.870221 3.096851 1.000000 0.138636 -0.951503 3.043994 1.000000
31249999985 0.030183 0.091136 2.974839 1.000000 0.031766 0.158568 3.019329 1.000000 0.047893 0.520472 3.006528 1.000000 0.045196 0.697600 2.941664 1.000000 -0.126511 0.408933 3.017139 1.000000 -0.224350 0.198748 3.070632 1.000000 -0.384175 0.083030 2.967441 1.000000 -0.439209 0.069397 2.926015 1.000000 0.218769 0.411114 3.028558 1.000000 0.299263 0.176915 3.097561 1.000000 0.450291 0.030443 3.031630 1.000000 0.513009 -0.020527 2.965941 1.000000 -0.052206 0.017806 2.965222 1.000000 -0.098242 -0.508464 3.106930 1.000000 -0.138492 -0.853084 3.103189 1.000000 -0.167421 -0.941922 3.042120 1.000000 0.105470 0.009869 2.968617 1.000000 0.104498 -0.509854 3.103435 1.000000 0.126810 -0.871174 3.096917 1.000000 0.139129 -0.952679 3.046405 1.000000
31250045563 0.030117 0.091083 2.974921 1.000000 0.031723 0.158547 3.019547 1.000000 0.048600 0.519690 3.005777 1.000000 0.045396 0.698088 2.941912 1.000000 -0.126470 0.408943 3.017085 1.000000 -0.223158 0.186175 3.066234 1.000000 -0.366717 0.035946 2.990819 1.000000 -0.440593 -0.014114 2.936947 1.000000 0.218683 0.410833 3.028615 1.000000 0.301259 0.174188 3.096981 1.000000 0.429443 0.002562 3.039301 1.000000 0.479248 -0.048615 2.978754 1.000000 -0.052253 0.017804 2.965275 1.000000 -0.098980 -0.508729 3.105022 1.000000 -0.138423 -0.854328 3.102873 1.000000 -0.167802 -0.941269 3.041670 1.000000 0.105187 0.009740 2.968995 1.000000 0.105371 -0.509347 3.103719 1.000000 0.126692 -0.871108 3.097070 1.000000 0.138489 -0.953187 3.048496 1.000000
31250066453 0.030058 0.090987 2.974876 1.000000 0.031684 0.158343 3.019658 1.000000 0.048985 0.518887 3.005780 1.000000 0.045847 0.698160 2.942363 1.000000 -0.126380 0.408971 3.017227 1.000000 -0.217812 0.186125 3.062665 1.000000 -0.318904 -0.005585 3.039377 1.000000 -0.361046 -0.067813 3.022350 1.000000 0.218545 0.410694 3.028808 1.000000 0.301952 0.163752 3.093457 1.000000 0.411589 -0.020682 3.048134 1.000000 0.450834 -0.106648 3.004098 1.000000 -0.052278 0.017762 2.965231 1.000000 -0.099718 -0.507271 3.104357 1.000000 -0.137948 -0.851789 3.103389 1.000000 -0.168905 -0.940569 3.043540 1.000000 0.105035 0.009690 2.968919 1.000000 0.103276 -0.510072 3.104502 1.000000 0.126734 -0.871184 3.098366 1.000000 0.137872 -0.951794 3.046196 1.000000
31250098216 0.030098 0.090873 2.974971 1.000000 0.031732 0.158128 3.019936 1.000000 0.049491 0.518439 3.006021 1.000000 0.046758 0.698385 2.941888 1.000000 -0.126396 0.408884 3.017155 1.000000 -0.219343 0.158980 3.054928 1.000000 -0.319047 -0.029767 3.002670 1.000000 -0.364961 -0.083780 2.972480 1.000000 0.218360 0.410222 3.029067 1.000000 0.298829 0.162411 3.091212 1.000000 0.374552 -0.040939 3.074011 1.000000 0.413998 -0.128822 3.034162 1.000000 -0.052176 0.017568 2.965276 1.000000 -0.099707 -0.507371 3.104565 1.000000 -0.138080 -0.852122 3.103198 1.000000 -0.168727 -0.938184 3.043770 1.000000 0.105000 0.009670 2.969033 1.000000 0.102748 -0.510493 3.104614 1.000000 0.126380 -0.871830 3.098242 1.000000 0.137921 -0.951844 3.046216 1.000000
31250152197 0.030133 0.089737 2.975250 1.000000 0.031762 0.157264 3.020129 1.000000 0.049665 0.518259 3.005625 1.000000 0.048097 0.697552 2.943321 1.000000 -0.126476 0.408346 3.016747 1.000000 -0.219309 0.153716 3.053445 1.000000 -0.307253 -0.042694 3.011570 1.000000 -0.343645 -0.130489 2.968759 1.000000 0.218021 0.409696 3.029094 1.000000 0.292921 0.142025 3.083493 1.000000 0.363281 -0.085938 3.072520 1.000000 0.394564 -0.181227 3.044121 1.000000 -0.052007 0.016114 2.965636 1.000000 -0.074426 -0.517855 3.108068 1.000000 -0.137740 -0.850382 3.103965 1.000000 -0.169241 -0.938217 3.043431 1.000000 0.104928 0.008968 2.969511 1.000000 0.104427 -0.510810 3.104765 1.000000 0.126304 -0.872844 3.098395 1.000000 0.138039 -0.952727 3.047748 1.000000
31250204163 0.031069 0.088624 2.976215 1.000000 0.032507 0.156518 3.020830 1.000000 0.049781 0.518298 3.005647 1.000000 0.048824 0.697191 2.943677 1.000000 -0.125606 0.408135 3.015969 1.000000 -0.213727 0.139092 3.045919 1.000000 -0.249903 -0.074379 3.015341 1.000000 -0.268452 -0.174457 2.992910 1.000000 0.218402 0.407702 3.028315 1.000000 0.289153 0.137273 3.082174 1.000000 0.307506 -0.078850 3.080894 1.000000 0.322259 -0.181536 3.070849 1.000000 -0.050691 0.015436 2.966156 1.000000 -0.089794 -0.515209 3.104342 1.000000 -0.136898 -0.857747 3.095149 1.000000 -0.171438 -0.940330 3.041035 1.000000 0.105897 0.007366 2.971729 1.000000 0.104608 -0.510630 3.104824 1.000000 0.126556 -0.872449 3.098078 1.000000 0.138690 -0.953055 3.048404 1.000000
31250237491 0.031475 0.087605 2.976770 1.000000 0.032653 0.155943 3.021094 1.000000 0.049624 0.518561 3.005510 1.000000 0.050252 0.697017 2.944873 1.000000 -0.125223 0.407584 3.015019 1.000000 -0.205516 0.130620 3.039109 1.000000 -0.242821 -0.082221 3.002856 1.000000 -0.255714 -0.184262 2.986062 1.000000 0.218539 0.406390 3.028157 1.000000 0.281097 0.132370 3.079367 1.000000 0.300196 -0.083480 3.082869 1.000000 0.304583 -0.185946 3.064371 1.000000 -0.049817 0.013741 2.967091 1.000000 -0.094663 -0.519416 3.105438 1.000000 -0.139208 -0.863500 3.095922 1.000000 -0.171909 -0.941996 3.041342 1.000000 0.106262 0.006876 2.972242 1.000000 0.106019 -0.510815 3.104601 1.000000 0.126659 -0.872257 3.098345 1.000000 0.138762 -0.952926 3.048416 1.000000
31250270540 0.031678 0.086303 2.977858 1.000000 0.032771 0.154949 3.021633 1.000000 0.049289 0.518166 3.005109 1.000000 0.051578 0.695423 2.945107 1.000000 -0.124590 0.407386 3.014614 1.000000 -0.199077 0.126884 3.034925 1.000000 -0.219558 -0.093563 2.984804 1.000000 -0.205078 -0.188110 2.972929 1.000000 0.219414 0.404789 3.027620 1.000000 0.273697 0.128260 3.077080 1.000000 0.289119 -0.088305 3.075727 1.000000 0.283409 -0.190782 3.057338 1.000000 -0.049366 0.012456 2.968034 1.000000 -0.076549 -0.515320 3.105431 1.000000 -0.139188 -0.863465 3.095916 1.000000 -0.169481 -0.939318 3.040642 1.000000 0.106538 0.005328 2.974380 1.000000 0.107109 -0.511260 3.103299 1.000000 0.126736 -0.872343 3.098548 1.000000 0.139181 -0.953790 3.049909 1.000000
31250312240 0.032889 0.085692 2.979543 1.000000 0.033671 0.154603 3.022434 1.000000 0.049591 0.518065 3.004823 1.000000 0.051673 0.695515 2.945317 1.000000 -0.123822 0.407604 3.013484 1.000000 -0.186431 0.133678 3.021372 1.000000 -0.202846 -0.079478 2.968232 1.000000 -0.201371 -0.183628 2.962435 1.000000 0.219737 0.404729 3.027608 1.000000 0.263482 0.128803 3.067007 1.000000 0.276467 -0.090617 3.066866 1.000000 0.263277 -0.192545 3.048986 1.000000 -0.047767 0.011646 2.969853 1.000000 -0.091223 -0.514155 3.107568 1.000000 -0.139314 -0.864551 3.095546 1.000000 -0.167495 -0.941041 3.041114 1.000000 0.107890 0.004859 2.977149 1.000000 0.104273 -0.511606 3.103824 1.000000 0.126732 -0.872514 3.097542 1.000000 0.139210 -0.954886 3.054098 1.000000
31250343897 0.033862 0.085740 2.980489 1.000000 0.034462 0.154487 3.022752 1.000000 0.050016 0.516620 3.004672 1.000000 0.052100 0.687997 2.949211 1.000000 -0.123387 0.407716 3.012741 1.000000 -0.179586 0.136098 3.014236 1.000000 -0.197201 -0.076669 2.959194 1.000000 -0.195367 -0.180276 2.946703 1.000000 0.220321 0.404518 3.027590 1.000000 0.259335 0.129227 3.060514 1.000000 0.263631 -0.088282 3.043996 1.000000 0.256910 -0.187611 3.034197 1.000000 -0.046565 0.011730 2.970641 1.000000 -0.094939 -0.508782 3.104548 1.000000 -0.137807 -0.856391 3.098784 1.000000 -0.166337 -0.944643 3.047876 1.000000 0.108906 0.004798 2.978482 1.000000 0.102597 -0.508300 3.102652 1.000000 0.127124 -0.871731 3.097786 1.000000 0.139968 -0.953736 3.052577 1.000000
31250386690 0.034905 0.086629 2.981120 1.000000 0.034916 0.154860 3.022574 1.000000 0.049781 0.513782 3.004017 1.000000 0.051226 0.685732 2.946117 1.000000 -0.123020 0.407400 3.011112 1.000000 -0.174405 0.135968 2.999607 1.000000 -0.194537 -0.078410 2.954822 1.000000 -0.192282 -0.181851 2.940646 1.000000 0.220296 0.404750 3.027720 1.000000 0.256651 0.130218 3.052220 1.000000 0.260967 -0.087377 3.037690 1.000000 0.250124 -0.190250 3.023347 1.000000 -0.045080 0.012748 2.971186 1.000000 -0.100403 -0.457520 3.080063 1.000000 -0.137562 -0.857784 3.097315 1.000000 -0.167021 -0.940973 3.045097 1.000000 0.110208 0.006128 2.979473 1.000000 0.108583 -0.464618 3.092307 1.000000 0.126608 -0.871389 3.095626 1.000000 0.139160 -0.951882 3.047258 1.000000
31250427589 0.035577 0.086469 2.981638 1.000000 0.035545 0.154854 3.022596 1.000000 0.050255 0.514387 3.004262 1.000000 0.053328 0.688837 2.946636 1.000000 -0.122756 0.407582 3.010502 1.000000 -0.174327 0.136029 2.996909 1.000000 -0.190986 -0.077565 2.945161 1.000000 -0.189874 -0.181572 2.934941 1.000000 0.220150 0.405220 3.028129 1.000000 0.255103 0.131357 3.048212 1.000000 0.258527 -0.086246 3.029454 1.000000 0.248978 -0.189343 3.015208 1.000000 -0.044013 0.012491 2.971518 1.000000 -0.101746 -0.514648 3.107421 1.000000 -0.137789 -0.859723 3.095534 1.000000 -0.167244 -0.944519 3.048672 1.000000 0.110596 0.006230 2.980126 1.000000 0.102945 -0.491403 3.100795 1.000000 0.126338 -0.871025 3.096861 1.000000 0.139601 -0.951526 3.047958 1.000000
31250470281 0.035816 0.086428 2.981926 1.000000 0.035695 0.154848 3.022496 1.000000 0.050587 0.514563 3.004638 1.000000 0.053279 0.689812 2.946568 1.000000 -0.122828 0.408161 3.009510 1.000000 -0.174952 0.135904 2.995799 1.000000 -0.190648 -0.077638 2.943018 1.000000 -0.187686 -0.181673 2.932710 1.000000 0.220357 0.405789 3.028829 1.000000 0.254451 0.129560 3.045906 1.000000 0.258380 -0.094626 3.012500 1.000000 0.248910 -0.198509 3.004952 1.000000 -0.043828 0.012397 2.971609 1.000000 -0.101884 -0.514093 3.106601 1.000000 -0.137960 -0.859876 3.095675 1.000000 -0.167917 -0.942997 3.049398 1.000000 0.110764 0.006200 2.980479 1.000000 0.100910 -0.497182 3.101766 1.000000 0.126054 -0.870940 3.096552 1.000000 0.139010 -0.951319 3.047810 1.000000
31250502235 0.036666 0.086729 2.982217 1.000000 0.036304 0.154926 3.022337 1.000000 0.050508 0.513633 3.004815 1.000000 0.051860 0.681041 2.951627 1.000000 -0.122983 0.408225 3.009214 1.000000 -0.178641 0.130989 2.992108 1.000000 -0.190188 -0.082938 2.939591 1.000000 -0.186057 -0.186576 2.925717 1.000000 0.220410 0.405392 3.028879 1.000000 0.253158 0.128951 3.040035 1.000000 0.259498 -0.099839 3.006948 1.000000 0.248236 -0.203360 2.996608 1.000000 -0.043174 0.012753 2.971807 1.000000 -0.097839 -0.455078 3.087910 1.000000 -0.130394 -0.863928 3.094760 1.000000 -0.168011 -0.940542 3.050091 1.000000 0.112339 0.006301 2.980737 1.000000 0.104240 -0.494014 3.098414 1.000000 0.125111 -0.869785 3.099143 1.000000 0.139599 -0.951473 3.048129 1.000000
31250534267 0.036676 0.086102 2.982425 1.000000 0.036240 0.154292 3.022124 1.000000 0.050113 0.512864 3.004711 1.000000 0.051844 0.686406 2.953375 1.000000 -0.122579 0.407706 3.008482 1.000000 -0.179540 0.129635 2.989717 1.000000 -0.191666 -0.084419 2.937634 1.000000 -0.186392 -0.187702 2.921187 1.000000 0.220535 0.405450 3.028916 1.000000 0.255523 0.123216 3.033774 1.000000 0.260225 -0.100456 3.005257 1.000000 0.247889 -0.203760 2.993344 1.000000 -0.043078 0.012024 2.971983 1.000000 -0.073792 -0.509766 3.103549 1.000000 -0.131913 -0.863370 3.094535 1.000000 -0.169585 -0.941153 3.049813 1.000000 0.112306 0.005821 2.980955 1.000000 0.107584 -0.501499 3.100534 1.000000 0.125394 -0.869867 3.099563 1.000000 0.139622 -0.955204 3.058351 1.000000
31250566359 0.036807 0.085894 2.982538 1.000000 0.036401 0.153966 3.021918 1.000000 0.050737 0.511854 3.004904 1.000000 0.051556 0.686115 2.952503 1.000000 -0.122031 0.407676 3.007919 1.000000 -0.179603 0.129788 2.989417 1.000000 -0.194091 -0.084003 2.936253 1.000000 -0.190521 -0.186749 2.915935 1.000000 0.220128 0.406127 3.029234 1.000000 0.257745 0.123075 3.033179 1.000000 0.261017 -0.101193 3.001844 1.000000 0.247604 -0.203587 2.984014 1.000000 -0.042906 0.011881 2.971984 1.000000 -0.102722 -0.464111 3.082074 1.000000 -0.129876 -0.863649 3.094722 1.000000 -0.168664 -0.938295 3.049018 1.000000 0.112285 0.005817 2.981075 1.000000 0.107897 -0.499562 3.101156 1.000000 0.125073 -0.870415 3.094503 1.000000 0.141567 -0.954570 3.054176 1.000000
31250598545 0.037072 0.085472 2.982886 1.000000 0.036639 0.153706 3.021826 1.000000 0.050908 0.511906 3.004857 1.000000 0.052410 0.688950 2.954147 1.000000 -0.121753 0.407488 3.007755 1.000000 -0.179678 0.129252 2.986873 1.000000 -0.194253 -0.084693 2.934141 1.000000 -0.190976 -0.187882 2.915700 1.000000 0.220056 0.406547 3.029691 1.000000 0.258998 0.123091 3.032482 1.000000 0.261854 -0.100728 3.000506 1.000000 0.247938 -0.202565 2.979662 1.000000 -0.042433 0.011298 2.972605 1.000000 -0.101543 -0.504928 3.104735 1.000000 -0.132381 -0.858595 3.100511 1.000000 -0.169162 -0.938162 3.049180 1.000000 0.112323 0.005732 2.981251 1.000000 0.104963 -0.502905 3.100717 1.000000 0.126039 -0.870180 3.098884 1.000000 0.140678 -0.953950 3.054844 1.000000
31250631453 0.037031 0.085241 2.983037 1.000000 0.036619 0.153562 3.021600 1.000000 0.050919 0.511902 3.004849 1.000000 0.051986 0.689925 2.953106 1.000000 -0.121477 0.407505 3.007774 1.000000 -0.181121 0.127331 2.983978 1.000000 -0.195112 -0.086907 2.932173 1.000000 -0.191764 -0.179549 2.916411 1.000000 0.220060 0.406843 3.030040 1.000000 0.260072 0.122929 3.031580 1.000000 0.262591 -0.099120 2.998713 1.000000 0.248156 -0.200784 2.977019 1.000000 -0.042433 0.011040 2.972758 1.000000 -0.101452 -0.505182 3.104658 1.000000 -0.133620 -0.859972 3.100293 1.000000 -0.169962 -0.938054 3.048132 1.000000 0.112184 0.005670 2.981421 1.000000 0.105578 -0.504262 3.100884 1.000000 0.126043 -0.870328 3.098621 1.000000 0.140449 -0.954929 3.055376 1.000000
31250664287 0.037038 0.084777 2.983144 1.000000 0.036623 0.153250 3.021361 1.000000 0.051073 0.511919 3.004811 1.000000 0.052098 0.690478 2.953002 1.000000 -0.121263 0.407319 3.007073 1.000000 -0.181372 0.126927 2.983217 1.000000 -0.196424 -0.087270 2.931093 1.000000 -0.192824 -0.179734 2.916112 1.000000 0.220120 0.406892 3.030107 1.000000 0.261950 0.121302 3.030026 1.000000 0.263855 -0.099331 2.996385 1.000000 0.248273 -0.200695 2.973762 1.000000 -0.042472 0.010440 2.972969 1.000000 -0.101361 -0.505091 3.104456 1.000000 -0.133703 -0.859858 3.100356 1.000000 -0.169171 -0.938439 3.039240 1.000000 0.112102 0.005396 2.981459 1.000000 0.102491 -0.505801 3.102743 1.000000 0.127080 -0.870384 3.100337 1.000000 0.139895 -0.953830 3.053539 1.000000
31250697094 0.037078 0.084628 2.983244 1.000000 0.036711 0.153125 3.021227 1.000000 0.051487 0.512104 3.005148 1.000000 0.052574 0.691141 2.953269 1.000000 -0.120951 0.407168 3.007153 1.000000 -0.181452 0.126335 2.982137 1.000000 -0.195687 -0.087820 2.929014 1.000000 -0.193219 -0.180606 2.916149 1.000000 0.220306 0.407122 3.030407 1.000000 0.262279 0.121512 3.029946 1.000000 0.264017 -0.099298 2.995168 1.000000 0.247876 -0.200176 2.970532 1.000000 -0.042441 0.010284 2.973019 1.000000 -0.072337 -0.517008 3.110015 1.000000 -0.134906 -0.860089 3.100207 1.000000 -0.168068 -0.943647 3.050893 1.000000 0.112070 0.005355 2.981520 1.000000 0.098230 -0.506543 3.103586 1.000000 0.126938 -0.870513 3.100119 1.000000 0.139406 -0.953612 3.052906 1.000000
31250728730 0.037060 0.084503 2.983271 1.000000 0.036706 0.153007 3.021106 1.000000 0.051913 0.512359 3.005743 1.000000 0.052827 0.692959 2.955261 1.000000 -0.120768 0.407190 3.007365 1.000000 -0.181757 0.125301 2.981148 1.000000 -0.196090 -0.089020 2.928457 1.000000 -0.193962 -0.181453 2.915561 1.000000 0.220528 0.407602 3.031036 1.000000 0.262687 0.121297 3.029368 1.000000 0.264750 -0.097481 2.993725 1.000000 0.248187 -0.198735 2.970623 1.000000 -0.042480 0.010152 2.972909 1.000000 -0.091229 -0.515244 3.107267 1.000000 -0.136427 -0.865102 3.097208 1.000000 -0.167684 -0.946263 3.054209 1.000000 0.111954 0.005233 2.981564 1.000000 0.097637 -0.507140 3.104156 1.000000 0.126650 -0.870808 3.099174 1.000000 0.139499 -0.953692 3.052997 1.000000
31250770596 0.037047 0.084444 2.983336 1.000000 0.036725 0.153014 3.020998 1.000000 0.052537 0.513079 3.005785 1.000000 0.053541 0.693749 2.954941 1.000000 -0.120723 0.407199 3.007394 1.000000 -0.181632 0.124983 2.980607 1.000000 -0.196110 -0.089498 2.928343 1.000000 -0.195631 -0.182091 2.915345 1.000000 0.220675 0.407993 3.031268 1.000000 0.263138 0.120620 3.029077 1.000000 0.264669 -0.097730 2.993640 1.000000 0.248201 -0.199102 2.970652 1.000000 -0.042539 0.009996 2.972939 1.000000 -0.095157 -0.511684 3.104682 1.000000 -0.136442 -0.860135 3.098536 1.000000 -0.169284 -0.942315 3.047189 1.000000 0.111841 0.005229 2.981708 1.000000 0.095291 -0.509081 3.105543 1.000000 0.126115 -0.872757 3.096030 1.000000 0.139574 -0.954534 3.052363 1.000000
31250802728 0.037165 0.084003 2.983369 1.000000 0.036897 0.152578 3.020905 1.000000 0.052725 0.512747 3.005814 1.000000 0.052893 0.694451 2.956164 1.000000 -0.120534 0.407201 3.007440 1.000000 -0.181713 0.124615 2.980400 1.000000 -0.196017 -0.089885 2.927688 1.000000 -0.195955 -0.182702 2.915239 1.000000 0.220695 0.408065 3.031385 1.000000 0.263280 0.120553 3.028962 1.000000 0.264611 -0.098035 2.993072 1.000000 0.248212 -0.199566 2.970395 1.000000 -0.042347 0.009502 2.973132 1.000000 -0.096908 -0.511214 3.104109 1.000000 -0.137358 -0.861142 3.098361 1.000000 -0.169055 -0.945851 3.048671 1.000000 0.111816 0.005036 2.981594 1.000000 0.098565 -0.509508 3.105566 1.000000 0.126020 -0.872875 3.095869 1.000000 0.139586 -0.954688 3.052259 1.000000
31250836383 0.037090 0.083676 2.983388 1.000000 0.036870 0.152273 3.020809 1.000000 0.052820 0.512490 3.005839 1.000000 0.052741 0.694514 2.956172 1.000000 -0.120369 0.407128 3.007482 1.000000 -0.181920 0.124078 2.980606 1.000000 -0.196123 -0.090485 2.927692 1.000000 -0.198005 -0.182937 2.912450 1.000000 0.220449 0.408262 3.031561 1.000000 0.263448 0.120222 3.028574 1.000000 0.264374 -0.099392 2.992987 1.000000 0.247968 -0.200957 2.970128 1.000000 -0.042377 0.009326 2.973046 1.000000 -0.098131 -0.505408 3.102590 1.000000 -0.137253 -0.854289 3.101009 1.000000 -0.168453 -0.941743 3.046234 1.000000 0.111597 0.004831 2.981703 1.000000 0.097790 -0.509199 3.105030 1.000000 0.125881 -0.872726 3.096506 1.000000 0.139643 -0.953968 3.051785 1.000000
31250870575 0.037068 0.083231 2.983550 1.000000 0.036870 0.151870 3.020926 1.000000 0.052948 0.512328 3.006227 1.000000 0.052155 0.693557 2.957169 1.000000 -0.120150 0.407184 3.007525 1.000000 -0.182041 0.123631 2.980378 1.000000 -0.196358 -0.091002 2.927403 1.000000 -0.198850 -0.183304 2.913032 1.000000 0.220439 0.408037 3.031908 1.000000 0.263455 0.120224 3.028589 1.000000 0.264488 -0.099585 2.992809 1.000000 0.247789 -0.201558 2.971731 1.000000 -0.042377 0.008804 2.973039 1.000000 -0.099023 -0.507035 3.102042 1.000000 -0.138354 -0.860893 3.095455 1.000000 -0.169031 -0.947259 3.038878 1.000000 0.111487 0.004656 2.981850 1.000000 0.097387 -0.509418 3.104682 1.000000 0.125553 -0.872711 3.096779 1.000000 0.139975 -0.953868 3.051188 1.000000
31250903498 0.037056 0.083222 2.983571 1.000000 0.036902 0.151686 3.021113 1.000000 0.053001 0.512305 3.008063 1.000000 0.051799 0.693507 2.957719 1.000000 -0.119944 0.407224 3.007714 1.000000 -0.182068 0.123600 2.980382 1.000000 -0.196700 -0.090934 2.926519 1.000000 -0.199085 -0.183653 2.911575 1.000000 0.220940 0.407544 3.031615 1.000000 0.263673 0.119772 3.028647 1.000000 0.264662 -0.099668 2.992927 1.000000 0.247700 -0.201900 2.973039 1.000000 -0.042474 0.008755 2.972773 1.000000 -0.099945 -0.507417 3.100999 1.000000 -0.140424 -0.872802 3.089390 1.000000 -0.169493 -0.954836 3.046005 1.000000 0.111455 0.004634 2.981879 1.000000 0.096706 -0.509344 3.104574 1.000000 0.125392 -0.872696 3.097232 1.000000 0.139570 -0.954483 3.052409 1.000000
31250936645 0.037044 0.083259 2.983550 1.000000 0.036857 0.151655 3.021222 1.000000 0.052939 0.511772 3.008270 1.000000 0.049183 0.683706 2.951686 1.000000 -0.119771 0.407132 3.007738 1.000000 -0.182149 0.123792 2.980516 1.000000 -0.196818 -0.090798 2.926470 1.000000 -0.199238 -0.182647 2.912775 1.000000 0.220739 0.407774 3.031983 1.000000 0.263820 0.120256 3.028697 1.000000 0.265025 -0.101325 2.992493 1.000000 0.250605 -0.204573 2.975888 1.000000 -0.042493 0.008863 2.972669 1.000000 -0.101206 -0.469013 3.083745 1.000000 -0.142722 -0.873614 3.078388 1.000000 -0.168584 -0.940462 3.032041 1.000000 0.111393 0.004818 2.981762 1.000000 0.103274 -0.476700 3.090536 1.000000 0.124348 -0.870418 3.096391 1.000000 0.140039 -0.955294 3.051482 1.000000
31250970714 0.036951 0.082974 2.983746 1.000000 0.036701 0.151285 3.021676 1.000000 0.052578 0.511510 3.009009 1.000000 0.050286 0.686110 2.954190 1.000000 -0.119271 0.406993 3.007774 1.000000 -0.182203 0.123764 2.980412 1.000000 -0.197007 -0.091007 2.926889 1.000000 -0.199190 -0.182561 2.913054 1.000000 0.220528 0.407537 3.032310 1.000000 0.264058 0.119686 3.028978 1.000000 0.267204 -0.101420 2.993835 1.000000 0.254729 -0.204980 2.977265 1.000000 -0.042487 0.008868 2.972700 1.000000 -0.101137 -0.510847 3.104959 1.000000 -0.137890 -0.851273 3.097679 1.000000 -0.166794 -0.934058 3.043050 1.000000 0.111176 0.004458 2.981943 1.000000 0.109375 -0.497765 3.094104 1.000000 0.123652 -0.871863 3.095477 1.000000 0.141129 -0.953533 3.047832 1.000000
31251003588 0.036806 0.082712 2.983769 1.000000 0.036665 0.150968 3.021979 1.000000 0.052965 0.511165 3.009635 1.000000 0.051637 0.689202 2.954438 1.000000 -0.118852 0.407159 3.008256 1.000000 -0.182323 0.123830 2.981090 1.000000 -0.197021 -0.090931 2.926994 1.000000 -0.199282 -0.182834 2.913364 1.000000 0.220480 0.407507 3.032361 1.000000 0.264185 0.119537 3.029130 1.000000 0.267348 -0.103889 2.994902 1.000000 0.255316 -0.207311 2.976909 1.000000 -0.042570 0.008776 2.972668 1.000000 -0.101415 -0.510390 3.104605 1.000000 -0.137682 -0.850140 3.098281 1.000000 -0.166837 -0.934384 3.042247 1.000000 0.110775 0.004221 2.981849 1.000000 0.103500 -0.500517 3.097823 1.000000 0.123490 -0.873025 3.096530 1.000000 0.141128 -0.953596 3.048003 1.000000
31251037537 0.036704 0.082545 2.983787 1.000000 0.036573 0.150838 3.022192 1.000000 0.053039 0.511167 3.009659 1.000000 0.051709 0.691045 2.954771 1.000000 -0.118824 0.407154 3.008261 1.000000 -0.182528 0.123743 2.981176 1.000000 -0.196666 -0.091155 2.927120 1.000000 -0.198227 -0.184565 2.915530 1.000000 0.220201 0.407239 3.032667 1.000000 0.264874 0.118819 3.030114 1.000000 0.270055 -0.104550 2.995755 1.000000 0.257430 -0.208073 2.978466 1.000000 -0.042623 0.008736 2.972703 1.000000 -0.101921 -0.509145 3.103758 1.000000 -0.138738 -0.854646 3.096161 1.000000 -0.167058 -0.941706 3.047450 1.000000 0.110504 0.004045 2.981773 1.000000 0.107457 -0.506204 3.099314 1.000000 0.123172 -0.873331 3.096230 1.000000 0.140446 -0.953738 3.047265 1.000000
31251070615 0.036385 0.082310 2.983885 1.000000 0.036353 0.150657 3.022530 1.000000 0.053332 0.511385 3.010126 1.000000 0.051622 0.691985 2.955431 1.000000 -0.118871 0.407325 3.008582 1.000000 -0.182609 0.123816 2.981390 1.000000 -0.197150 -0.091178 2.927507 1.000000 -0.198728 -0.185099 2.916207 1.000000 0.219569 0.407504 3.033314 1.000000 0.265298 0.118796 3.030418 1.000000 0.270673 -0.103569 2.996960 1.000000 0.260517 -0.207241 2.978599 1.000000 -0.042859 0.008674 2.972790 1.000000 -0.101929 -0.509195 3.103855 1.000000 -0.138806 -0.855175 3.095603 1.000000 -0.167796 -0.941137 3.046744 1.000000 0.109716 0.003778 2.981697 1.000000 0.108137 -0.507469 3.100124 1.000000 0.123386 -0.873178 3.096519 1.000000 0.140400 -0.953698 3.047252 1.000000
31251103559 0.036125 0.081891 2.983956 1.000000 0.036245 0.150272 3.022800 1.000000 0.053288 0.511287 3.010129 1.000000 0.051605 0.692067 2.955604 1.000000 -0.118501 0.407373 3.009241 1.000000 -0.183317 0.123791 2.982478 1.000000 -0.200559 -0.091381 2.930134 1.000000 -0.199108 -0.184791 2.916433 1.000000 0.219286 0.407146 3.032900 1.000000 0.265537 0.118967 3.030650 1.000000 0.272759 -0.101223 2.998963 1.000000 0.269523 -0.205276 2.979911 1.000000 -0.043076 0.008474 2.973098 1.000000 -0.101937 -0.509203 3.103863 1.000000 -0.138174 -0.851487 3.097267 1.000000 -0.168389 -0.940466 3.047314 1.000000 0.109375 0.003456 2.981492 1.000000 0.103228 -0.510823 3.101391 1.000000 0.125127 -0.873752 3.091906 1.000000 0.140050 -0.953691 3.047213 1.000000
31251137452 0.035798 0.081662 2.983838 1.000000 0.035987 0.150112 3.022828 1.000000 0.053429 0.511239 3.009784 1.000000 0.052428 0.691866 2.954341 1.000000 -0.118343 0.407437 3.009295 1.000000 -0.184011 0.126979 2.986065 1.000000 -0.201759 -0.087833 2.931545 1.000000 -0.202952 -0.185475 2.918137 1.000000 0.219036 0.406974 3.033378 1.000000 0.266666 0.118896 3.032974 1.000000 0.276244 -0.100118 3.000464 1.000000 0.275555 -0.204020 2.980023 1.000000 -0.043368 0.008436 2.973064 1.000000 -0.101884 -0.508944 3.104014 1.000000 -0.138029 -0.852590 3.096306 1.000000 -0.168418 -0.940464 3.047186 1.000000 0.108790 0.003242 2.981321 1.000000 0.102369 -0.508787 3.102837 1.000000 0.125530 -0.867170 3.097481 1.000000 0.139769 -0.951815 3.048856 1.000000
31251170610 0.035523 0.081438 2.983803 1.000000 0.035796 0.149959 3.022881 1.000000 0.053492 0.511239 3.009515 1.000000 0.052713 0.692509 2.954456 1.000000 -0.118332 0.407438 3.009273 1.000000 -0.185511 0.127496 2.988424 1.000000 -0.208532 -0.092125 2.934579 1.000000 -0.206444 -0.186766 2.917666 1.000000 0.218947 0.406905 3.033391 1.000000 0.267406 0.119390 3.033942 1.000000 0.283802 -0.099789 3.003598 1.000000 0.282876 -0.203419 2.981567 1.000000 -0.043651 0.008325 2.973097 1.000000 -0.102393 -0.508661 3.102613 1.000000 -0.137931 -0.854892 3.096571 1.000000 -0.168759 -0.939721 3.047666 1.000000 0.108366 0.002991 2.981275 1.000000 0.101832 -0.509335 3.105242 1.000000 0.125540 -0.867786 3.097981 1.000000 0.139651 -0.952037 3.048468 1.000000
31251203567 0.035471 0.081242 2.983820 1.000000 0.035748 0.149798 3.023000 1.000000 0.053502 0.511239 3.009533 1.000000 0.052391 0.692928 2.955455 1.000000 -0.118343 0.407417 3.009247 1.000000 -0.186953 0.127420 2.991345 1.000000 -0.219257 -0.087425 2.936193 1.000000 -0.225308 -0.188722 2.916894 1.000000 0.218650 0.406564 3.033407 1.000000 0.270724 0.119838 3.039123 1.000000 0.297831 -0.098845 3.006063 1.000000 0.295750 -0.201567 2.979886 1.000000 -0.043754 0.008037 2.973145 1.000000 -0.101652 -0.507560 3.101789 1.000000 -0.137663 -0.858699 3.096296 1.000000 -0.169928 -0.939888 3.045143 1.000000 0.108347 0.002967 2.981269 1.000000 0.103472 -0.509814 3.104168 1.000000 0.125861 -0.868064 3.097748 1.000000 0.139786 -0.953323 3.049598 1.000000
31251237657 0.035512 0.081193 2.983852 1.000000 0.035759 0.149757 3.022997 1.000000 0.053477 0.510305 3.008686 1.000000 0.052474 0.693224 2.955702 1.000000 -0.118518 0.407257 3.008991 1.000000 -0.190247 0.126022 2.997515 1.000000 -0.236124 -0.089450 2.933761 1.000000 -0.240798 -0.185544 2.914414 1.000000 0.217866 0.406494 3.033421 1.000000 0.272946 0.122774 3.042856 1.000000 0.312269 -0.107570 3.000352 1.000000 0.318268 -0.197865 2.976128 1.000000 -0.043709 0.008029 2.973143 1.000000 -0.101487 -0.507398 3.101943 1.000000 -0.139131 -0.853828 3.104592 1.000000 -0.169963 -0.939460 3.044919 1.000000 0.108431 0.002924 2.981511 1.000000 0.104432 -0.509203 3.103813 1.000000 0.125356 -0.851792 3.103346 1.000000 0.139629 -0.951638 3.048179 1.000000
31251270573 0.035516 0.081196 2.983911 1.000000 0.035770 0.149741 3.023055 1.000000 0.053480 0.510243 3.008749 1.000000 0.052598 0.692819 2.956218 1.000000 -0.118662 0.407242 3.009058 1.000000 -0.196064 0.126006 2.999011 1.000000 -0.261561 -0.085518 2.931121 1.000000 -0.270345 -0.176838 2.908262 1.000000 0.217807 0.406384 3.033432 1.000000 0.276952 0.127654 3.045765 1.000000 0.345454 -0.094610 2.998745 1.000000 0.339805 -0.185676 2.976717 1.000000 -0.043721 0.008053 2.973144 1.000000 -0.101181 -0.506711 3.101690 1.000000 -0.138278 -0.851944 3.105155 1.000000 -0.170200 -0.939134 3.043604 1.000000 0.108483 0.002847 2.981735 1.000000 0.105748 -0.508972 3.103491 1.000000 0.125257 -0.860349 3.100893 1.000000 0.139655 -0.951606 3.047950 1.000000
31251304690 0.035458 0.081240 2.983987 1.000000 0.035736 0.149775 3.023066 1.000000 0.053428 0.510187 3.008602 1.000000 0.052608 0.693132 2.956063 1.000000 -0.118743 0.407231 3.009107 1.000000 -0.201982 0.129882 3.001624 1.000000 -0.276948 -0.070552 2.927870 1.000000 -0.293423 -0.163701 2.894983 1.000000 0.217805 0.406333 3.033440 1.000000 0.285508 0.128889 3.049592 1.000000 0.356971 -0.091009 2.998602 1.000000 0.370625 -0.166368 2.981942 1.000000 -0.043952 0.008217 2.973456 1.000000 -0.101156 -0.506573 3.101590 1.000000 -0.138527 -0.853695 3.103472 1.000000 -0.170507 -0.939654 3.044735 1.000000 0.108478 0.002846 2.981753 1.000000 0.107504 -0.508835 3.102359 1.000000 0.125804 -0.852123 3.102724 1.000000 0.139325 -0.949112 3.049570 1.000000
31251337618 0.035227 0.081410 2.984034 1.000000 0.035541 0.149968 3.022988 1.000000 0.053256 0.510454 3.008139 1.000000 0.052620 0.693146 2.956079 1.000000 -0.119128 0.407388 3.009201 1.000000 -0.212046 0.146764 3.006737 1.000000 -0.298017 -0.051312 2.915784 1.000000 -0.321356 -0.147642 2.877974 1.000000 0.217646 0.406296 3.033577 1.000000 0.295760 0.131161 3.051901 1.000000 0.387051 -0.076400 2.993664 1.000000 0.394674 -0.164835 2.969669 1.000000 -0.044349 0.008663 2.973481 1.000000 -0.101192 -0.506472 3.101610 1.000000 -0.138477 -0.854095 3.103887 1.000000 -0.169873 -0.936931 3.045219 1.000000 0.108272 0.002836 2.981904 1.000000 0.108400 -0.507533 3.101530 1.000000 0.126338 -0.853204 3.103147 1.000000 0.139531 -0.949458 3.051963 1.000000
31251370789 0.034960 0.081532 2.984272 1.000000 0.035400 0.150037 3.023056 1.000000 0.053412 0.510315 3.008144 1.000000 0.052876 0.692347 2.955712 1.000000 -0.119437 0.407207 3.009281 1.000000 -0.221631 0.155637 3.010286 1.000000 -0.325512 -0.025563 2.907777 1.000000 -0.350806 -0.119467 2.865216 1.000000 0.217602 0.406161 3.033696 1.000000 0.311322 0.134295 3.056820 1.000000 0.412612 -0.060779 2.985115 1.000000 0.436857 -0.150792 2.934329 1.000000 -0.044890 0.008898 2.973603 1.000000 -0.100965 -0.506496 3.101633 1.000000 -0.138454 -0.854821 3.103287 1.000000 -0.169868 -0.936747 3.045323 1.000000 0.107919 0.002775 2.982420 1.000000 0.109320 -0.508352 3.101278 1.000000 0.126030 -0.861182 3.099126 1.000000 0.138429 -0.953243 3.057129 1.000000
31251404423 0.034376 0.081833 2.984586 1.000000 0.034990 0.150236 3.023232 1.000000 0.053387 0.510239 3.008245 1.000000 0.051626 0.692904 2.952928 1.000000 -0.119637 0.407209 3.009494 1.000000 -0.228736 0.166385 3.014005 1.000000 -0.350859 -0.011261 2.888963 1.000000 -0.377441 -0.081970 2.846116 1.000000 0.217551 0.406018 3.033691 1.000000 0.319131 0.142174 3.057605 1.000000 0.444513 -0.025438 2.976372 1.000000 0.455322 -0.096985 2.924241 1.000000 -0.045855 0.009472 2.973870 1.000000 -0.101166 -0.506921 3.101466 1.000000 -0.136607 -0.860222 3.101992 1.000000 -0.170279 -0.938059 3.045912 1.000000 0.107414 0.002843 2.982746 1.000000 0.109554 -0.508397 3.101738 1.000000 0.124889 -0.865892 3.095925 1.000000 0.138111 -0.953364 3.051853 1.000000
31251437579 0.033529 0.082416 2.984864 1.000000 0.034314 0.150741 3.023341 1.000000 0.053275 0.510349 3.008243 1.000000 0.051850 0.693109 2.953134 1.000000 -0.120421 0.407339 3.009830 1.000000 -0.238692 0.177127 3.016967 1.000000 -0.378312 0.013212 2.877050 1.000000 -0.416016 -0.049835 2.832446 1.000000 0.217549 0.405599 3.033863 1.000000 0.338511 0.148182 3.065949 1.000000 0.462892 -0.012306 2.967704 1.000000 0.487630 -0.076873 2.919108 1.000000 -0.047564 0.010431 2.974332 1.000000 -0.100278 -0.505236 3.101548 1.000000 -0.136137 -0.854502 3.103840 1.000000 -0.170249 -0.936868 3.049267 1.000000 0.107046 0.002901 2.982880 1.000000 0.109672 -0.508334 3.101636 1.000000 0.124697 -0.867150 3.098011 1.000000 0.137969 -0.953128 3.052773 1.000000
31251470666 0.032522 0.083282 2.985256 1.000000 0.033494 0.151404 3.023599 1.000000 0.052684 0.510284 3.008454 1.000000 0.052862 0.689490 2.953463 1.000000 -0.122607 0.408095 3.011825 1.000000 -0.255692 0.185450 3.013648 1.000000 -0.399902 0.058655 2.877370 1.000000 -0.449219 -0.009903 2.830495 1.000000 0.218013 0.404523 3.034826 1.000000 0.353027 0.168926 3.077904 1.000000 0.493135 0.035139 2.960100 1.000000 0.533849 -0.047569 2.907440 1.000000 -0.049010 0.011309 2.974362 1.000000 -0.100099 -0.505129 3.102344 1.000000 -0.137165 -0.859556 3.099348 1.000000 -0.167473 -0.942159 3.049757 1.000000 0.106561 0.002914 2.983294 1.000000 0.110209 -0.507762 3.101924 1.000000 0.124635 -0.867869 3.098804 1.000000 0.138209 -0.953165 3.052616 1.000000
31251503779 0.031828 0.084150 2.985547 1.000000 0.033023 0.151948 3.023910 1.000000 0.052084 0.509922 3.009268 1.000000 0.052486 0.689305 2.953369 1.000000 -0.124822 0.408300 3.013781 1.000000 -0.257101 0.206524 3.020086 1.000000 -0.411593 0.106393 2.885167 1.000000 -0.473801 0.049888 2.820144 1.000000 0.218368 0.404298 3.035360 1.000000 0.364662 0.174691 3.075964 1.000000 0.511209 0.051666 2.953849 1.000000 0.566406 -0.001961 2.900810 1.000000 -0.050092 0.011864 2.974109 1.000000 -0.099927 -0.504772 3.101857 1.000000 -0.136230 -0.856506 3.100959 1.000000 -0.167812 -0.938439 3.048934 1.000000 0.106327 0.003078 2.983581 1.000000 0.111099 -0.508910 3.102621 1.000000 0.125091 -0.868666 3.099922 1.000000 0.138083 -0.953008 3.052620 1.000000
31251537381 0.030903 0.086578 2.986282 1.000000 0.032072 0.153778 3.024547 1.000000 0.051937 0.509955 3.009739 1.000000 0.053444 0.690108 2.951168 1.000000 -0.126389 0.408774 3.015011 1.000000 -0.270293 0.217658 3.020849 1.000000 -0.433035 0.133962 2.885269 1.000000 -0.505886 0.096904 2.817244 1.000000 0.219959 0.404233 3.038503 1.000000 0.376527 0.196796 3.068994 1.000000 0.547007 0.095846 2.959799 1.000000 0.594727 0.061218 2.912530 1.000000 -0.051570 0.013326 2.974405 1.000000 -0.099821 -0.505229 3.102308 1.000000 -0.135465 -0.858786 3.098540 1.000000 -0.169768 -0.940362 3.046145 1.000000 0.105990 0.004202 2.984142 1.000000 0.110880 -0.508681 3.102385 1.000000 0.125061 -0.869194 3.099667 1.000000 0.137770 -0.952232 3.051208 1.000000
31251570606 0.030342 0.087507 2.986720 1.000000 0.031515 0.154547 3.024805 1.000000 0.051200 0.509812 3.009785 1.000000 0.052834 0.689503 2.950481 1.000000 -0.127869 0.409413 3.016419 1.000000 -0.295131 0.235134 3.011952 1.000000 -0.471497 0.173717 2.882193 1.000000 -0.542191 0.146914 2.807286 1.000000 0.220443 0.404667 3.039570 1.000000 0.402436 0.219164 3.076556 1.000000 0.569446 0.129359 2.951524 1.000000 0.647420 0.089782 2.890856 1.000000 -0.052422 0.013990 2.974596 1.000000 -0.099673 -0.505855 3.102745 1.000000 -0.135801 -0.859348 3.097450 1.000000 -0.170829 -0.940068 3.044224 1.000000 0.105815 0.004568 2.984802 1.000000 0.110133 -0.508560 3.101772 1.000000 0.125192 -0.869417 3.100018 1.000000 0.137035 -0.952813 3.050537 1.000000
31251604621 0.029928 0.088535 2.986969 1.000000 0.030976 0.155477 3.024907 1.000000 0.050376 0.509997 3.009828 1.000000 0.052556 0.688939 2.949982 1.000000 -0.128781 0.410339 3.017393 1.000000 -0.308407 0.248221 3.008134 1.000000 -0.493015 0.224323 2.877435 1.000000 -0.561922 0.208198 2.797843 1.000000 0.220548 0.405264 3.040859 1.000000 0.410370 0.230082 3.073213 1.000000 0.596652 0.168505 2.960181 1.000000 0.635742 0.156982 2.920346 1.000000 -0.052925 0.015009 2.974769 1.000000 -0.099769 -0.504399 3.102254 1.000000 -0.136186 -0.859431 3.096206 1.000000 -0.168161 -0.943185 3.045548 1.000000 0.105656 0.005032 2.985114 1.000000 0.111313 -0.504390 3.100640 1.000000 0.125237 -0.869492 3.100599 1.000000 0.138563 -0.953495 3.050565 1.000000
31251637771 0.029682 0.089624 2.987410 1.000000 0.030497 0.156536 3.025338 1.000000 0.048820 0.510817 3.010653 1.000000 0.050621 0.688402 2.947682 1.000000 -0.130983 0.410567 3.018368 1.000000 -0.322433 0.270353 3.003557 1.000000 -0.510041 0.267313 2.875290 1.000000 -0.541992 0.275146 2.830503 1.000000 0.221002 0.405094 3.042314 1.000000 0.432169 0.264329 3.061481 1.000000 0.626923 0.217947 2.956803 1.000000 0.703860 0.200649 2.885189 1.000000 -0.053282 0.015629 2.974985 1.000000 -0.099818 -0.504638 3.102233 1.000000 -0.136527 -0.859894 3.097369 1.000000 -0.167856 -0.944834 3.045777 1.000000 0.105797 0.005380 2.985468 1.000000 0.111293 -0.504687 3.100413 1.000000 0.125617 -0.870141 3.100966 1.000000 0.138654 -0.952391 3.049088 1.000000
31251671528 0.029499 0.091722 2.987742 1.000000 0.030004 0.158359 3.025482 1.000000 0.048290 0.511271 3.010591 1.000000 0.050799 0.687957 2.947214 1.000000 -0.132738 0.411648 3.019548 1.000000 -0.327974 0.278412 3.003672 1.000000 -0.517565 0.315547 2.885070 1.000000 -0.578520 0.330285 2.837560 1.000000 0.224157 0.405665 3.045566 1.000000 0.442176 0.280640 3.058410 1.000000 0.644639 0.266589 2.960081 1.000000 0.679199 0.270752 2.924255 1.000000 -0.053839 0.016707 2.975183 1.000000 -0.080520 -0.509411 3.102022 1.000000 -0.136683 -0.859565 3.098175 1.000000 -0.167252 -0.941222 3.044984 1.000000 0.106096 0.006031 2.985794 1.000000 0.111332 -0.504407 3.100381 1.000000 0.125168 -0.870451 3.100814 1.000000 0.138661 -0.952427 3.048978 1.000000
31251704614 0.029526 0.093208 2.987992 1.000000 0.030004 0.159459 3.025609 1.000000 0.048125 0.511238 3.010685 1.000000 0.049567 0.682758 2.945689 1.000000 -0.133877 0.412323 3.020287 1.000000 -0.342736 0.310490 2.998847 1.000000 -0.537533 0.347321 2.890174 1.000000 -0.536133 0.372070 2.861756 1.000000 0.225640 0.405113 3.045864 1.000000 0.448124 0.292770 3.054309 1.000000 0.654670 0.319980 2.970269 1.000000 0.715278 0.324140 2.920356 1.000000 -0.054182 0.017451 2.974901 1.000000 -0.079223 -0.512159 3.104113 1.000000 -0.137871 -0.863115 3.099667 1.000000 -0.168466 -0.943006 3.046806 1.000000 0.106559 0.006720 2.986506 1.000000 0.111298 -0.504367 3.100446 1.000000 0.125165 -0.870550 3.100976 1.000000 0.138764 -0.952674 3.049322 1.000000
31251748605 0.029473 0.095134 2.988048 1.000000 0.029832 0.160902 3.025931 1.000000 0.046593 0.511542 3.012197 1.000000 0.049800 0.675542 2.947532 1.000000 -0.138974 0.412724 3.020784 1.000000 -0.365275 0.343317 2.994557 1.000000 -0.542868 0.429956 2.884602 1.000000 -0.548828 0.440918 2.853946 1.000000 0.227715 0.404485 3.045743 1.000000 0.477051 0.344482 3.060459 1.000000 0.677949 0.381490 2.965536 1.000000 0.748591 0.389147 2.931944 1.000000 -0.054898 0.018067 2.973594 1.000000 -0.089701 -0.506463 3.099012 1.000000 -0.137844 -0.863141 3.099743 1.000000 -0.168026 -0.943354 3.046807 1.000000 0.107396 0.007422 2.987185 1.000000 0.109619 -0.503507 3.097848 1.000000 0.126000 -0.869172 3.102271 1.000000 0.138758 -0.952673 3.049363 1.000000
31251781501 0.029179 0.099878 2.987479 1.000000 0.029568 0.164184 3.026266 1.000000 0.045796 0.511680 3.014201 1.000000 0.049281 0.674131 2.945584 1.000000 -0.143825 0.417550 3.022652 1.000000 -0.403809 0.379639 2.994055 1.000000 -0.543485 0.514115 2.876886 1.000000 -0.590911 0.552055 2.827089 1.000000 0.230172 0.405396 3.046086 1.000000 0.470143 0.360551 3.067670 1.000000 0.662740 0.437788 2.981348 1.000000 0.721139 0.468391 2.938672 1.000000 -0.056479 0.021722 2.971192 1.000000 -0.093083 -0.501644 3.098667 1.000000 -0.138015 -0.862922 3.099882 1.000000 -0.168726 -0.945339 3.053292 1.000000 0.108023 0.008847 2.986866 1.000000 0.107371 -0.493205 3.094234 1.000000 0.127187 -0.868826 3.103156 1.000000 0.138854 -0.952042 3.047825 1.000000
31251814497 0.030221 0.107767 2.986394 1.000000 0.029420 0.169338 3.025816 1.000000 0.044178 0.510518 3.014164 1.000000 0.045333 0.662874 2.938943 1.000000 -0.145996 0.418609 3.022470 1.000000 -0.409035 0.404203 2.989874 1.000000 -0.531177 0.555356 2.873554 1.000000 -0.568090 0.610889 2.790798 1.000000 0.235795 0.409988 3.050592 1.000000 0.478159 0.386825 3.068117 1.000000 0.660645 0.483090 2.978536 1.000000 0.683594 0.505371 2.953557 1.000000 -0.056669 0.026222 2.969314 1.000000 -0.102966 -0.420898 3.064799 1.000000 -0.126286 -0.843656 3.109684 1.000000 -0.166302 -0.936874 3.054222 1.000000 0.111650 0.014463 2.986084 1.000000 0.105835 -0.440186 3.070658 1.000000 0.126468 -0.865385 3.100039 1.000000 0.139528 -0.951684 3.046111 1.000000
31251847551 0.031568 0.111405 2.987019 1.000000 0.030340 0.172930 3.026515 1.000000 0.044261 0.510600 3.014159 1.000000 0.047041 0.664978 2.935788 1.000000 -0.149097 0.421144 3.021733 1.000000 -0.405335 0.426723 2.991382 1.000000 -0.523498 0.587052 2.884769 1.000000 -0.557955 0.663605 2.819649 1.000000 0.239287 0.419513 3.054485 1.000000 0.483672 0.413715 3.066787 1.000000 0.653064 0.528514 2.972823 1.000000 0.701609 0.582381 2.942679 1.000000 -0.055822 0.028864 2.969037 1.000000 -0.074646 -0.510254 3.103864 1.000000 -0.130656 -0.858449 3.103657 1.000000 -0.169331 -0.943083 3.049794 1.000000 0.113231 0.016657 2.987362 1.000000 0.108032 -0.496094 3.094098 1.000000 0.125996 -0.869350 3.099754 1.000000 0.139187 -0.952040 3.047073 1.000000
31251879458 0.031557 0.116415 2.987074 1.000000 0.030367 0.176846 3.026846 1.000000 0.044285 0.510464 3.014268 1.000000 0.047474 0.663924 2.936612 1.000000 -0.153675 0.425963 3.021056 1.000000 -0.396594 0.448494 2.990539 1.000000 -0.495117 0.651367 2.873480 1.000000 -0.517277 0.707084 2.822828 1.000000 0.239895 0.422305 3.054150 1.000000 0.484397 0.442951 3.064936 1.000000 0.638759 0.580155 2.976038 1.000000 0.670898 0.624023 2.941839 1.000000 -0.056452 0.032237 2.968157 1.000000 -0.090560 -0.501246 3.099061 1.000000 -0.132114 -0.858667 3.101302 1.000000 -0.170343 -0.941187 3.046886 1.000000 0.113741 0.020860 2.987735 1.000000 0.107485 -0.495570 3.094346 1.000000 0.125986 -0.869324 3.099819 1.000000 0.139493 -0.952405 3.049731 1.000000
31251921502 0.031469 0.117264 2.986916 1.000000 0.030301 0.177704 3.026926 1.000000 0.044057 0.510381 3.014251 1.000000 0.046911 0.661594 2.934417 1.000000 -0.155704 0.430414 3.021300 1.000000 -0.396141 0.477181 2.988764 1.000000 -0.477384 0.666467 2.884717 1.000000 -0.488076 0.728045 2.837295 1.000000 0.240032 0.424947 3.053444 1.000000 0.488659 0.474398 3.064485 1.000000 0.636292 0.619196 2.976366 1.000000 0.648214 0.660596 2.954802 1.000000 -0.056580 0.032552 2.967987 1.000000 -0.095149 -0.497345 3.097304 1.000000 -0.132567 -0.858595 3.101320 1.000000 -0.170341 -0.941127 3.046883 1.000000 0.113956 0.022345 2.987478 1.000000 0.107762 -0.494607 3.094311 1.000000 0.125780 -0.870385 3.099150 1.000000 0.139540 -0.952032 3.049159 1.000000
31251965602 0.031798 0.125706 2.986910 1.000000 0.030405 0.184213 3.027187 1.000000 0.043969 0.510323 3.014341 1.000000 0.046560 0.660312 2.933632 1.000000 -0.159570 0.435871 3.020780 1.000000 -0.391861 0.493303 2.994214 1.000000 -0.435547 0.696289 2.902776 1.000000 -0.438704 0.789533 2.852269 1.000000 0.245232 0.442230 3.055581 1.000000 0.485935 0.496925 3.065724 1.000000 0.596876 0.675058 2.986787 1.000000 0.620775 0.734806 2.941976 1.000000 -0.057193 0.037664 2.967652 1.000000 -0.095840 -0.496973 3.097391 1.000000 -0.134777 -0.861734 3.098321 1.000000 -0.170024 -0.942600 3.048000 1.000000 0.115457 0.029228 2.986792 1.000000 0.107526 -0.495101 3.094748 1.000000 0.126202 -0.869993 3.100593 1.000000 0.139632 -0.951609 3.049856 1.000000
31252013183 0.031730 0.126915 2.986978 1.000000 0.030227 0.185399 3.027454 1.000000 0.043914 0.510210 3.014432 1.000000 0.045260 0.658521 2.931513 1.000000 -0.160197 0.440291 3.017947 1.000000 -0.391602 0.552246 2.988198 1.000000 -0.414014 0.756056 2.895554 1.000000 -0.404012 0.852446 2.852302 1.000000 0.244830 0.445570 3.053816 1.000000 0.478255 0.510873 3.068282 1.000000 0.568689 0.699599 2.987576 1.000000 0.582143 0.767288 2.950297 1.000000 -0.057302 0.039858 2.967836 1.000000 -0.096983 -0.493508 3.095920 1.000000 -0.134801 -0.862170 3.096069 1.000000 -0.170356 -0.943590 3.048404 1.000000 0.115358 0.030388 2.986653 1.000000 0.107489 -0.494813 3.095045 1.000000 0.124802 -0.871021 3.100394 1.000000 0.139783 -0.951773 3.049605 1.000000
31252046660 0.031968 0.132021 2.986023 1.000000 0.030200 0.189604 3.026522 1.000000 0.043985 0.510027 3.013620 1.000000 0.044366 0.655437 2.930334 1.000000 -0.159800 0.443560 3.014251 1.000000 -0.384263 0.570671 2.983199 1.000000 -0.389426 0.779030 2.899981 1.000000 -0.364271 0.876728 2.866901 1.000000 0.244124 0.447582 3.052806 1.000000 0.465463 0.520469 3.073966 1.000000 0.535732 0.722040 2.988911 1.000000 0.538951 0.792975 2.955504 1.000000 -0.057041 0.044897 2.967047 1.000000 -0.100853 -0.460850 3.084626 1.000000 -0.139559 -0.861372 3.092535 1.000000 -0.168291 -0.939281 3.047902 1.000000 0.115416 0.037828 2.985744 1.000000 0.103394 -0.448975 3.072612 1.000000 0.124667 -0.871286 3.097209 1.000000 0.140613 -0.950924 3.049772 1.000000
31252080002 0.032009 0.134130 2.985623 1.000000 0.029906 0.192154 3.025688 1.000000 0.043013 0.510939 3.010787 1.000000 0.043610 0.671694 2.925558 1.000000 -0.158931 0.451820 3.011711 1.000000 -0.375147 0.587785 2.983878 1.000000 -0.371397 0.796982 2.903161 1.000000 -0.338920 0.865735 2.883811 1.000000 0.244964 0.449907 3.051976 1.000000 0.463138 0.561104 3.070586 1.000000 0.516875 0.755911 2.970803 1.000000 0.521311 0.826137 2.936092 1.000000 -0.056656 0.046887 2.967243 1.000000 -0.100569 -0.495132 3.099572 1.000000 -0.138747 -0.857481 3.096968 1.000000 -0.168237 -0.941581 3.050782 1.000000 0.115444 0.039517 2.985561 1.000000 0.104553 -0.502930 3.103861 1.000000 0.124619 -0.871589 3.097079 1.000000 0.140783 -0.951802 3.050933 1.000000
31252113214 0.032054 0.134823 2.985849 1.000000 0.030196 0.192738 3.025839 1.000000 0.045139 0.510055 3.011060 1.000000 0.042921 0.661899 2.924467 1.000000 -0.157490 0.453559 3.010458 1.000000 -0.368056 0.590298 2.984797 1.000000 -0.333561 0.801268 2.920243 1.000000 -0.281061 0.891251 2.899876 1.000000 0.245103 0.452980 3.050184 1.000000 0.461685 0.596669 3.065309 1.000000 0.482009 0.796835 2.963493 1.000000 0.456787 0.846191 2.945743 1.000000 -0.056633 0.049410 2.968224 1.000000 -0.100399 -0.487146 3.096496 1.000000 -0.138886 -0.859880 3.094583 1.000000 -0.168124 -0.942286 3.051645 1.000000 0.114972 0.039982 2.985519 1.000000 0.110662 -0.465267 3.085924 1.000000 0.124773 -0.871968 3.095939 1.000000 0.140137 -0.952597 3.052348 1.000000
31252163292 0.032136 0.139789 2.986212 1.000000 0.030233 0.196103 3.025714 1.000000 0.044808 0.508933 3.010233 1.000000 0.042057 0.657302 2.925243 1.000000 -0.156580 0.455710 3.009497 1.000000 -0.352193 0.633536 2.980547 1.000000 -0.289103 0.839803 2.924647 1.000000 -0.236144 0.896888 2.934367 1.000000 0.246482 0.459415 3.049811 1.000000 0.455566 0.645020 3.040925 1.000000 0.434768 0.855586 2.967916 1.000000 0.405744 0.946469 2.921336 1.000000 -0.056407 0.053357 2.968837 1.000000 -0.098877 -0.431641 3.076510 1.000000 -0.134639 -0.856661 3.093634 1.000000 -0.166753 -0.938963 3.049694 1.000000 0.114944 0.045568 2.986018 1.000000 0.110956 -0.466409 3.087562 1.000000 0.126320 -0.871876 3.093518 1.000000 0.139951 -0.952415 3.052219 1.000000
31252196583 0.032258 0.142150 2.986681 1.000000 0.030414 0.199161 3.025979 1.000000 0.045074 0.510994 3.010202 1.000000 0.041352 0.669250 2.928046 1.000000 -0.153849 0.459739 3.007806 1.000000 -0.327387 0.653889 2.974087 1.000000 -0.216519 0.841449 2.931142 1.000000 -0.164727 0.899615 2.940704 1.000000 0.249175 0.471219 3.049489 1.000000 0.449138 0.645776 3.044704 1.000000 0.377654 0.845329 2.973012 1.000000 0.323304 0.926399 2.931252 1.000000 -0.056112 0.055798 2.969472 1.000000 -0.099426 -0.492432 3.096036 1.000000 -0.136564 -0.861459 3.093640 1.000000 -0.166713 -0.939979 3.048913 1.000000 0.114709 0.048153 2.986472 1.000000 0.111162 -0.477270 3.090659 1.000000 0.125935 -0.872519 3.091535 1.000000 0.139987 -0.952759 3.052252 1.000000
31252246633 0.032288 0.149055 2.987594 1.000000 0.031055 0.205247 3.026443 1.000000 0.046564 0.512185 3.010178 1.000000 0.041021 0.672429 2.926455 1.000000 -0.151886 0.462784 3.005630 1.000000 -0.318826 0.648069 2.973390 1.000000 -0.201937 0.832486 2.934140 1.000000 -0.157623 0.896715 2.925530 1.000000 0.249851 0.477533 3.046429 1.000000 0.440885 0.650335 3.045606 1.000000 0.337763 0.827493 2.952864 1.000000 0.285762 0.910035 2.910862 1.000000 -0.055568 0.063288 2.973001 1.000000 -0.099685 -0.491884 3.095546 1.000000 -0.138830 -0.864477 3.088878 1.000000 -0.166913 -0.943753 3.051884 1.000000 0.112353 0.057093 2.984995 1.000000 0.110704 -0.482526 3.093927 1.000000 0.125894 -0.871905 3.092049 1.000000 0.139767 -0.952982 3.051912 1.000000
31252279992 0.032746 0.157618 2.988106 1.000000 0.031633 0.212205 3.026560 1.000000 0.046784 0.512546 3.010156 1.000000 0.040855 0.672797 2.926392 1.000000 -0.151159 0.463736 3.004694 1.000000 -0.314563 0.648613 2.974293 1.000000 -0.193469 0.829747 2.931572 1.000000 -0.163145 0.897141 2.904998 1.000000 0.249355 0.486061 3.045113 1.000000 0.425527 0.671731 3.037780 1.000000 0.299433 0.841382 2.964080 1.000000 0.247098 0.923567 2.921695 1.000000 -0.055874 0.070051 2.973707 1.000000 -0.099800 -0.492359 3.096057 1.000000 -0.136354 -0.854534 3.097384 1.000000 -0.168567 -0.943964 3.050868 1.000000 0.113637 0.067317 2.985027 1.000000 0.110678 -0.483016 3.093483 1.000000 0.125497 -0.872897 3.094812 1.000000 0.138625 -0.953950 3.058762 1.000000
31252313285 0.033589 0.162615 2.988301 1.000000 0.032569 0.216928 3.026321 1.000000 0.047672 0.513658 3.009797 1.000000 0.041121 0.672392 2.926913 1.000000 -0.149891 0.465169 3.004200 1.000000 -0.300846 0.659144 2.973261 1.000000 -0.174308 0.836730 2.932000 1.000000 -0.136257 0.897656 2.900194 1.000000 0.249975 0.488804 3.044664 1.000000 0.414955 0.677031 3.032400 1.000000 0.267346 0.829469 2.961691 1.000000 0.214995 0.911679 2.919293 1.000000 -0.055147 0.074365 2.974203 1.000000 -0.099597 -0.491781 3.095818 1.000000 -0.137135 -0.847635 3.103287 1.000000 -0.169334 -0.942264 3.050033 1.000000 0.114305 0.072732 2.985113 1.000000 0.110762 -0.482967 3.093498 1.000000 0.126803 -0.871405 3.099364 1.000000 0.140006 -0.952552 3.052109 1.000000
31252363379 0.034137 0.167405 2.987394 1.000000 0.032980 0.220200 3.025409 1.000000 0.047814 0.513375 3.009645 1.000000 0.043943 0.659095 2.928446 1.000000 -0.138853 0.483982 3.004194 1.000000 -0.284354 0.656303 2.969400 1.000000 -0.146714 0.826083 2.932719 1.000000 -0.097014 0.876608 2.898787 1.000000 0.249339 0.495609 3.042653 1.000000 0.408612 0.682471 3.029392 1.000000 0.254275 0.818669 2.939084 1.000000 0.201912 0.900897 2.896677 1.000000 -0.052704 0.083284 2.973249 1.000000 -0.099960 -0.468701 3.083193 1.000000 -0.135493 -0.839355 3.107582 1.000000 -0.165871 -0.938485 3.056571 1.000000 0.113820 0.078837 2.983442 1.000000 0.100247 -0.472721 3.087175 1.000000 0.126977 -0.870226 3.099378 1.000000 0.139752 -0.950781 3.049163 1.000000
31252396676 0.033450 0.174168 2.987779 1.000000 0.032210 0.225313 3.025075 1.000000 0.046782 0.512540 3.008635 1.000000 0.050242 0.656391 2.927120 1.000000 -0.138579 0.486735 3.003714 1.000000 -0.269885 0.680159 2.964398 1.000000 -0.121784 0.841442 2.932115 1.000000 -0.071566 0.891444 2.898131 1.000000 0.245687 0.495677 3.041160 1.000000 0.403974 0.684449 3.027380 1.000000 0.245985 0.818570 2.941003 1.000000 0.193612 0.900816 2.898587 1.000000 -0.053464 0.093799 2.971898 1.000000 -0.096313 -0.417725 3.064725 1.000000 -0.137803 -0.842935 3.085434 1.000000 -0.168292 -0.947980 3.050930 1.000000 0.113788 0.085660 2.986560 1.000000 0.103394 -0.418701 3.064725 1.000000 0.122813 -0.845495 3.085381 1.000000 0.138807 -0.950089 3.046815 1.000000
31252446717 0.033164 0.174172 2.987653 1.000000 0.031708 0.225999 3.024617 1.000000 0.043045 0.519332 3.008410 1.000000 0.052054 0.656806 2.926274 1.000000 -0.137894 0.487145 3.003238 1.000000 -0.268825 0.681078 2.964780 1.000000 -0.116295 0.837521 2.927949 1.000000 -0.062279 0.892314 2.911814 1.000000 0.241319 0.496874 3.039363 1.000000 0.397467 0.690079 3.023013 1.000000 0.233794 0.818601 2.939205 1.000000 0.181405 0.900870 2.896777 1.000000 -0.053206 0.093936 2.971830 1.000000 -0.077087 -0.499512 3.103780 1.000000 -0.138625 -0.866800 3.089102 1.000000 -0.170552 -0.946113 3.047245 1.000000 0.112569 0.086130 2.986348 1.000000 0.112793 -0.488281 3.094014 1.000000 0.124061 -0.868479 3.090728 1.000000 0.138689 -0.950464 3.047219 1.000000
31252496844 0.033117 0.174207 2.987729 1.000000 0.031624 0.226387 3.024548 1.000000 0.042390 0.520367 3.008657 1.000000 0.045807 0.713867 2.954215 1.000000 -0.137745 0.487630 3.002603 1.000000 -0.267794 0.681994 2.965091 1.000000 -0.113838 0.836708 2.926440 1.000000 -0.054376 0.886247 2.912512 1.000000 0.240297 0.496388 3.037822 1.000000 0.395124 0.693498 3.018255 1.000000 0.225259 0.815774 2.938154 1.000000 0.172856 0.898066 2.895714 1.000000 -0.052793 0.093865 2.972491 1.000000 -0.085944 -0.495453 3.101138 1.000000 -0.138647 -0.857698 3.094810 1.000000 -0.170729 -0.944082 3.046305 1.000000 0.112457 0.086345 2.986308 1.000000 0.112387 -0.488370 3.094004 1.000000 0.123622 -0.870996 3.093728 1.000000 0.138706 -0.951060 3.048414 1.000000
31252519039 0.033154 0.174357 2.987612 1.000000 0.031675 0.226578 3.024209 1.000000 0.042585 0.519171 3.008547 1.000000 0.023941 0.651611 2.934656 1.000000 -0.137482 0.487646 3.002152 1.000000 -0.266858 0.681665 2.965303 1.000000 -0.112616 0.833831 2.915655 1.000000 -0.050318 0.880983 2.906554 1.000000 0.238261 0.497495 3.037278 1.000000 0.391100 0.691830 3.016814 1.000000 0.211347 0.800836 2.939771 1.000000 0.158930 0.883150 2.897320 1.000000 -0.052758 0.093952 2.972416 1.000000 -0.093650 -0.482829 3.091003 1.000000 -0.138254 -0.863057 3.094405 1.000000 -0.170314 -0.944155 3.046528 1.000000 0.112791 0.087394 2.985904 1.000000 0.112097 -0.488192 3.093817 1.000000 0.124988 -0.869228 3.100169 1.000000 0.138645 -0.951244 3.047752 1.000000
31252546788 0.032985 0.174844 2.987549 1.000000 0.031358 0.227122 3.023794 1.000000 0.041838 0.517608 3.007670 1.000000 0.024531 0.651273 2.933964 1.000000 -0.137637 0.487027 3.001293 1.000000 -0.265785 0.680838 2.964865 1.000000 -0.112961 0.834247 2.914632 1.000000 -0.051730 0.882102 2.902339 1.000000 0.237928 0.497743 3.037704 1.000000 0.387380 0.691701 3.014016 1.000000 0.202854 0.796281 2.943624 1.000000 0.150422 0.878618 2.901161 1.000000 -0.052511 0.094422 2.972276 1.000000 -0.096731 -0.474298 3.087113 1.000000 -0.138223 -0.864289 3.094905 1.000000 -0.168539 -0.940389 3.046013 1.000000 0.112461 0.087807 2.986084 1.000000 0.111286 -0.477572 3.092071 1.000000 0.124649 -0.872861 3.089726 1.000000 0.139009 -0.952262 3.051105 1.000000
31252582997 0.032571 0.174896 2.986994 1.000000 0.031022 0.229616 3.021152 1.000000 0.045751 0.532549 2.995686 1.000000 0.044617 0.715820 2.947330 1.000000 -0.137824 0.486758 3.001010 1.000000 -0.264439 0.682732 2.963455 1.000000 -0.111613 0.835606 2.911262 1.000000 -0.048780 0.881974 2.901751 1.000000 0.238086 0.497746 3.037680 1.000000 0.386181 0.691467 3.012844 1.000000 0.201408 0.796626 2.944465 1.000000 0.148986 0.878949 2.902009 1.000000 -0.052646 0.094238 2.972421 1.000000 -0.099055 -0.491186 3.097637 1.000000 -0.138475 -0.865013 3.094983 1.000000 -0.169107 -0.940994 3.041485 1.000000 0.111101 0.087761 2.985489 1.000000 0.111107 -0.482173 3.093897 1.000000 0.124717 -0.872915 3.090034 1.000000 0.138889 -0.952440 3.048992 1.000000
31252630202 0.029804 0.175706 2.986725 1.000000 0.026443 0.232119 3.019670 1.000000 0.024616 0.543849 2.998153 1.000000 0.030673 0.760707 2.967072 1.000000 -0.137990 0.487201 3.000717 1.000000 -0.264241 0.683713 2.962724 1.000000 -0.109498 0.832879 2.904408 1.000000 -0.042039 0.868626 2.885495 1.000000 0.237582 0.498171 3.037116 1.000000 0.385820 0.691384 3.011762 1.000000 0.201974 0.797344 2.941966 1.000000 0.149560 0.879653 2.899518 1.000000 -0.053178 0.094506 2.972569 1.000000 -0.099272 -0.491513 3.097653 1.000000 -0.138859 -0.865756 3.095630 1.000000 -0.167937 -0.942368 3.043653 1.000000 0.109376 0.088495 2.985576 1.000000 0.108457 -0.487595 3.097596 1.000000 0.124547 -0.872861 3.090134 1.000000 0.138629 -0.952261 3.048964 1.000000
31252663583 0.029962 0.176722 2.986416 1.000000 0.027035 0.233381 3.018264 1.000000 0.028551 0.541118 2.996953 1.000000 0.039491 0.759421 2.970833 1.000000 -0.137944 0.487546 3.000834 1.000000 -0.263424 0.684444 2.961211 1.000000 -0.107581 0.832003 2.901605 1.000000 -0.040954 0.864955 2.875936 1.000000 0.239784 0.506778 3.036373 1.000000 0.385828 0.691462 3.011643 1.000000 0.202605 0.797157 2.939533 1.000000 0.150202 0.879449 2.897093 1.000000 -0.053218 0.094654 2.972540 1.000000 -0.099126 -0.490712 3.097420 1.000000 -0.138320 -0.867848 3.096446 1.000000 -0.167756 -0.944765 3.045949 1.000000 0.109923 0.089802 2.985639 1.000000 0.105489 -0.489998 3.098772 1.000000 0.124463 -0.873017 3.089716 1.000000 0.139352 -0.954141 3.050164 1.000000
31252696936 0.032630 0.178842 2.983179 1.000000 0.033880 0.241808 3.007487 1.000000 0.072266 0.558105 2.957232 1.000000 0.041083 0.776762 2.964893 1.000000 -0.137703 0.486587 2.999167 1.000000 -0.263391 0.684872 2.960323 1.000000 -0.106067 0.829390 2.896518 1.000000 -0.040154 0.863922 2.871133 1.000000 0.239462 0.508631 3.035776 1.000000 0.385568 0.691380 3.011475 1.000000 0.200709 0.792076 2.935966 1.000000 0.148317 0.874352 2.893534 1.000000 -0.053292 0.095123 2.972383 1.000000 -0.074424 -0.497447 3.103400 1.000000 -0.137610 -0.867755 3.097142 1.000000 -0.167991 -0.942163 3.040954 1.000000 0.111301 0.091783 2.985084 1.000000 0.106373 -0.491284 3.099308 1.000000 0.124582 -0.874141 3.090003 1.000000 0.141161 -0.957116 3.053283 1.000000
31252730343 0.032630 0.179737 2.981629 1.000000 0.034837 0.242725 3.002306 1.000000 0.072343 0.557554 2.956403 1.000000 0.044643 0.773433 2.962644 1.000000 -0.140891 0.491024 2.998862 1.000000 -0.262734 0.685153 2.959071 1.000000 -0.101873 0.825925 2.896028 1.000000 -0.034806 0.856237 2.868413 1.000000 0.238719 0.509543 3.034639 1.000000 0.386050 0.691709 3.011264 1.000000 0.201579 0.792760 2.935336 1.000000 0.149195 0.875022 2.892911 1.000000 -0.053939 0.095748 2.972253 1.000000 -0.087611 -0.491539 3.100387 1.000000 -0.137342 -0.867555 3.096789 1.000000 -0.168616 -0.941367 3.039442 1.000000 0.110278 0.092377 2.984823 1.000000 0.106994 -0.491747 3.098507 1.000000 0.125917 -0.874414 3.094860 1.000000 0.141015 -0.957020 3.053358 1.000000
31252751400 0.031552 0.179770 2.981160 1.000000 0.033399 0.238345 3.003067 1.000000 0.042847 0.518066 2.996278 1.000000 0.034390 0.726009 2.965777 1.000000 -0.140881 0.481466 2.997719 1.000000 -0.266107 0.675706 2.958945 1.000000 -0.110938 0.823838 2.899442 1.000000 -0.044611 0.854711 2.870725 1.000000 0.236874 0.500813 3.028615 1.000000 0.386158 0.691315 3.011099 1.000000 0.204172 0.793221 2.929655 1.000000 0.151797 0.875468 2.887238 1.000000 -0.056264 0.096671 2.970307 1.000000 -0.098083 -0.427246 3.070497 1.000000 -0.136092 -0.852628 3.095816 1.000000 -0.168529 -0.941580 3.039721 1.000000 0.109483 0.092233 2.983513 1.000000 0.103943 -0.433838 3.076356 1.000000 0.129109 -0.846513 3.114872 1.000000 0.139581 -0.946477 3.058087 1.000000
31252797077 0.029539 0.177498 2.981982 1.000000 0.029784 0.233267 3.007322 1.000000 0.039516 0.516993 3.001992 1.000000 0.033571 0.722194 2.963750 1.000000 -0.139802 0.482415 2.997797 1.000000 -0.266193 0.675685 2.959031 1.000000 -0.109817 0.822532 2.899604 1.000000 -0.043059 0.852788 2.871262 1.000000 0.234710 0.485913 3.023592 1.000000 0.385781 0.690482 3.010592 1.000000 0.203332 0.790755 2.928048 1.000000 0.150965 0.872990 2.885637 1.000000 -0.056514 0.096273 2.970200 1.000000 -0.101476 -0.453453 3.082383 1.000000 -0.138565 -0.866903 3.093549 1.000000 -0.169007 -0.941402 3.040791 1.000000 0.107408 0.090255 2.982703 1.000000 0.106963 -0.447205 3.078403 1.000000 0.124639 -0.862955 3.098994 1.000000 0.140012 -0.955594 3.053282 1.000000
31252830387 0.031959 0.179449 2.981304 1.000000 0.030760 0.233992 3.007719 1.000000 0.037935 0.517205 3.000843 1.000000 0.033352 0.720563 2.961425 1.000000 -0.139404 0.482348 2.997638 1.000000 -0.266845 0.675036 2.958989 1.000000 -0.110748 0.822442 2.900525 1.000000 -0.040779 0.854746 2.885217 1.000000 0.234030 0.487146 3.023246 1.000000 0.385094 0.687637 3.009341 1.000000 0.201859 0.788745 2.930244 1.000000 0.149500 0.870969 2.887840 1.000000 -0.051743 0.099000 2.967704 1.000000 -0.098141 -0.412602 3.065661 1.000000 -0.134666 -0.838180 3.091649 1.000000 -0.167295 -0.937593 3.042798 1.000000 0.114617 0.094806 2.981892 1.000000 0.106674 -0.511366 3.105735 1.000000 0.115038 -0.829209 3.086586 1.000000 0.121211 -0.873125 2.996499 1.000000
31252863717 0.031482 0.180388 2.980842 1.000000 0.030597 0.234316 3.008243 1.000000 0.038157 0.517322 3.001108 1.000000 0.033070 0.722068 2.961832 1.000000 -0.139643 0.486197 2.998330 1.000000 -0.267671 0.672265 2.959404 1.000000 -0.113134 0.821252 2.900913 1.000000 -0.043299 0.853682 2.885334 1.000000 0.234241 0.487464 3.022867 1.000000 0.385833 0.686191 3.009019 1.000000 0.204205 0.789547 2.929072 1.000000 0.151854 0.871756 2.886675 1.000000 -0.052623 0.099726 2.966956 1.000000 -0.100830 -0.461426 3.080222 1.000000 -0.129791 -0.807373 3.120887 1.000000 -0.157718 -0.905366 3.066389 1.000000 0.113335 0.095808 2.980096 1.000000 0.093569 -0.483045 3.087498 1.000000 0.125297 -0.865936 3.099247 1.000000 0.137917 -0.955790 3.047618 1.000000
31252897184 0.030700 0.179414 2.980063 1.000000 0.030392 0.235158 3.007426 1.000000 0.043971 0.535794 2.991470 1.000000 0.035676 0.753066 2.960589 1.000000 -0.139650 0.486181 2.998315 1.000000 -0.270652 0.672770 2.959242 1.000000 -0.112143 0.817555 2.901001 1.000000 -0.042513 0.850229 2.885072 1.000000 0.232811 0.486828 3.022634 1.000000 0.385356 0.686089 3.007862 1.000000 0.206142 0.792706 2.926633 1.000000 0.153800 0.874902 2.884242 1.000000 -0.054227 0.099080 2.966884 1.000000 -0.101944 -0.477907 3.088524 1.000000 -0.137817 -0.868164 3.091582 1.000000 -0.168330 -0.943224 3.045438 1.000000 0.111751 0.094222 2.979136 1.000000 0.103102 -0.489192 3.092627 1.000000 0.124483 -0.868321 3.099717 1.000000 0.138362 -0.954603 3.045752 1.000000
31252930324 0.035617 0.180355 2.980647 1.000000 0.033088 0.234605 3.008120 1.000000 0.036558 0.520139 2.996654 1.000000 0.030274 0.736151 2.961582 1.000000 -0.141856 0.482042 2.997029 1.000000 -0.269976 0.671484 2.959836 1.000000 -0.113379 0.818625 2.902677 1.000000 -0.044143 0.854895 2.895035 1.000000 0.231257 0.487811 3.022412 1.000000 0.386014 0.686146 3.007300 1.000000 0.206031 0.792154 2.927246 1.000000 0.153697 0.874338 2.884862 1.000000 -0.050163 0.097862 2.966615 1.000000 -0.099581 -0.350545 3.041834 1.000000 -0.119690 -0.690430 3.124770 1.000000 -0.141022 -0.798665 3.090383 1.000000 0.128567 0.099237 2.980790 1.000000 0.100661 -0.489152 3.093325 1.000000 0.124935 -0.861496 3.088546 1.000000 0.137772 -0.938977 3.054981 1.000000
31252963620 0.033109 0.178899 2.980181 1.000000 0.032151 0.234279 3.007965 1.000000 0.037849 0.524590 2.995909 1.000000 0.024075 0.744714 2.975125 1.000000 -0.142309 0.485235 2.999587 1.000000 -0.269372 0.672045 2.960535 1.000000 -0.112330 0.818379 2.902433 1.000000 -0.041857 0.852567 2.896943 1.000000 0.230098 0.490451 3.022677 1.000000 0.385871 0.686134 3.006658 1.000000 0.205814 0.792735 2.927857 1.000000 0.153489 0.874905 2.885480 1.000000 -0.051249 0.097404 2.966644 1.000000 -0.102295 -0.491943 3.095802 1.000000 -0.136963 -0.845215 3.101328 1.000000 -0.169245 -0.940812 3.045000 1.000000 0.111544 0.092161 2.978760 1.000000 0.103162 -0.486932 3.092430 1.000000 0.125135 -0.862838 3.090470 1.000000 0.138151 -0.941725 3.052688 1.000000
31252997011 0.031289 0.177419 2.979023 1.000000 0.031308 0.234255 3.006678 1.000000 0.041737 0.532104 2.990822 1.000000 0.033262 0.755747 2.983220 1.000000 -0.142055 0.485191 2.999617 1.000000 -0.269288 0.672526 2.960349 1.000000 -0.110986 0.817584 2.902689 1.000000 -0.040735 0.852265 2.897655 1.000000 0.229616 0.492340 3.022841 1.000000 0.385610 0.686125 3.006399 1.000000 0.206814 0.793197 2.925074 1.000000 0.154497 0.875353 2.882705 1.000000 -0.052499 0.096669 2.966189 1.000000 -0.102103 -0.490793 3.094261 1.000000 -0.137448 -0.850683 3.097796 1.000000 -0.168158 -0.942692 3.042819 1.000000 0.108107 0.090631 2.978040 1.000000 0.104080 -0.486225 3.091687 1.000000 0.127129 -0.853871 3.097584 1.000000 0.138002 -0.941697 3.052320 1.000000
31253030356 0.029793 0.176524 2.978705 1.000000 0.029807 0.232483 3.007124 1.000000 0.038191 0.526178 2.997430 1.000000 0.028857 0.749756 2.989124 1.000000 -0.142450 0.485960 2.999411 1.000000 -0.269476 0.671942 2.960889 1.000000 -0.111217 0.816835 2.902699 1.000000 -0.041295 0.852140 2.897616 1.000000 0.228898 0.492965 3.021563 1.000000 0.386517 0.685771 3.006285 1.000000 0.207629 0.792903 2.925402 1.000000 0.155321 0.875045 2.883039 1.000000 -0.054051 0.096042 2.965364 1.000000 -0.101928 -0.488646 3.092257 1.000000 -0.139208 -0.860483 3.091982 1.000000 -0.168734 -0.945497 3.048266 1.000000 0.107048 0.089785 2.977084 1.000000 0.105354 -0.482442 3.087847 1.000000 0.125511 -0.860803 3.101442 1.000000 0.137557 -0.943771 3.052758 1.000000
31253063724 0.029237 0.177797 2.977891 1.000000 0.029397 0.232919 3.006900 1.000000 0.036635 0.522891 2.996537 1.000000 0.030794 0.738715 2.959831 1.000000 -0.142990 0.486768 2.998920 1.000000 -0.269942 0.669434 2.961740 1.000000 -0.113421 0.815978 2.902970 1.000000 -0.042527 0.849210 2.897585 1.000000 0.221805 0.494863 3.019250 1.000000 0.388749 0.686576 3.006556 1.000000 0.208822 0.794669 2.930199 1.000000 0.156522 0.876798 2.887843 1.000000 -0.054645 0.098636 2.964147 1.000000 -0.098267 -0.409424 3.064520 1.000000 -0.128605 -0.835876 3.088689 1.000000 -0.164569 -0.939851 3.053430 1.000000 0.107050 0.092211 2.975906 1.000000 0.112836 -0.434199 3.078215 1.000000 0.124042 -0.862609 3.092619 1.000000 0.138603 -0.951323 3.055807 1.000000
31253097053 0.028826 0.177200 2.976812 1.000000 0.029670 0.235080 3.003160 1.000000 0.056297 0.545789 2.974203 1.000000 0.041166 0.756414 2.962615 1.000000 -0.143014 0.486500 2.998854 1.000000 -0.270149 0.670679 2.961880 1.000000 -0.111523 0.815125 2.903833 1.000000 -0.040341 0.847783 2.898927 1.000000 0.222573 0.494801 3.019540 1.000000 0.389910 0.688686 3.004908 1.000000 0.202579 0.785559 2.932063 1.000000 0.150288 0.867675 2.889714 1.000000 -0.055953 0.097649 2.964153 1.000000 -0.098999 -0.489258 3.097717 1.000000 -0.134290 -0.875927 3.098505 1.000000 -0.168039 -0.943707 3.050829 1.000000 0.106030 0.091588 2.975367 1.000000 0.110840 -0.492432 3.093811 1.000000 0.124223 -0.868123 3.093282 1.000000 0.137489 -0.950017 3.054743 1.000000
31253130430 0.029496 0.177114 2.975794 1.000000 0.030817 0.235378 3.000652 1.000000 0.056469 0.546013 2.976305 1.000000 0.042796 0.757508 2.963419 1.000000 -0.142880 0.486368 2.998796 1.000000 -0.270356 0.671849 2.961687 1.000000 -0.109742 0.814214 2.904202 1.000000 -0.038578 0.846837 2.899001 1.000000 0.224003 0.494205 3.019886 1.000000 0.388049 0.689260 3.003809 1.000000 0.198820 0.781358 2.929513 1.000000 0.146537 0.863462 2.887170 1.000000 -0.056192 0.097305 2.963250 1.000000 -0.098246 -0.489054 3.095664 1.000000 -0.134390 -0.871936 3.098737 1.000000 -0.168366 -0.943773 3.050378 1.000000 0.107231 0.091515 2.974550 1.000000 0.110790 -0.492421 3.093887 1.000000 0.124167 -0.868520 3.093294 1.000000 0.138305 -0.950325 3.053214 1.000000
31253163037 0.029551 0.177301 2.975266 1.000000 0.031123 0.235764 2.998931 1.000000 0.056232 0.545661 2.977143 1.000000 0.042775 0.758269 2.963429 1.000000 -0.142748 0.486265 2.998743 1.000000 -0.270795 0.672452 2.961795 1.000000 -0.108675 0.813240 2.904894 1.000000 -0.037606 0.846077 2.899911 1.000000 0.224208 0.494801 3.019840 1.000000 0.386458 0.692435 3.003758 1.000000 0.200363 0.790550 2.929302 1.000000 0.148088 0.872642 2.886965 1.000000 -0.056386 0.097381 2.963074 1.000000 -0.098707 -0.487939 3.094130 1.000000 -0.135508 -0.853626 3.096727 1.000000 -0.169647 -0.944185 3.048814 1.000000 0.107294 0.091915 2.973949 1.000000 0.110785 -0.485157 3.088925 1.000000 0.124290 -0.868350 3.093670 1.000000 0.138330 -0.950334 3.053188 1.000000
31253185285 0.029970 0.177864 2.974768 1.000000 0.031507 0.236668 2.997719 1.000000 0.054787 0.547040 2.979399 1.000000 0.044033 0.759352 2.964200 1.000000 -0.142690 0.486142 2.998974 1.000000 -0.271384 0.673280 2.961627 1.000000 -0.107300 0.811887 2.905265 1.000000 -0.036288 0.844855 2.900581 1.000000 0.228472 0.504362 3.023374 1.000000 0.384923 0.692074 3.003377 1.000000 0.199150 0.790867 2.929162 1.000000 0.146884 0.872944 2.886833 1.000000 -0.056359 0.097388 2.962760 1.000000 -0.099442 -0.489597 3.094428 1.000000 -0.135966 -0.853513 3.096992 1.000000 -0.170121 -0.945640 3.049474 1.000000 0.108312 0.092661 2.973472 1.000000 0.110803 -0.485338 3.089134 1.000000 0.124133 -0.869167 3.093379 1.000000 0.138033 -0.951458 3.049896 1.000000
31253230463 0.029692 0.177850 2.974594 1.000000 0.031292 0.236887 2.996967 1.000000 0.053467 0.548362 2.980000 1.000000 0.046847 0.766141 2.968838 1.000000 -0.142455 0.486208 2.999047 1.000000 -0.271438 0.673690 2.961715 1.000000 -0.104808 0.809297 2.905772 1.000000 -0.034511 0.843716 2.900971 1.000000 0.229621 0.507325 3.023394 1.000000 0.384198 0.692052 3.003406 1.000000 0.195681 0.787773 2.932958 1.000000 0.143424 0.869835 2.890636 1.000000 -0.056417 0.097309 2.962750 1.000000 -0.099619 -0.488505 3.093681 1.000000 -0.135980 -0.853755 3.097415 1.000000 -0.168948 -0.941998 3.044206 1.000000 0.107249 0.092540 2.973324 1.000000 0.110617 -0.485386 3.089052 1.000000 0.124555 -0.869063 3.095367 1.000000 0.137783 -0.951344 3.049598 1.000000
31253263953 0.030082 0.178453 2.974048 1.000000 0.031989 0.237875 2.995753 1.000000 0.053803 0.548640 2.979850 1.000000 0.046409 0.766503 2.968784 1.000000 -0.142410 0.486124 2.999080 1.000000 -0.271416 0.673725 2.961737 1.000000 -0.104240 0.808941 2.906898 1.000000 -0.034427 0.844094 2.900771 1.000000 0.230135 0.508247 3.023393 1.000000 0.386366 0.692429 3.003445 1.000000 0.201992 0.790435 2.924212 1.000000 0.149745 0.872483 2.881898 1.000000 -0.056503 0.097402 2.962529 1.000000 -0.099610 -0.488452 3.093587 1.000000 -0.136250 -0.853330 3.097858 1.000000 -0.169894 -0.942445 3.044887 1.000000 0.107832 0.093133 2.973114 1.000000 0.110615 -0.485373 3.089013 1.000000 0.124565 -0.869066 3.095287 1.000000 0.138713 -0.951572 3.048377 1.000000
31253297169 0.028750 0.177426 2.973526 1.000000 0.030716 0.237046 2.994901 1.000000 0.049336 0.547043 2.980039 1.000000 0.044320 0.767901 2.969146 1.000000 -0.142805 0.486304 2.999163 1.000000 -0.271813 0.673977 2.962319 1.000000 -0.103821 0.808321 2.908091 1.000000 -0.033801 0.843158 2.902720 1.000000 0.227341 0.498177 3.020692 1.000000 0.386035 0.692425 3.003628 1.000000 0.200259 0.787683 2.924393 1.000000 0.148020 0.869718 2.882086 1.000000 -0.057300 0.096726 2.962570 1.000000 -0.099952 -0.488718 3.093410 1.000000 -0.137085 -0.856611 3.098760 1.000000 -0.168762 -0.943861 3.047941 1.000000 0.106358 0.091811 2.972413 1.000000 0.106838 -0.483283 3.088681 1.000000 0.124596 -0.868773 3.094573 1.000000 0.138738 -0.951144 3.043575 1.000000
31253330554 0.028855 0.177539 2.973429 1.000000 0.030784 0.237299 2.994489 1.000000 0.048904 0.547605 2.980081 1.000000 0.046710 0.768710 2.968755 1.000000 -0.142403 0.486069 2.999234 1.000000 -0.270889 0.674227 2.962352 1.000000 -0.102838 0.809290 2.911000 1.000000 -0.032497 0.843460 2.905756 1.000000 0.230826 0.504754 3.021749 1.000000 0.384464 0.692591 3.003619 1.000000 0.197386 0.785134 2.924315 1.000000 0.145157 0.867153 2.882016 1.000000 -0.057339 0.096616 2.962495 1.000000 -0.103238 -0.504681 3.098154 1.000000 -0.138481 -0.885515 3.096203 1.000000 -0.172272 -0.948270 3.044619 1.000000 0.107115 0.092177 2.972491 1.000000 0.102485 -0.485140 3.089641 1.000000 0.124045 -0.869845 3.093702 1.000000 0.139119 -0.952633 3.044511 1.000000
31253363845 0.028968 0.177678 2.973269 1.000000 0.030842 0.237387 2.994253 1.000000 0.048614 0.547508 2.980901 1.000000 0.046661 0.769059 2.968882 1.000000 -0.142199 0.485907 2.999135 1.000000 -0.271319 0.674833 2.962375 1.000000 -0.102383 0.808649 2.910755 1.000000 -0.031763 0.842106 2.904915 1.000000 0.230546 0.507377 3.022127 1.000000 0.383256 0.690460 3.001654 1.000000 0.195936 0.778855 2.917657 1.000000 0.143717 0.860859 2.875365 1.000000 -0.057333 0.096639 2.962339 1.000000 -0.102993 -0.499272 3.095228 1.000000 -0.140781 -0.879418 3.090080 1.000000 -0.171169 -0.951176 3.049149 1.000000 0.107545 0.092558 2.972185 1.000000 0.103079 -0.484573 3.089656 1.000000 0.124109 -0.869904 3.093976 1.000000 0.138847 -0.952793 3.045798 1.000000
31253397194 0.028820 0.177805 2.973011 1.000000 0.030646 0.237688 2.993775 1.000000 0.048381 0.548142 2.980605 1.000000 0.046756 0.770190 2.969258 1.000000 -0.142178 0.485742 2.999064 1.000000 -0.271890 0.675282 2.961884 1.000000 -0.101596 0.807341 2.910401 1.000000 -0.030999 0.840820 2.904611 1.000000 0.231262 0.509122 3.022771 1.000000 0.382832 0.690361 3.001840 1.000000 0.197884 0.784106 2.918612 1.000000 0.145674 0.866094 2.876329 1.000000 -0.057394 0.096613 2.962288 1.000000 -0.080904 -0.499594 3.095529 1.000000 -0.140994 -0.876981 3.090839 1.000000 -0.171005 -0.951175 3.050192 1.000000 0.107247 0.092594 2.971921 1.000000 0.104354 -0.483784 3.088974 1.000000 0.123658 -0.870675 3.089847 1.000000 0.139229 -0.952028 3.045362 1.000000
31253430508 0.028878 0.177927 2.972848 1.000000 0.030718 0.237925 2.993427 1.000000 0.048135 0.548495 2.980389 1.000000 0.046697 0.770415 2.969185 1.000000 -0.142117 0.485668 2.999007 1.000000 -0.272705 0.674795 2.962258 1.000000 -0.102114 0.806381 2.910676 1.000000 -0.031466 0.839713 2.904868 1.000000 0.230541 0.509993 3.022248 1.000000 0.385486 0.691829 3.002270 1.000000 0.203914 0.789439 2.915691 1.000000 0.151714 0.871412 2.873416 1.000000 -0.057367 0.096680 2.962143 1.000000 -0.079983 -0.501248 3.096807 1.000000 -0.139782 -0.873374 3.092126 1.000000 -0.170898 -0.950960 3.050064 1.000000 0.107380 0.092795 2.971917 1.000000 0.104526 -0.484837 3.089089 1.000000 0.123800 -0.871199 3.090599 1.000000 0.138552 -0.953003 3.052511 1.000000
31253463937 0.029034 0.178362 2.972558 1.000000 0.030738 0.238454 2.992988 1.000000 0.047447 0.548995 2.980126 1.000000 0.045846 0.771001 2.969810 1.000000 -0.141392 0.486883 2.998487 1.000000 -0.271825 0.674926 2.962295 1.000000 -0.102263 0.807756 2.910641 1.000000 -0.031509 0.840780 2.904570 1.000000 0.230837 0.510183 3.022337 1.000000 0.385870 0.693281 3.002156 1.000000 0.201863 0.786505 2.916047 1.000000 0.149673 0.868463 2.873779 1.000000 -0.057252 0.096994 2.961855 1.000000 -0.092115 -0.492610 3.091782 1.000000 -0.139747 -0.870454 3.094012 1.000000 -0.169781 -0.950659 3.049116 1.000000 0.107779 0.093173 2.971858 1.000000 0.104939 -0.486343 3.089564 1.000000 0.124525 -0.870436 3.094954 1.000000 0.138156 -0.952727 3.052496 1.000000
31253497249 0.028885 0.178108 2.972573 1.000000 0.030636 0.238156 2.993000 1.000000 0.047078 0.547941 2.980801 1.000000 0.038544 0.770343 2.970381 1.000000 -0.141656 0.486340 2.998200 1.000000 -0.272266 0.674962 2.962129 1.000000 -0.103252 0.808025 2.909089 1.000000 -0.032378 0.840844 2.903479 1.000000 0.229288 0.507483 3.021089 1.000000 0.385922 0.693284 3.002208 1.000000 0.201938 0.786417 2.916025 1.000000 0.149757 0.868361 2.873765 1.000000 -0.057320 0.096680 2.961803 1.000000 -0.095369 -0.490603 3.091770 1.000000 -0.139878 -0.867735 3.095865 1.000000 -0.169525 -0.950834 3.049730 1.000000 0.107452 0.092978 2.971980 1.000000 0.105731 -0.486248 3.089588 1.000000 0.124432 -0.870837 3.097932 1.000000 0.138157 -0.952545 3.052488 1.000000
31253530621 0.028655 0.178226 2.972347 1.000000 0.030361 0.238236 2.992773 1.000000 0.046437 0.547574 2.980745 1.000000 0.039338 0.771283 2.969881 1.000000 -0.141316 0.487204 2.998163 1.000000 -0.272960 0.674340 2.962183 1.000000 -0.103390 0.806780 2.909612 1.000000 -0.032496 0.839481 2.903783 1.000000 0.228958 0.506898 3.021120 1.000000 0.385892 0.691980 3.002764 1.000000 0.199489 0.780942 2.917621 1.000000 0.147317 0.862871 2.875368 1.000000 -0.057660 0.096994 2.961414 1.000000 -0.096139 -0.490835 3.091757 1.000000 -0.138855 -0.852027 3.097787 1.000000 -0.170475 -0.946725 3.047542 1.000000 0.107338 0.093089 2.971909 1.000000 0.105715 -0.485818 3.090041 1.000000 0.124462 -0.870265 3.095708 1.000000 0.138104 -0.953281 3.049610 1.000000
31253563920 0.028760 0.179994 2.971742 1.000000 0.030592 0.240212 2.991514 1.000000 0.048062 0.549049 2.977290 1.000000 0.039713 0.773917 2.970851 1.000000 -0.143811 0.491359 2.997488 1.000000 -0.274376 0.674250 2.961556 1.000000 -0.104074 0.806031 2.910162 1.000000 -0.033148 0.838635 2.904364 1.000000 0.229399 0.508072 3.021475 1.000000 0.385974 0.691823 3.002519 1.000000 0.198446 0.779601 2.918980 1.000000 0.146284 0.861515 2.876736 1.000000 -0.058258 0.098013 2.961204 1.000000 -0.096336 -0.491193 3.092168 1.000000 -0.137741 -0.860159 3.098387 1.000000 -0.171478 -0.945130 3.049031 1.000000 0.107579 0.093950 2.971983 1.000000 0.105074 -0.485707 3.090228 1.000000 0.124571 -0.870401 3.094363 1.000000 0.138187 -0.949812 3.041937 1.000000
31253597295 0.027807 0.178216 2.971373 1.000000 0.030120 0.239065 2.991188 1.000000 0.048193 0.549077 2.977815 1.000000 0.039727 0.773783 2.970311 1.000000 -0.143213 0.489259 2.998002 1.000000 -0.275650 0.673981 2.960245 1.000000 -0.105031 0.805853 2.910801 1.000000 -0.034081 0.838376 2.905010 1.000000 0.227008 0.501020 3.019925 1.000000 0.384986 0.689748 3.001433 1.000000 0.198191 0.780803 2.920240 1.000000 0.146038 0.862703 2.878003 1.000000 -0.058757 0.096842 2.960758 1.000000 -0.097536 -0.491437 3.092734 1.000000 -0.137680 -0.860792 3.098264 1.000000 -0.171140 -0.945545 3.049738 1.000000 0.105546 0.092568 2.971608 1.000000 0.103747 -0.486461 3.090489 1.000000 0.124665 -0.870308 3.094310 1.000000 0.138378 -0.949964 3.041356 1.000000
31253629935 0.027798 0.178151 2.971301 1.000000 0.030214 0.238962 2.990958 1.000000 0.050396 0.548393 2.977947 1.000000 0.039199 0.772959 2.970042 1.000000 -0.143631 0.487823 2.997993 1.000000 -0.276441 0.673771 2.960035 1.000000 -0.105636 0.805675 2.911786 1.000000 -0.034698 0.838188 2.905976 1.000000 0.227269 0.500981 3.019887 1.000000 0.383974 0.689699 3.000485 1.000000 0.202184 0.788539 2.916751 1.000000 0.150039 0.870425 2.874521 1.000000 -0.058929 0.096606 2.960690 1.000000 -0.097779 -0.491164 3.092812 1.000000 -0.137545 -0.853842 3.100911 1.000000 -0.171482 -0.942209 3.047752 1.000000 0.105240 0.092394 2.971445 1.000000 0.104788 -0.489320 3.091810 1.000000 0.124901 -0.870292 3.094075 1.000000 0.138544 -0.949978 3.041431 1.000000
31253652199 0.027291 0.178692 2.971147 1.000000 0.029703 0.239470 2.990699 1.000000 0.049670 0.548989 2.978010 1.000000 0.039486 0.773660 2.970073 1.000000 -0.147410 0.494206 2.997980 1.000000 -0.276833 0.673776 2.959906 1.000000 -0.105907 0.805187 2.910655 1.000000 -0.034999 0.837694 2.904656 1.000000 0.227196 0.500906 3.019960 1.000000 0.383346 0.688648 2.999232 1.000000 0.205712 0.794286 2.914884 1.000000 0.153578 0.876156 2.872661 1.000000 -0.059367 0.097055 2.960490 1.000000 -0.097791 -0.491186 3.092776 1.000000 -0.137928 -0.862043 3.091224 1.000000 -0.172630 -0.942757 3.046844 1.000000 0.104713 0.092553 2.971425 1.000000 0.105297 -0.489665 3.091796 1.000000 0.125270 -0.870189 3.094188 1.000000 0.138561 -0.949822 3.041238 1.000000
31253697312 0.027742 0.178665 2.971038 1.000000 0.030175 0.239616 2.990371 1.000000 0.050348 0.550542 2.977337 1.000000 0.041919 0.775229 2.968832 1.000000 -0.147736 0.490933 2.997967 1.000000 -0.277131 0.672931 2.959992 1.000000 -0.106749 0.804276 2.908238 1.000000 -0.035846 0.836736 2.902111 1.000000 0.227346 0.500489 3.020090 1.000000 0.383398 0.688501 2.999250 1.000000 0.198788 0.784958 2.919901 1.000000 0.146663 0.866814 2.877687 1.000000 -0.059336 0.096865 2.960286 1.000000 -0.098541 -0.490876 3.092631 1.000000 -0.138092 -0.863386 3.090932 1.000000 -0.175228 -0.953832 3.059079 1.000000 0.106302 0.092433 2.971987 1.000000 0.105954 -0.490115 3.092315 1.000000 0.125576 -0.870397 3.095231 1.000000 0.138654 -0.950400 3.041385 1.000000
31253730690 0.027879 0.178710 2.970802 1.000000 0.030587 0.240108 2.988923 1.000000 0.053447 0.551542 2.971177 1.000000 0.042868 0.775378 2.968994 1.000000 -0.147385 0.489785 2.997651 1.000000 -0.276268 0.675056 2.959262 1.000000 -0.104620 0.804830 2.907991 1.000000 -0.033726 0.837276 2.901853 1.000000 0.227252 0.500377 3.020157 1.000000 0.384295 0.689778 3.000054 1.000000 0.202187 0.789364 2.918555 1.000000 0.150071 0.871206 2.876347 1.000000 -0.059356 0.096898 2.960309 1.000000 -0.098643 -0.490869 3.092579 1.000000 -0.139124 -0.865329 3.089732 1.000000 -0.172626 -0.952931 3.056041 1.000000 0.106300 0.092460 2.971977 1.000000 0.106123 -0.490297 3.092264 1.000000 0.125561 -0.870625 3.095093 1.000000 0.139089 -0.951373 3.043262 1.000000
31253764027 0.028108 0.179419 2.970928 1.000000 0.030778 0.240761 2.988300 1.000000 0.053239 0.551870 2.971292 1.000000 0.043926 0.775459 2.968238 1.000000 -0.149186 0.492355 2.997225 1.000000 -0.276501 0.675030 2.958795 1.000000 -0.104816 0.804792 2.907862 1.000000 -0.033932 0.837223 2.901715 1.000000 0.227136 0.500436 3.020214 1.000000 0.384294 0.689623 3.000025 1.000000 0.205091 0.790797 2.913488 1.000000 0.152985 0.872624 2.871288 1.000000 -0.059466 0.097198 2.960314 1.000000 -0.098883 -0.491072 3.092499 1.000000 -0.139528 -0.861751 3.090188 1.000000 -0.171508 -0.952536 3.055050 1.000000 0.106928 0.093163 2.972751 1.000000 0.107437 -0.489939 3.091460 1.000000 0.125327 -0.871343 3.095119 1.000000 0.138922 -0.951976 3.044422 1.000000
31253797421 0.028128 0.179492 2.970948 1.000000 0.030794 0.240731 2.987951 1.000000 0.051971 0.551634 2.973250 1.000000 0.043915 0.775321 2.968343 1.000000 -0.149530 0.493027 2.997303 1.000000 -0.276730 0.674680 2.958336 1.000000 -0.105743 0.805631 2.908564 1.000000 -0.036724 0.841401 2.900274 1.000000 0.226835 0.500202 3.020307 1.000000 0.384316 0.689240 2.999799 1.000000 0.204748 0.790092 2.913822 1.000000 0.152651 0.871905 2.871630 1.000000 -0.059510 0.097241 2.960271 1.000000 -0.100892 -0.499491 3.095487 1.000000 -0.139617 -0.888934 3.094003 1.000000 -0.172716 -0.956752 3.045939 1.000000 0.107076 0.093264 2.972819 1.000000 0.107752 -0.490051 3.091642 1.000000 0.125121 -0.872404 3.096171 1.000000 0.138449 -0.952000 3.045246 1.000000
31253830746 0.028335 0.178970 2.971143 1.000000 0.030727 0.239730 2.988489 1.000000 0.047828 0.547670 2.978312 1.000000 0.044193 0.772545 2.968959 1.000000 -0.149237 0.490758 2.996575 1.000000 -0.277139 0.674700 2.957133 1.000000 -0.104756 0.804284 2.909286 1.000000 -0.036442 0.841152 2.900129 1.000000 0.226474 0.500150 3.020880 1.000000 0.384363 0.688907 2.999370 1.000000 0.204808 0.790428 2.914394 1.000000 0.152720 0.872226 2.872209 1.000000 -0.059276 0.096524 2.960038 1.000000 -0.101357 -0.495569 3.094954 1.000000 -0.135941 -0.854156 3.100060 1.000000 -0.172315 -0.950063 3.047214 1.000000 0.107799 0.092821 2.973107 1.000000 0.107345 -0.490716 3.092176 1.000000 0.125365 -0.872712 3.096473 1.000000 0.138233 -0.952594 3.046992 1.000000
31253864117 0.028348 0.178980 2.971131 1.000000 0.030751 0.239767 2.988540 1.000000 0.048167 0.548028 2.977866 1.000000 0.043590 0.773300 2.970188 1.000000 -0.150041 0.492633 2.996842 1.000000 -0.277383 0.674956 2.957090 1.000000 -0.104894 0.804444 2.909629 1.000000 -0.037259 0.842306 2.899646 1.000000 0.226469 0.500155 3.020881 1.000000 0.384621 0.688987 2.999235 1.000000 0.204413 0.791609 2.917644 1.000000 0.152334 0.873392 2.875467 1.000000 -0.059254 0.096361 2.960104 1.000000 -0.102247 -0.507141 3.101296 1.000000 -0.137044 -0.880785 3.099458 1.000000 -0.173336 -0.953280 3.045307 1.000000 0.107769 0.092882 2.973090 1.000000 0.107766 -0.490814 3.091925 1.000000 0.124958 -0.873052 3.096350 1.000000 0.138231 -0.952519 3.046970 1.000000
31253897447 0.029012 0.178628 2.970892 1.000000 0.031191 0.239618 2.988434 1.000000 0.048539 0.548997 2.977650 1.000000 0.046055 0.773782 2.967717 1.000000 -0.148702 0.488951 2.996589 1.000000 -0.277422 0.674908 2.957150 1.000000 -0.105007 0.804557 2.910133 1.000000 -0.037623 0.842760 2.899860 1.000000 0.226499 0.500122 3.020999 1.000000 0.385105 0.688874 2.998835 1.000000 0.204570 0.791598 2.918369 1.000000 0.152500 0.873369 2.876199 1.000000 -0.058418 0.095812 2.960012 1.000000 -0.101969 -0.501809 3.098639 1.000000 -0.135167 -0.855046 3.109461 1.000000 -0.171578 -0.945500 3.047759 1.000000 0.108420 0.092784 2.972718 1.000000 0.108189 -0.491131 3.091892 1.000000 0.124210 -0.874955 3.094194 1.000000 0.139103 -0.953378 3.046892 1.000000
31253930854 0.028844 0.178394 2.970766 1.000000 0.031080 0.239476 2.988537 1.000000 0.048642 0.549624 2.978262 1.000000 0.046747 0.773801 2.968150 1.000000 -0.148185 0.487505 2.996473 1.000000 -0.277140 0.675153 2.957104 1.000000 -0.104594 0.804687 2.910506 1.000000 -0.037379 0.843076 2.899920 1.000000 0.226502 0.500105 3.021101 1.000000 0.385053 0.688787 2.999006 1.000000 0.204599 0.791270 2.918053 1.000000 0.152537 0.873027 2.875890 1.000000 -0.058564 0.095594 2.959387 1.000000 -0.102370 -0.497754 3.097153 1.000000 -0.136909 -0.849802 3.108651 1.000000 -0.170930 -0.941971 3.048100 1.000000 0.107814 0.092347 2.972684 1.000000 0.108246 -0.491046 3.091876 1.000000 0.123436 -0.875454 3.095989 1.000000 0.139188 -0.953036 3.048040 1.000000
31253964123 0.029537 0.177815 2.970257 1.000000 0.032392 0.239538 2.986320 1.000000 0.057847 0.551597 2.966533 1.000000 0.047957 0.772157 2.967109 1.000000 -0.148152 0.486588 2.996117 1.000000 -0.277097 0.675485 2.957062 1.000000 -0.104276 0.804847 2.911411 1.000000 -0.037308 0.843535 2.900441 1.000000 0.226492 0.500095 3.021096 1.000000 0.385209 0.688855 2.999037 1.000000 0.195627 0.772228 2.916905 1.000000 0.143573 0.853972 2.874748 1.000000 -0.058608 0.094751 2.959281 1.000000 -0.100957 -0.500149 3.097695 1.000000 -0.135802 -0.886541 3.105586 1.000000 -0.172244 -0.951676 3.041414 1.000000 0.108242 0.092194 2.972882 1.000000 0.104285 -0.492162 3.092942 1.000000 0.123407 -0.875331 3.095949 1.000000 0.139803 -0.953168 3.047603 1.000000
31253997609 0.029132 0.177998 2.970828 1.000000 0.032123 0.239087 2.987261 1.000000 0.056629 0.548068 2.976490 1.000000 0.043107 0.772410 2.965584 1.000000 -0.149858 0.496055 2.998648 1.000000 -0.277208 0.674855 2.957011 1.000000 -0.104727 0.804836 2.912279 1.000000 -0.037888 0.843541 2.900696 1.000000 0.225907 0.499761 3.021637 1.000000 0.385579 0.688865 2.998913 1.000000 0.205605 0.789615 2.914397 1.000000 0.153560 0.871345 2.872247 1.000000 -0.058918 0.095177 2.959566 1.000000 -0.101418 -0.499049 3.097353 1.000000 -0.137180 -0.877976 3.101039 1.000000 -0.171723 -0.951905 3.042521 1.000000 0.106916 0.092144 2.973417 1.000000 0.105930 -0.492167 3.093056 1.000000 0.123537 -0.875285 3.096020 1.000000 0.138538 -0.952573 3.048080 1.000000
31254030865 0.029259 0.177874 2.970986 1.000000 0.032230 0.238804 2.987641 1.000000 0.055978 0.547080 2.977505 1.000000 0.041872 0.771668 2.967100 1.000000 -0.149427 0.492174 2.998430 1.000000 -0.277555 0.674645 2.957379 1.000000 -0.105192 0.804661 2.912374 1.000000 -0.039499 0.845309 2.900985 1.000000 0.225887 0.499695 3.021705 1.000000 0.385012 0.688944 2.998218 1.000000 0.206407 0.792830 2.914870 1.000000 0.154371 0.874546 2.872727 1.000000 -0.058632 0.094924 2.959912 1.000000 -0.101481 -0.498226 3.096821 1.000000 -0.138263 -0.874560 3.095360 1.000000 -0.171725 -0.952036 3.042638 1.000000 0.106940 0.092131 2.973406 1.000000 0.105651 -0.492900 3.092255 1.000000 0.123364 -0.875527 3.096309 1.000000 0.139279 -0.953081 3.051119 1.000000
31254064237 0.030071 0.178153 2.971264 1.000000 0.033496 0.238528 2.988494 1.000000 0.061554 0.541641 2.980221 1.000000 0.042814 0.765828 2.969253 1.000000 -0.148809 0.490176 2.999127 1.000000 -0.278143 0.674085 2.958138 1.000000 -0.106505 0.804969 2.912990 1.000000 -0.041322 0.845831 2.899676 1.000000 0.225965 0.499900 3.022331 1.000000 0.385879 0.689280 2.998136 1.000000 0.206087 0.792994 2.917715 1.000000 0.154059 0.874697 2.875579 1.000000 -0.058556 0.095083 2.959918 1.000000 -0.101294 -0.494391 3.095324 1.000000 -0.139689 -0.860642 3.100671 1.000000 -0.169159 -0.951369 3.043543 1.000000 0.107452 0.092408 2.973528 1.000000 0.106498 -0.492642 3.092163 1.000000 0.123367 -0.875585 3.096121 1.000000 0.139151 -0.953855 3.050762 1.000000
31254097609 0.029954 0.177818 2.971156 1.000000 0.033357 0.238253 2.988770 1.000000 0.060607 0.542285 2.980228 1.000000 0.044294 0.767033 2.970596 1.000000 -0.148646 0.487767 2.998847 1.000000 -0.278400 0.673862 2.958173 1.000000 -0.107775 0.805852 2.912358 1.000000 -0.044749 0.847903 2.893564 1.000000 0.225970 0.499897 3.022345 1.000000 0.387327 0.687687 2.998439 1.000000 0.207952 0.792115 2.918104 1.000000 0.155933 0.873806 2.875974 1.000000 -0.058527 0.094883 2.959962 1.000000 -0.101200 -0.494462 3.095329 1.000000 -0.139518 -0.860757 3.101098 1.000000 -0.168561 -0.946947 3.039017 1.000000 0.106874 0.091812 2.972849 1.000000 0.106881 -0.492536 3.092111 1.000000 0.123007 -0.876867 3.095281 1.000000 0.139188 -0.953877 3.050748 1.000000
31254130972 0.029639 0.176668 2.971243 1.000000 0.032916 0.237406 2.989077 1.000000 0.057479 0.543479 2.979733 1.000000 0.050347 0.770245 2.977457 1.000000 -0.148329 0.485335 2.999060 1.000000 -0.279608 0.673384 2.958238 1.000000 -0.111379 0.808469 2.912830 1.000000 -0.046960 0.849487 2.896716 1.000000 0.226151 0.499934 3.022398 1.000000 0.388805 0.687312 2.998641 1.000000 0.209036 0.791185 2.918588 1.000000 0.157024 0.872863 2.876465 1.000000 -0.058475 0.094026 2.960521 1.000000 -0.077161 -0.499035 3.098207 1.000000 -0.139363 -0.861631 3.100167 1.000000 -0.166626 -0.946798 3.040708 1.000000 0.106453 0.090023 2.972440 1.000000 0.107509 -0.491892 3.092306 1.000000 0.123093 -0.876700 3.094574 1.000000 0.139208 -0.954176 3.051083 1.000000
31254164212 0.029348 0.176412 2.971652 1.000000 0.032124 0.236079 2.991236 1.000000 0.051720 0.538539 2.988448 1.000000 0.049916 0.764478 2.980818 1.000000 -0.148633 0.483498 2.999203 1.000000 -0.280308 0.672770 2.958013 1.000000 -0.114103 0.810640 2.914102 1.000000 -0.049026 0.850247 2.897169 1.000000 0.227344 0.499141 3.023267 1.000000 0.391776 0.688340 2.998388 1.000000 0.210444 0.789823 2.918972 1.000000 0.158438 0.871491 2.876854 1.000000 -0.058609 0.093735 2.960771 1.000000 -0.089250 -0.493989 3.095810 1.000000 -0.139311 -0.861992 3.099600 1.000000 -0.167933 -0.945121 3.039849 1.000000 0.106301 0.089653 2.972180 1.000000 0.107719 -0.492222 3.092241 1.000000 0.123042 -0.876529 3.094322 1.000000 0.139673 -0.954226 3.050524 1.000000
31254196908 0.029400 0.176359 2.971603 1.000000 0.032167 0.236189 2.991781 1.000000 0.054293 0.540942 2.985346 1.000000 0.049917 0.767381 2.979893 1.000000 -0.148789 0.483338 2.999105 1.000000 -0.281983 0.671698 2.958521 1.000000 -0.118395 0.812853 2.915660 1.000000 -0.052323 0.850925 2.899113 1.000000 0.229203 0.497244 3.023713 1.000000 0.393266 0.688364 2.998257 1.000000 0.211515 0.789147 2.919000 1.000000 0.159516 0.870804 2.876887 1.000000 -0.058683 0.093480 2.960610 1.000000 -0.092153 -0.492660 3.095234 1.000000 -0.139299 -0.853053 3.096895 1.000000 -0.167229 -0.939864 3.032776 1.000000 0.106347 0.089386 2.972213 1.000000 0.108128 -0.491674 3.092163 1.000000 0.123433 -0.875733 3.096774 1.000000 0.140245 -0.953924 3.050275 1.000000
31254233071 0.029196 0.175382 2.972224 1.000000 0.031699 0.234795 2.993256 1.000000 0.050850 0.538657 2.986730 1.000000 0.051133 0.766850 2.990315 1.000000 -0.149082 0.481033 2.999255 1.000000 -0.284906 0.670375 2.958036 1.000000 -0.121585 0.812791 2.920292 1.000000 -0.056905 0.851207 2.899594 1.000000 0.229585 0.493905 3.021971 1.000000 0.398872 0.681908 2.999624 1.000000 0.220814 0.788271 2.919136 1.000000 0.168820 0.869920 2.877027 1.000000 -0.058398 0.092493 2.961269 1.000000 -0.093629 -0.491465 3.094903 1.000000 -0.139228 -0.853669 3.096117 1.000000 -0.167952 -0.939802 3.033666 1.000000 0.106315 0.088199 2.972424 1.000000 0.108139 -0.490809 3.092087 1.000000 0.124201 -0.875676 3.094138 1.000000 0.140892 -0.956545 3.053008 1.000000
31254297665 0.029262 0.175303 2.972494 1.000000 0.031770 0.234380 2.994277 1.000000 0.050544 0.535974 2.987512 1.000000 0.022400 0.744873 2.972051 1.000000 -0.151187 0.482003 3.000253 1.000000 -0.295144 0.663487 2.961266 1.000000 -0.153684 0.828162 2.927540 1.000000 -0.086556 0.864855 2.912271 1.000000 0.229954 0.494391 3.021892 1.000000 0.403056 0.680804 2.998442 1.000000 0.226350 0.789184 2.917682 1.000000 0.167448 0.825311 2.895110 1.000000 -0.058332 0.092185 2.961397 1.000000 -0.096079 -0.493345 3.096619 1.000000 -0.140213 -0.865575 3.097628 1.000000 -0.167605 -0.944137 3.044621 1.000000 0.106493 0.087754 2.972705 1.000000 0.108046 -0.492424 3.093140 1.000000 0.124272 -0.875397 3.094414 1.000000 0.140470 -0.956179 3.053142 1.000000
31254331123 0.030283 0.173225 2.973548 1.000000 0.032679 0.232184 2.996203 1.000000 0.051086 0.534908 2.989229 1.000000 0.021707 0.744376 2.973214 1.000000 -0.153704 0.482775 3.000602 1.000000 -0.299895 0.661301 2.961660 1.000000 -0.155827 0.823958 2.930346 1.000000 -0.089928 0.863348 2.916565 1.000000 0.230460 0.493620 3.022079 1.000000 0.404485 0.679767 2.998291 1.000000 0.235636 0.802133 2.921501 1.000000 0.246465 0.856805 2.866930 1.000000 -0.056803 0.088662 2.961352 1.000000 -0.097151 -0.493236 3.097395 1.000000 -0.139886 -0.865863 3.097594 1.000000 -0.167500 -0.944523 3.045027 1.000000 0.107790 0.083920 2.974135 1.000000 0.108223 -0.492275 3.093324 1.000000 0.124310 -0.875385 3.094442 1.000000 0.140090 -0.955910 3.052853 1.000000
31254364370 0.030366 0.172961 2.973655 1.000000 0.032672 0.231806 2.996938 1.000000 0.051075 0.534641 2.989457 1.000000 0.022492 0.746658 2.977404 1.000000 -0.155085 0.483128 3.000463 1.000000 -0.305568 0.647035 2.964296 1.000000 -0.167776 0.814864 2.931767 1.000000 -0.109451 0.865670 2.921831 1.000000 0.232137 0.493254 3.022669 1.000000 0.406320 0.675961 2.996930 1.000000 0.241084 0.803674 2.921281 1.000000 0.246841 0.856281 2.863999 1.000000 -0.057420 0.087410 2.961479 1.000000 -0.097363 -0.493340 3.097541 1.000000 -0.140011 -0.865902 3.098212 1.000000 -0.167267 -0.945503 3.046955 1.000000 0.108697 0.083037 2.973933 1.000000 0.108096 -0.492568 3.093747 1.000000 0.124247 -0.875455 3.094478 1.000000 0.137846 -0.955426 3.050093 1.000000
31254397669 0.030377 0.172884 2.973827 1.000000 0.032343 0.231100 2.998530 1.000000 0.046000 0.533118 2.995047 1.000000 0.055374 0.693359 2.940789 1.000000 -0.157335 0.483186 3.000734 1.000000 -0.311332 0.637138 2.965204 1.000000 -0.187312 0.816371 2.949129 1.000000 -0.129964 0.867166 2.934499 1.000000 0.233920 0.492475 3.023594 1.000000 0.410579 0.671614 2.997859 1.000000 0.251148 0.807283 2.924066 1.000000 0.177338 0.882682 2.925343 1.000000 -0.057492 0.086975 2.961235 1.000000 -0.097548 -0.493439 3.097531 1.000000 -0.140382 -0.860752 3.100510 1.000000 -0.167083 -0.945629 3.046517 1.000000 0.109801 0.082206 2.973854 1.000000 0.104840 -0.492534 3.093693 1.000000 0.124242 -0.875189 3.095402 1.000000 0.137615 -0.955146 3.050114 1.000000
31254430423 0.031277 0.171618 2.974332 1.000000 0.032922 0.229429 3.000162 1.000000 0.046416 0.530526 2.995693 1.000000 0.052295 0.687347 2.940780 1.000000 -0.158810 0.475870 2.999606 1.000000 -0.314619 0.633082 2.965029 1.000000 -0.196020 0.815928 2.952274 1.000000 -0.140507 0.869036 2.938827 1.000000 0.236940 0.491188 3.024515 1.000000 0.419776 0.660072 2.998795 1.000000 0.266431 0.802934 2.925968 1.000000 0.196137 0.881171 2.934472 1.000000 -0.056923 0.084159 2.960871 1.000000 -0.097805 -0.493316 3.097134 1.000000 -0.139826 -0.860543 3.101492 1.000000 -0.166133 -0.945135 3.048627 1.000000 0.112360 0.079851 2.974403 1.000000 0.105906 -0.492709 3.094278 1.000000 0.124623 -0.873846 3.096979 1.000000 0.138029 -0.954618 3.049909 1.000000
31254452541 0.033375 0.168134 2.974749 1.000000 0.034416 0.226529 3.001228 1.000000 0.047489 0.529823 2.995068 1.000000 0.051797 0.688204 2.939312 1.000000 -0.158754 0.473104 2.999652 1.000000 -0.325800 0.612952 2.969978 1.000000 -0.212715 0.799108 2.950921 1.000000 -0.191155 0.796035 2.946901 1.000000 0.242084 0.489921 3.027471 1.000000 0.429506 0.653197 2.998226 1.000000 0.272319 0.812599 2.927502 1.000000 0.202738 0.889971 2.940551 1.000000 -0.054615 0.078693 2.961305 1.000000 -0.097918 -0.493308 3.097048 1.000000 -0.139768 -0.860529 3.101753 1.000000 -0.166118 -0.945342 3.047863 1.000000 0.114931 0.075334 2.974508 1.000000 0.106013 -0.492970 3.094374 1.000000 0.124854 -0.873210 3.095691 1.000000 0.137995 -0.954726 3.049650 1.000000
31254497747 0.034263 0.165607 2.974563 1.000000 0.035432 0.223487 3.002226 1.000000 0.050599 0.526066 2.996572 1.000000 0.048464 0.690654 2.936710 1.000000 -0.159202 0.465649 2.998944 1.000000 -0.330652 0.605074 2.972680 1.000000 -0.221417 0.793382 2.951632 1.000000 -0.187064 0.804062 2.947143 1.000000 0.243104 0.488642 3.027760 1.000000 0.440416 0.620412 2.999350 1.000000 0.281365 0.821401 2.928707 1.000000 0.261142 0.896711 2.927756 1.000000 -0.055394 0.075051 2.961160 1.000000 -0.098374 -0.493910 3.098551 1.000000 -0.138431 -0.863614 3.100543 1.000000 -0.166919 -0.946056 3.045918 1.000000 0.116740 0.072963 2.972639 1.000000 0.106147 -0.492994 3.094323 1.000000 0.124927 -0.872870 3.095654 1.000000 0.137941 -0.955227 3.051177 1.000000
31254531076 0.033378 0.160502 2.973030 1.000000 0.034474 0.218449 3.002294 1.000000 0.050053 0.523309 2.997341 1.000000 0.040987 0.677483 2.935709 1.000000 -0.158287 0.458086 2.998504 1.000000 -0.340672 0.597419 2.973434 1.000000 -0.238564 0.789039 2.943307 1.000000 -0.168894 0.823843 2.947035 1.000000 0.241890 0.484917 3.027577 1.000000 0.442968 0.601975 3.001880 1.000000 0.377340 0.804820 2.944309 1.000000 0.316008 0.888880 2.926999 1.000000 -0.056994 0.071065 2.958642 1.000000 -0.098806 -0.483352 3.092172 1.000000 -0.136357 -0.866457 3.087786 1.000000 -0.167010 -0.946067 3.045846 1.000000 0.116358 0.069199 2.970609 1.000000 0.110412 -0.449390 3.080457 1.000000 0.124898 -0.873016 3.094859 1.000000 0.137571 -0.953721 3.050279 1.000000
31254564434 0.033888 0.155938 2.972310 1.000000 0.034790 0.214433 3.002689 1.000000 0.049750 0.522345 2.997130 1.000000 0.037683 0.671208 2.931853 1.000000 -0.158763 0.455705 2.999231 1.000000 -0.350260 0.587520 2.974856 1.000000 -0.248062 0.779472 2.950533 1.000000 -0.188586 0.829769 2.947322 1.000000 0.238713 0.481669 3.026235 1.000000 0.450261 0.577839 3.007236 1.000000 0.386403 0.781073 2.949080 1.000000 0.333445 0.868817 2.924159 1.000000 -0.055783 0.067193 2.957889 1.000000 -0.102905 -0.412842 3.066187 1.000000 -0.137646 -0.840569 3.082092 1.000000 -0.167777 -0.941337 3.041936 1.000000 0.116458 0.066266 2.969757 1.000000 0.109121 -0.453902 3.080273 1.000000 0.123667 -0.876290 3.086881 1.000000 0.137635 -0.954536 3.050033 1.000000
31254597086 0.033286 0.150051 2.971263 1.000000 0.034151 0.210241 3.003002 1.000000 0.049427 0.522574 2.997196 1.000000 0.037131 0.679224 2.931122 1.000000 -0.158681 0.452736 3.000908 1.000000 -0.363041 0.571216 2.979511 1.000000 -0.316226 0.783286 2.951136 1.000000 -0.248433 0.863917 2.946215 1.000000 0.238600 0.475075 3.027277 1.000000 0.455602 0.565143 3.011515 1.000000 0.403286 0.769852 2.945961 1.000000 0.367114 0.864940 2.918185 1.000000 -0.055722 0.061685 2.956702 1.000000 -0.070740 -0.502441 3.105253 1.000000 -0.135562 -0.850584 3.099775 1.000000 -0.170532 -0.943077 3.045881 1.000000 0.115373 0.060066 2.968055 1.000000 0.106445 -0.504395 3.101346 1.000000 0.124024 -0.876235 3.088336 1.000000 0.138863 -0.954720 3.049050 1.000000
31254619014 0.032676 0.145140 2.969367 1.000000 0.033658 0.206163 3.002438 1.000000 0.049273 0.522778 2.996913 1.000000 0.036571 0.682919 2.929099 1.000000 -0.159247 0.450340 3.002536 1.000000 -0.368449 0.508918 2.990061 1.000000 -0.343086 0.723490 2.950858 1.000000 -0.279855 0.807830 2.948129 1.000000 0.239281 0.468528 3.027227 1.000000 0.460449 0.505859 3.023016 1.000000 0.428032 0.736386 2.958453 1.000000 0.415502 0.836084 2.941035 1.000000 -0.056583 0.057623 2.955045 1.000000 -0.087534 -0.494063 3.097810 1.000000 -0.136211 -0.854376 3.101293 1.000000 -0.172618 -0.943983 3.046429 1.000000 0.114802 0.052950 2.965105 1.000000 0.107112 -0.503449 3.100318 1.000000 0.124277 -0.875549 3.088471 1.000000 0.139462 -0.954926 3.048979 1.000000
31254664472 0.032631 0.137770 2.967715 1.000000 0.033523 0.200018 3.002052 1.000000 0.049070 0.522831 2.996680 1.000000 0.036093 0.683681 2.928833 1.000000 -0.158916 0.448653 3.003552 1.000000 -0.369469 0.501043 2.994126 1.000000 -0.360472 0.716042 2.948942 1.000000 -0.303619 0.804833 2.949605 1.000000 0.238453 0.463965 3.026605 1.000000 0.462629 0.495076 3.023937 1.000000 0.471255 0.705653 2.956844 1.000000 0.462402 0.798828 2.941617 1.000000 -0.056266 0.049949 2.953740 1.000000 -0.074179 -0.500100 3.103059 1.000000 -0.137217 -0.862011 3.098039 1.000000 -0.171737 -0.944451 3.047417 1.000000 0.114738 0.047936 2.963406 1.000000 0.107444 -0.503501 3.099776 1.000000 0.124529 -0.875037 3.088808 1.000000 0.139731 -0.954895 3.049282 1.000000
31254697243 0.033013 0.133246 2.966689 1.000000 0.033812 0.195464 3.002213 1.000000 0.048224 0.522121 2.996567 1.000000 0.035668 0.678386 2.928277 1.000000 -0.156852 0.442238 3.005822 1.000000 -0.380250 0.488055 2.997377 1.000000 -0.366339 0.702267 2.949187 1.000000 -0.384681 0.775758 2.930917 1.000000 0.236838 0.458979 3.025505 1.000000 0.464013 0.470924 3.028783 1.000000 0.493252 0.694259 2.957244 1.000000 0.501942 0.770147 2.941864 1.000000 -0.055306 0.047306 2.952750 1.000000 -0.090989 -0.483678 3.094977 1.000000 -0.133404 -0.828452 3.114255 1.000000 -0.164462 -0.920299 3.051819 1.000000 0.115098 0.043505 2.962204 1.000000 0.107342 -0.493236 3.092778 1.000000 0.128514 -0.867295 3.100863 1.000000 0.139426 -0.954623 3.049886 1.000000
31254718968 0.033673 0.126639 2.966139 1.000000 0.034278 0.189566 3.002885 1.000000 0.046384 0.521083 2.996835 1.000000 0.036127 0.672171 2.929260 1.000000 -0.155324 0.438659 3.009641 1.000000 -0.394151 0.453887 3.013371 1.000000 -0.375967 0.665115 2.951813 1.000000 -0.376853 0.741211 2.935143 1.000000 0.232903 0.448707 3.023513 1.000000 0.465430 0.447172 3.030202 1.000000 0.536521 0.669978 2.961143 1.000000 0.545789 0.745828 2.945970 1.000000 -0.053484 0.041909 2.952108 1.000000 -0.092805 -0.483232 3.094308 1.000000 -0.132994 -0.828533 3.113595 1.000000 -0.164481 -0.919420 3.049899 1.000000 0.115892 0.038837 2.961560 1.000000 0.107876 -0.495585 3.094973 1.000000 0.128306 -0.867433 3.100742 1.000000 0.139485 -0.953864 3.048632 1.000000
31254764484 0.033409 0.122109 2.965205 1.000000 0.033979 0.185296 3.003074 1.000000 0.045063 0.520193 2.996670 1.000000 0.034749 0.669456 2.927962 1.000000 -0.153144 0.433147 3.011694 1.000000 -0.367676 0.401123 3.032793 1.000000 -0.407386 0.642381 2.949892 1.000000 -0.377569 0.713441 2.938502 1.000000 0.229943 0.443860 3.023425 1.000000 0.467100 0.410998 3.048356 1.000000 0.562700 0.648653 2.962758 1.000000 0.596942 0.717545 2.950525 1.000000 -0.053111 0.038576 2.951018 1.000000 -0.101663 -0.454708 3.087607 1.000000 -0.126198 -0.860082 3.099905 1.000000 -0.169316 -0.933371 3.040187 1.000000 0.115703 0.035867 2.960967 1.000000 0.106661 -0.491567 3.093380 1.000000 0.128703 -0.869661 3.094475 1.000000 0.137168 -0.952150 3.051313 1.000000
31254797964 0.031838 0.117966 2.965630 1.000000 0.032900 0.182191 3.004193 1.000000 0.044847 0.520321 2.996620 1.000000 0.033863 0.692142 2.924090 1.000000 -0.151131 0.429788 3.013358 1.000000 -0.366734 0.392329 3.035308 1.000000 -0.418768 0.646042 2.939806 1.000000 -0.417881 0.719408 2.913661 1.000000 0.228234 0.440485 3.023918 1.000000 0.454834 0.362061 3.067952 1.000000 0.600143 0.602707 2.968319 1.000000 0.629783 0.674466 2.974559 1.000000 -0.054263 0.034844 2.952702 1.000000 -0.066650 -0.507324 3.105279 1.000000 -0.131864 -0.867832 3.092897 1.000000 -0.169021 -0.943334 3.046022 1.000000 0.113562 0.032937 2.960576 1.000000 0.109506 -0.499178 3.095047 1.000000 0.128388 -0.869603 3.095001 1.000000 0.137030 -0.952362 3.051247 1.000000
31254831235 0.031447 0.114138 2.966138 1.000000 0.032808 0.179007 3.005477 1.000000 0.044568 0.520381 2.996914 1.000000 0.034116 0.691632 2.924597 1.000000 -0.148603 0.426390 3.015853 1.000000 -0.346924 0.342041 3.048425 1.000000 -0.460391 0.518110 2.977247 1.000000 -0.467185 0.616047 2.938801 1.000000 0.226628 0.435845 3.023098 1.000000 0.452828 0.347352 3.070096 1.000000 0.596191 0.500977 2.986549 1.000000 0.641387 0.563273 2.974334 1.000000 -0.054023 0.032858 2.953483 1.000000 -0.066567 -0.507450 3.105622 1.000000 -0.133544 -0.869348 3.095617 1.000000 -0.170450 -0.946039 3.048308 1.000000 0.112416 0.029086 2.960577 1.000000 0.109797 -0.501705 3.095607 1.000000 0.127319 -0.871189 3.094275 1.000000 0.137627 -0.954011 3.051835 1.000000
31254864584 0.031283 0.110612 2.965846 1.000000 0.032833 0.175944 3.005809 1.000000 0.044408 0.520355 2.996704 1.000000 0.033968 0.692184 2.924073 1.000000 -0.146225 0.423006 3.017486 1.000000 -0.340607 0.320099 3.052419 1.000000 -0.484849 0.463272 2.962296 1.000000 -0.516022 0.558307 2.928977 1.000000 0.225773 0.431123 3.022548 1.000000 0.448496 0.319894 3.071419 1.000000 0.615071 0.438543 2.984748 1.000000 0.670781 0.487775 2.961427 1.000000 -0.053541 0.029185 2.954543 1.000000 -0.087318 -0.502893 3.102854 1.000000 -0.135843 -0.869565 3.098826 1.000000 -0.170241 -0.946321 3.048734 1.000000 0.111745 0.026801 2.959639 1.000000 0.109816 -0.501945 3.095461 1.000000 0.126703 -0.871176 3.094944 1.000000 0.137361 -0.953411 3.051413 1.000000
31254898010 0.030443 0.106800 2.965880 1.000000 0.032386 0.172461 3.006201 1.000000 0.044322 0.519815 2.996114 1.000000 0.033993 0.692338 2.924150 1.000000 -0.145769 0.416028 3.018938 1.000000 -0.343736 0.304763 3.051283 1.000000 -0.501953 0.470459 2.943587 1.000000 -0.554692 0.525691 2.912038 1.000000 0.224262 0.425267 3.022124 1.000000 0.433001 0.276465 3.083296 1.000000 0.613281 0.375854 2.983626 1.000000 0.685712 0.390429 2.958893 1.000000 -0.054554 0.025273 2.955211 1.000000 -0.083260 -0.506722 3.104354 1.000000 -0.136890 -0.870354 3.097355 1.000000 -0.169722 -0.946218 3.050600 1.000000 0.110644 0.023477 2.959664 1.000000 0.103482 -0.507200 3.099698 1.000000 0.126620 -0.871249 3.094864 1.000000 0.137835 -0.953060 3.050336 1.000000
31254931317 0.029856 0.103230 2.965995 1.000000 0.031800 0.169612 3.006899 1.000000 0.043877 0.519883 2.996295 1.000000 0.034761 0.692115 2.925097 1.000000 -0.144287 0.408600 3.018351 1.000000 -0.328468 0.266824 3.055790 1.000000 -0.510581 0.361560 2.971293 1.000000 -0.562465 0.402326 2.929786 1.000000 0.222800 0.421895 3.021913 1.000000 0.426056 0.256318 3.083493 1.000000 0.623726 0.293518 2.988057 1.000000 0.712909 0.330083 2.945250 1.000000 -0.054749 0.021795 2.955573 1.000000 -0.071342 -0.513444 3.105884 1.000000 -0.137084 -0.871284 3.096375 1.000000 -0.169476 -0.946332 3.050589 1.000000 0.109959 0.021298 2.959552 1.000000 0.104203 -0.508188 3.100309 1.000000 0.126695 -0.871755 3.095125 1.000000 0.137872 -0.952909 3.050467 1.000000
31254964660 0.030237 0.101588 2.965843 1.000000 0.032114 0.168234 3.007110 1.000000 0.043900 0.520029 2.995913 1.000000 0.034631 0.692049 2.925062 1.000000 -0.143993 0.407762 3.018233 1.000000 -0.299470 0.245313 3.059516 1.000000 -0.496068 0.289929 2.965257 1.000000 -0.516409 0.328546 2.934050 1.000000 0.221383 0.420405 3.021801 1.000000 0.366455 0.227417 3.077740 1.000000 0.579599 0.229445 3.022245 1.000000 0.672472 0.247854 2.975808 1.000000 -0.054269 0.020897 2.955458 1.000000 -0.087633 -0.507223 3.104396 1.000000 -0.137961 -0.869034 3.100155 1.000000 -0.170290 -0.944908 3.048190 1.000000 0.110084 0.019771 2.959731 1.000000 0.105400 -0.508596 3.100491 1.000000 0.129215 -0.866660 3.099672 1.000000 0.138153 -0.952054 3.051890 1.000000
31254998028 0.029363 0.096850 2.965762 1.000000 0.031294 0.164589 3.007132 1.000000 0.043168 0.520177 2.995034 1.000000 0.035501 0.694418 2.925788 1.000000 -0.141972 0.406111 3.016584 1.000000 -0.260681 0.221940 3.067635 1.000000 -0.457601 0.239541 2.964348 1.000000 -0.528217 0.245853 2.931991 1.000000 0.219390 0.415564 3.019682 1.000000 0.361715 0.212849 3.083322 1.000000 0.567152 0.169212 3.014405 1.000000 0.661677 0.165122 2.967869 1.000000 -0.054383 0.017844 2.956129 1.000000 -0.093915 -0.509060 3.102584 1.000000 -0.137694 -0.869200 3.100242 1.000000 -0.170538 -0.944695 3.048052 1.000000 0.108745 0.016023 2.959642 1.000000 0.106737 -0.509538 3.101032 1.000000 0.129042 -0.866514 3.099494 1.000000 0.136790 -0.950637 3.047987 1.000000
31255031370 0.029190 0.095745 2.965720 1.000000 0.031049 0.163735 3.007318 1.000000 0.043150 0.520616 2.994731 1.000000 0.036839 0.696651 2.926831 1.000000 -0.140383 0.405679 3.015132 1.000000 -0.256324 0.217201 3.066349 1.000000 -0.452622 0.166092 2.975325 1.000000 -0.520153 0.171354 2.936736 1.000000 0.219125 0.413381 3.019214 1.000000 0.349842 0.201982 3.084597 1.000000 0.539319 0.114582 3.010848 1.000000 0.630251 0.092329 2.962266 1.000000 -0.054427 0.017375 2.956256 1.000000 -0.095232 -0.507532 3.102751 1.000000 -0.138771 -0.870144 3.097605 1.000000 -0.168237 -0.944726 3.046266 1.000000 0.108251 0.014632 2.959562 1.000000 0.107192 -0.512335 3.102633 1.000000 0.128922 -0.867188 3.099230 1.000000 0.137119 -0.950738 3.047654 1.000000
31255064020 0.028960 0.093726 2.966697 1.000000 0.030785 0.162107 3.008475 1.000000 0.042896 0.521041 2.995399 1.000000 0.037575 0.696277 2.927855 1.000000 -0.139135 0.404801 3.014080 1.000000 -0.244939 0.198660 3.063557 1.000000 -0.427145 0.094997 2.993215 1.000000 -0.495529 0.080944 2.958444 1.000000 0.218643 0.410553 3.018309 1.000000 0.334365 0.180388 3.085306 1.000000 0.513422 0.069613 3.018451 1.000000 0.598461 0.025555 2.974163 1.000000 -0.054387 0.015709 2.957206 1.000000 -0.083373 -0.510597 3.105024 1.000000 -0.138500 -0.870532 3.098815 1.000000 -0.167829 -0.946128 3.048625 1.000000 0.107762 0.013018 2.960474 1.000000 0.107097 -0.513066 3.102987 1.000000 0.127976 -0.869895 3.099707 1.000000 0.138280 -0.951384 3.048121 1.000000
31255085681 0.029401 0.092846 2.966808 1.000000 0.030979 0.161571 3.008692 1.000000 0.042733 0.522132 2.995201 1.000000 0.038122 0.696386 2.928778 1.000000 -0.137813 0.404713 3.013310 1.000000 -0.244642 0.184305 3.063844 1.000000 -0.420147 0.072425 2.988185 1.000000 -0.501711 0.032225 2.934510 1.000000 0.218075 0.408942 3.018159 1.000000 0.329440 0.169232 3.087385 1.000000 0.491049 0.031501 3.027953 1.000000 0.562966 -0.033555 2.986174 1.000000 -0.053616 0.015500 2.957437 1.000000 -0.089862 -0.504855 3.104352 1.000000 -0.136672 -0.859093 3.101898 1.000000 -0.168978 -0.944263 3.046045 1.000000 0.107983 0.011782 2.960713 1.000000 0.107542 -0.514160 3.103367 1.000000 0.128242 -0.870383 3.099663 1.000000 0.138103 -0.951269 3.049471 1.000000
31255117363 0.029705 0.091904 2.966951 1.000000 0.031155 0.160559 3.008919 1.000000 0.042808 0.521970 2.995137 1.000000 0.039066 0.695824 2.929002 1.000000 -0.136225 0.404771 3.012638 1.000000 -0.237818 0.178136 3.061400 1.000000 -0.392621 0.032901 3.001488 1.000000 -0.466914 -0.027469 2.956938 1.000000 0.217738 0.408217 3.018600 1.000000 0.326813 0.165163 3.090032 1.000000 0.448170 -0.011345 3.039966 1.000000 0.513406 -0.083535 2.998960 1.000000 -0.053143 0.015242 2.957343 1.000000 -0.094728 -0.507300 3.103394 1.000000 -0.136652 -0.861061 3.099195 1.000000 -0.168471 -0.944815 3.047050 1.000000 0.107950 0.010591 2.961440 1.000000 0.107928 -0.513812 3.103379 1.000000 0.127535 -0.871192 3.096552 1.000000 0.137174 -0.952080 3.050761 1.000000
31255150027 0.029749 0.090846 2.967447 1.000000 0.031095 0.159603 3.009747 1.000000 0.043006 0.522829 2.996840 1.000000 0.039573 0.698400 2.932153 1.000000 -0.134731 0.404544 3.011720 1.000000 -0.227219 0.164904 3.050751 1.000000 -0.359090 -0.002763 2.995608 1.000000 -0.377197 -0.010414 2.959239 1.000000 0.217653 0.408075 3.018811 1.000000 0.317130 0.148077 3.085981 1.000000 0.429009 -0.037610 3.056295 1.000000 0.470563 -0.123550 3.011074 1.000000 -0.052786 0.014573 2.957723 1.000000 -0.095355 -0.505533 3.102619 1.000000 -0.134737 -0.849762 3.107552 1.000000 -0.168480 -0.942215 3.047508 1.000000 0.107659 0.009983 2.961728 1.000000 0.109320 -0.514388 3.103738 1.000000 0.126971 -0.873016 3.094987 1.000000 0.141845 -0.962996 3.047698 1.000000
31255182558 0.029822 0.090274 2.967926 1.000000 0.031121 0.159045 3.010490 1.000000 0.043358 0.523020 2.997454 1.000000 0.040478 0.701659 2.938443 1.000000 -0.133743 0.404731 3.011116 1.000000 -0.225158 0.159645 3.047859 1.000000 -0.336346 -0.020861 2.986318 1.000000 -0.381344 -0.072912 2.949416 1.000000 0.217409 0.407895 3.019045 1.000000 0.305086 0.145838 3.081811 1.000000 0.396729 -0.083916 3.048111 1.000000 0.432323 -0.178978 3.018881 1.000000 -0.052371 0.013836 2.958410 1.000000 -0.096331 -0.505718 3.102466 1.000000 -0.137834 -0.859512 3.103678 1.000000 -0.168234 -0.944158 3.047533 1.000000 0.107457 0.009912 2.962007 1.000000 0.109427 -0.514236 3.103590 1.000000 0.127171 -0.872840 3.094669 1.000000 0.140082 -0.960579 3.047894 1.000000
31255214088 0.030217 0.089442 2.968778 1.000000 0.031320 0.158304 3.011482 1.000000 0.043609 0.523013 2.997910 1.000000 0.041088 0.700841 2.940112 1.000000 -0.132969 0.403912 3.009749 1.000000 -0.221403 0.148169 3.042127 1.000000 -0.299677 -0.051752 2.994078 1.000000 -0.347533 -0.139250 2.959286 1.000000 0.217363 0.408061 3.019457 1.000000 0.297369 0.145292 3.074563 1.000000 0.366608 -0.086430 3.064286 1.000000 0.386150 -0.185519 3.033366 1.000000 -0.051808 0.012787 2.959279 1.000000 -0.097323 -0.506255 3.102326 1.000000 -0.137666 -0.858772 3.103621 1.000000 -0.168373 -0.944284 3.047312 1.000000 0.107668 0.009493 2.962914 1.000000 0.109584 -0.514200 3.103711 1.000000 0.127085 -0.873457 3.094284 1.000000 0.140179 -0.958741 3.049844 1.000000
31255256409 0.030355 0.088678 2.969090 1.000000 0.031347 0.157692 3.011952 1.000000 0.043541 0.523181 2.998274 1.000000 0.041423 0.700151 2.942130 1.000000 -0.132317 0.403804 3.009246 1.000000 -0.216637 0.141407 3.035082 1.000000 -0.282023 -0.063335 2.988133 1.000000 -0.314455 -0.160286 2.961606 1.000000 0.217194 0.407805 3.019468 1.000000 0.290629 0.145171 3.067309 1.000000 0.314860 -0.070186 3.073640 1.000000 0.341362 -0.170981 3.056516 1.000000 -0.051375 0.011968 2.959546 1.000000 -0.097715 -0.505883 3.102025 1.000000 -0.137833 -0.856451 3.103103 1.000000 -0.168094 -0.944377 3.047601 1.000000 0.107630 0.009235 2.963170 1.000000 0.109811 -0.513872 3.103261 1.000000 0.127216 -0.873207 3.095896 1.000000 0.139245 -0.956945 3.051289 1.000000
31255289373 0.031065 0.087055 2.969805 1.000000 0.031876 0.156433 3.012566 1.000000 0.043570 0.523162 2.998279 1.000000 0.043089 0.699541 2.944147 1.000000 -0.131522 0.403805 3.008789 1.000000 -0.212691 0.137335 3.030518 1.000000 -0.268707 -0.070454 2.984997 1.000000 -0.291312 -0.170889 2.961431 1.000000 0.217028 0.407677 3.019342 1.000000 0.275255 0.137962 3.056637 1.000000 0.306475 -0.076081 3.067599 1.000000 0.319386 -0.178632 3.045917 1.000000 -0.050027 0.010473 2.960585 1.000000 -0.097703 -0.505929 3.102021 1.000000 -0.137404 -0.856850 3.105129 1.000000 -0.168700 -0.943847 3.047204 1.000000 0.107906 0.008190 2.963920 1.000000 0.109559 -0.512685 3.102995 1.000000 0.126896 -0.872678 3.095327 1.000000 0.138675 -0.955115 3.049246 1.000000
31255323225 0.031606 0.086665 2.970144 1.000000 0.032501 0.155582 3.013031 1.000000 0.044260 0.519483 2.998747 1.000000 0.044295 0.683518 2.955717 1.000000 -0.130954 0.403645 3.008687 1.000000 -0.208159 0.133877 3.026255 1.000000 -0.242056 -0.080695 2.973233 1.000000 -0.251086 -0.182299 2.946586 1.000000 0.217090 0.406357 3.019053 1.000000 0.265722 0.123781 3.054158 1.000000 0.288626 -0.092197 3.056080 1.000000 0.298668 -0.195310 3.035620 1.000000 -0.049245 0.010399 2.960407 1.000000 -0.099643 -0.499608 3.096039 1.000000 -0.138711 -0.859937 3.098269 1.000000 -0.170050 -0.944509 3.049267 1.000000 0.108489 0.007311 2.965274 1.000000 0.109236 -0.497926 3.094105 1.000000 0.126836 -0.871709 3.095340 1.000000 0.138809 -0.954393 3.049400 1.000000
31255356243 0.031630 0.086568 2.970663 1.000000 0.032048 0.155385 3.013503 1.000000 0.044089 0.518880 2.998893 1.000000 0.044312 0.683174 2.954734 1.000000 -0.130100 0.404727 3.007370 1.000000 -0.205202 0.131842 3.021933 1.000000 -0.228661 -0.082890 2.964131 1.000000 -0.227467 -0.183870 2.933280 1.000000 0.217353 0.405348 3.021349 1.000000 0.262409 0.124693 3.051306 1.000000 0.281842 -0.092172 3.042099 1.000000 0.279080 -0.196670 3.027170 1.000000 -0.049162 0.010646 2.960642 1.000000 -0.102295 -0.448730 3.080043 1.000000 -0.137807 -0.858968 3.098122 1.000000 -0.167901 -0.939495 3.050997 1.000000 0.108396 0.006551 2.966789 1.000000 0.107778 -0.490067 3.093954 1.000000 0.124963 -0.872318 3.090152 1.000000 0.139129 -0.954946 3.043912 1.000000
31255389271 0.032251 0.086584 2.971731 1.000000 0.032246 0.155504 3.014163 1.000000 0.044228 0.519110 2.998838 1.000000 0.045336 0.688456 2.954106 1.000000 -0.129636 0.405674 3.006470 1.000000 -0.196382 0.131422 3.013939 1.000000 -0.216597 -0.081394 2.959019 1.000000 -0.210575 -0.183040 2.930861 1.000000 0.218250 0.406052 3.022913 1.000000 0.259613 0.125479 3.048944 1.000000 0.269875 -0.095874 3.031025 1.000000 0.265380 -0.200903 3.020539 1.000000 -0.048529 0.010632 2.961179 1.000000 -0.102173 -0.510254 3.101538 1.000000 -0.137893 -0.859215 3.098400 1.000000 -0.168261 -0.941718 3.051738 1.000000 0.109159 0.006320 2.969393 1.000000 0.106876 -0.498398 3.095478 1.000000 0.125426 -0.871863 3.093623 1.000000 0.139598 -0.955225 3.047047 1.000000
31255423435 0.032492 0.085971 2.972745 1.000000 0.032235 0.155189 3.014475 1.000000 0.044752 0.518797 2.997814 1.000000 0.046213 0.692318 2.955738 1.000000 -0.128697 0.406799 3.005199 1.000000 -0.191023 0.133965 3.005794 1.000000 -0.201802 -0.079265 2.949219 1.000000 -0.194156 -0.181631 2.924017 1.000000 0.218859 0.406082 3.023882 1.000000 0.257170 0.124094 3.044306 1.000000 0.265836 -0.097483 3.022837 1.000000 0.259663 -0.202665 3.014406 1.000000 -0.048146 0.010061 2.962469 1.000000 -0.102992 -0.515170 3.104170 1.000000 -0.135893 -0.887088 3.105010 1.000000 -0.170120 -0.948829 3.039636 1.000000 0.109115 0.005442 2.971077 1.000000 0.100166 -0.502259 3.098775 1.000000 0.125543 -0.872578 3.094956 1.000000 0.139817 -0.955096 3.046859 1.000000
31255456504 0.032786 0.085852 2.972966 1.000000 0.032126 0.155104 3.014298 1.000000 0.044834 0.518604 2.997501 1.000000 0.046894 0.693080 2.956357 1.000000 -0.127888 0.407360 3.003918 1.000000 -0.178403 0.139867 2.986900 1.000000 -0.186833 -0.075525 2.941729 1.000000 -0.176070 -0.168115 2.917973 1.000000 0.219926 0.406325 3.025873 1.000000 0.255892 0.125766 3.040286 1.000000 0.262109 -0.098531 3.012039 1.000000 0.254999 -0.203696 3.003844 1.000000 -0.047735 0.009927 2.962603 1.000000 -0.102118 -0.512923 3.103132 1.000000 -0.135825 -0.877216 3.102440 1.000000 -0.171180 -0.948542 3.040914 1.000000 0.109403 0.005293 2.971473 1.000000 0.104548 -0.509781 3.102545 1.000000 0.124548 -0.874345 3.095052 1.000000 0.142456 -0.961543 3.049791 1.000000
31255490293 0.033472 0.085497 2.973453 1.000000 0.032730 0.154761 3.014429 1.000000 0.045078 0.518452 2.997553 1.000000 0.047724 0.694578 2.956444 1.000000 -0.127103 0.407738 3.003664 1.000000 -0.176852 0.138686 2.981162 1.000000 -0.183592 -0.077136 2.938248 1.000000 -0.172934 -0.178036 2.908386 1.000000 0.220099 0.406379 3.026163 1.000000 0.255072 0.127054 3.038757 1.000000 0.259139 -0.094524 3.007790 1.000000 0.250271 -0.199473 2.998138 1.000000 -0.046763 0.009680 2.962630 1.000000 -0.101970 -0.511792 3.102201 1.000000 -0.136310 -0.872567 3.100180 1.000000 -0.171664 -0.947850 3.040634 1.000000 0.109953 0.004963 2.972463 1.000000 0.105197 -0.509608 3.102669 1.000000 0.124732 -0.874355 3.095081 1.000000 0.142364 -0.959759 3.049559 1.000000
31255523329 0.034294 0.085287 2.974028 1.000000 0.033513 0.154594 3.014549 1.000000 0.046474 0.518221 2.997319 1.000000 0.048510 0.695628 2.957614 1.000000 -0.126558 0.407870 3.002899 1.000000 -0.174786 0.135826 2.975976 1.000000 -0.181933 -0.080301 2.935118 1.000000 -0.172283 -0.173417 2.908876 1.000000 0.220336 0.406560 3.026757 1.000000 0.254292 0.128001 3.037714 1.000000 0.257088 -0.093889 3.004648 1.000000 0.246338 -0.198075 2.989642 1.000000 -0.045691 0.009422 2.962895 1.000000 -0.101726 -0.511291 3.101923 1.000000 -0.135782 -0.870519 3.099597 1.000000 -0.172339 -0.947720 3.040888 1.000000 0.110403 0.004882 2.973436 1.000000 0.103672 -0.509721 3.102830 1.000000 0.124792 -0.874311 3.095210 1.000000 0.141495 -0.958235 3.048093 1.000000
31255556372 0.034654 0.085172 2.974460 1.000000 0.034040 0.154291 3.015042 1.000000 0.048701 0.518182 2.999453 1.000000 0.048909 0.695985 2.957438 1.000000 -0.126382 0.407993 3.002682 1.000000 -0.174765 0.135035 2.974049 1.000000 -0.181451 -0.080667 2.929639 1.000000 -0.174334 -0.182005 2.900080 1.000000 0.220531 0.406651 3.027219 1.000000 0.253716 0.128477 3.037039 1.000000 0.255760 -0.093720 3.002928 1.000000 0.242361 -0.196663 2.982509 1.000000 -0.045447 0.009360 2.962930 1.000000 -0.102161 -0.507776 3.100191 1.000000 -0.136404 -0.866218 3.101312 1.000000 -0.172076 -0.944745 3.040857 1.000000 0.110482 0.004790 2.973884 1.000000 0.101230 -0.508747 3.101048 1.000000 0.126057 -0.872142 3.092659 1.000000 0.141247 -0.958092 3.047460 1.000000
31255590438 0.034789 0.085042 2.974490 1.000000 0.034159 0.154160 3.014980 1.000000 0.048977 0.518255 2.999677 1.000000 0.050498 0.697410 2.959413 1.000000 -0.125941 0.408418 3.002381 1.000000 -0.174897 0.132976 2.971675 1.000000 -0.180686 -0.082259 2.923750 1.000000 -0.174574 -0.184331 2.896622 1.000000 0.220659 0.406525 3.027372 1.000000 0.252619 0.128462 3.034020 1.000000 0.253037 -0.094932 2.996991 1.000000 0.238290 -0.196714 2.972192 1.000000 -0.045259 0.009285 2.962718 1.000000 -0.101339 -0.507525 3.101474 1.000000 -0.136735 -0.858371 3.104526 1.000000 -0.172150 -0.943255 3.041550 1.000000 0.110532 0.004654 2.973963 1.000000 0.103907 -0.509214 3.100729 1.000000 0.125526 -0.872949 3.092778 1.000000 0.141552 -0.957849 3.048063 1.000000
31255623178 0.034858 0.084948 2.974596 1.000000 0.034158 0.153938 3.015091 1.000000 0.049315 0.517637 3.000263 1.000000 0.051039 0.697271 2.959952 1.000000 -0.125733 0.408397 3.001978 1.000000 -0.175150 0.132612 2.969219 1.000000 -0.182025 -0.082071 2.917944 1.000000 -0.175165 -0.182745 2.886198 1.000000 0.220727 0.406832 3.028131 1.000000 0.252297 0.128769 3.032978 1.000000 0.251681 -0.093029 2.993387 1.000000 0.236598 -0.194332 2.966922 1.000000 -0.045198 0.009228 2.962673 1.000000 -0.079520 -0.511989 3.105513 1.000000 -0.136766 -0.858459 3.104562 1.000000 -0.172099 -0.942782 3.041670 1.000000 0.110527 0.004591 2.974094 1.000000 0.105599 -0.509684 3.100904 1.000000 0.125655 -0.873296 3.092469 1.000000 0.141396 -0.957712 3.049465 1.000000
31255656455 0.034899 0.084915 2.974715 1.000000 0.034193 0.153738 3.015433 1.000000 0.050752 0.517524 3.001842 1.000000 0.051069 0.697403 2.960151 1.000000 -0.125319 0.408656 3.001542 1.000000 -0.176259 0.129440 2.964225 1.000000 -0.184696 -0.084483 2.908928 1.000000 -0.176316 -0.186157 2.880989 1.000000 0.221023 0.406963 3.028737 1.000000 0.252046 0.128869 3.031723 1.000000 0.250832 -0.092299 2.990903 1.000000 0.235089 -0.192403 2.960574 1.000000 -0.045197 0.009215 2.962685 1.000000 -0.088191 -0.511459 3.108016 1.000000 -0.137452 -0.858638 3.102778 1.000000 -0.171611 -0.941884 3.041544 1.000000 0.110480 0.004607 2.974140 1.000000 0.106410 -0.508517 3.101373 1.000000 0.125518 -0.873051 3.093458 1.000000 0.140914 -0.956489 3.049324 1.000000
31255690439 0.034920 0.084918 2.974769 1.000000 0.034198 0.153759 3.015508 1.000000 0.050976 0.517392 3.001503 1.000000 0.051658 0.697520 2.960929 1.000000 -0.125258 0.408746 3.001475 1.000000 -0.177404 0.127607 2.963005 1.000000 -0.185133 -0.086319 2.907315 1.000000 -0.176547 -0.188014 2.879545 1.000000 0.221152 0.407109 3.028936 1.000000 0.252072 0.129065 3.030256 1.000000 0.251445 -0.089691 2.988769 1.000000 0.234244 -0.189535 2.958407 1.000000 -0.045198 0.009209 2.962709 1.000000 -0.091089 -0.509543 3.106822 1.000000 -0.137809 -0.859021 3.102630 1.000000 -0.171749 -0.941816 3.041357 1.000000 0.110460 0.004626 2.974228 1.000000 0.107503 -0.509707 3.101428 1.000000 0.125516 -0.873222 3.093466 1.000000 0.140911 -0.956429 3.049537 1.000000
31255723321 0.034923 0.084880 2.975011 1.000000 0.034217 0.153663 3.015883 1.000000 0.051477 0.517296 3.002051 1.000000 0.051608 0.697765 2.959931 1.000000 -0.125189 0.408800 3.001418 1.000000 -0.177805 0.126798 2.962690 1.000000 -0.188554 -0.086244 2.903135 1.000000 -0.179641 -0.188178 2.876393 1.000000 0.221401 0.407071 3.029380 1.000000 0.252398 0.128881 3.029949 1.000000 0.251311 -0.088595 2.984798 1.000000 0.233378 -0.188561 2.955299 1.000000 -0.045246 0.009147 2.962759 1.000000 -0.092994 -0.510176 3.106965 1.000000 -0.137842 -0.859033 3.102591 1.000000 -0.171413 -0.941071 3.042609 1.000000 0.110345 0.004636 2.974525 1.000000 0.108055 -0.508914 3.100884 1.000000 0.126024 -0.873160 3.099695 1.000000 0.140455 -0.955546 3.049683 1.000000
31255757394 0.034920 0.084881 2.975060 1.000000 0.034219 0.153690 3.015957 1.000000 0.052062 0.517439 3.001836 1.000000 0.051603 0.698156 2.960021 1.000000 -0.125102 0.408991 3.001336 1.000000 -0.178193 0.126709 2.962268 1.000000 -0.190419 -0.086348 2.902897 1.000000 -0.183119 -0.187950 2.874490 1.000000 0.221319 0.407251 3.029524 1.000000 0.252415 0.128854 3.029789 1.000000 0.251219 -0.088590 2.983547 1.000000 0.233101 -0.188535 2.954120 1.000000 -0.045257 0.009160 2.962765 1.000000 -0.096415 -0.510733 3.105514 1.000000 -0.137917 -0.860398 3.100596 1.000000 -0.171653 -0.940861 3.042238 1.000000 0.110148 0.004671 2.974731 1.000000 0.108823 -0.509090 3.101250 1.000000 0.126020 -0.873135 3.099693 1.000000 0.140388 -0.955929 3.049962 1.000000
31255790347 0.034847 0.084804 2.975269 1.000000 0.034139 0.153632 3.016178 1.000000 0.052108 0.517469 3.001951 1.000000 0.051632 0.698188 2.960030 1.000000 -0.124805 0.409252 3.001232 1.000000 -0.179087 0.125758 2.961677 1.000000 -0.194221 -0.086929 2.901210 1.000000 -0.185619 -0.188767 2.874071 1.000000 0.221298 0.407390 3.029845 1.000000 0.252591 0.128735 3.029323 1.000000 0.251987 -0.086881 2.981329 1.000000 0.233678 -0.187271 2.953614 1.000000 -0.045290 0.009108 2.962828 1.000000 -0.099548 -0.514668 3.106795 1.000000 -0.138875 -0.864659 3.097670 1.000000 -0.171648 -0.941555 3.039634 1.000000 0.109843 0.004729 2.975057 1.000000 0.109180 -0.509108 3.101474 1.000000 0.125835 -0.873519 3.097620 1.000000 0.141031 -0.956155 3.049216 1.000000
31255823345 0.034747 0.084622 2.975585 1.000000 0.034058 0.153494 3.016421 1.000000 0.052145 0.517423 3.001964 1.000000 0.051972 0.698559 2.961033 1.000000 -0.124685 0.409273 3.001183 1.000000 -0.180528 0.123503 2.961457 1.000000 -0.197822 -0.089076 2.900995 1.000000 -0.187226 -0.190915 2.874607 1.000000 0.221599 0.407231 3.030193 1.000000 0.252635 0.128490 3.028543 1.000000 0.251971 -0.087309 2.981351 1.000000 0.233756 -0.187380 2.952476 1.000000 -0.045468 0.008723 2.963101 1.000000 -0.102465 -0.526964 3.112313 1.000000 -0.139582 -0.866643 3.098451 1.000000 -0.171523 -0.941788 3.039409 1.000000 0.109614 0.004653 2.975451 1.000000 0.101793 -0.504631 3.099082 1.000000 0.125067 -0.875487 3.093337 1.000000 0.140722 -0.956868 3.053788 1.000000
31255857053 0.034720 0.084591 2.975666 1.000000 0.034063 0.153441 3.016518 1.000000 0.052362 0.517324 3.002128 1.000000 0.052070 0.698635 2.961226 1.000000 -0.124473 0.409407 3.001427 1.000000 -0.182141 0.121213 2.960814 1.000000 -0.199630 -0.091699 2.901671 1.000000 -0.191218 -0.193316 2.873721 1.000000 0.221845 0.407210 3.030468 1.000000 0.252566 0.128394 3.028296 1.000000 0.251944 -0.087577 2.981833 1.000000 0.234163 -0.187857 2.953445 1.000000 -0.045514 0.008712 2.963109 1.000000 -0.102777 -0.527178 3.111768 1.000000 -0.140314 -0.868532 3.096901 1.000000 -0.171277 -0.941932 3.039719 1.000000 0.109490 0.004579 2.975576 1.000000 0.097577 -0.507666 3.101271 1.000000 0.124779 -0.875816 3.094687 1.000000 0.140293 -0.956385 3.053870 1.000000
31255890414 0.034642 0.084530 2.975767 1.000000 0.034024 0.153399 3.016588 1.000000 0.052388 0.517318 3.002135 1.000000 0.052046 0.698708 2.960863 1.000000 -0.124359 0.409396 3.001467 1.000000 -0.182927 0.119987 2.961502 1.000000 -0.200782 -0.093059 2.902842 1.000000 -0.193278 -0.194696 2.874738 1.000000 0.222125 0.406980 3.030554 1.000000 0.252584 0.128285 3.028243 1.000000 0.252577 -0.087797 2.982104 1.000000 0.234805 -0.188176 2.954098 1.000000 -0.045662 0.008681 2.963189 1.000000 -0.104389 -0.516490 3.107876 1.000000 -0.139026 -0.861256 3.097111 1.000000 -0.171256 -0.941021 3.040493 1.000000 0.109338 0.004445 2.975676 1.000000 0.101886 -0.508335 3.103902 1.000000 0.124815 -0.875598 3.094908 1.000000 0.140637 -0.956358 3.053925 1.000000
31255923388 0.034632 0.084512 2.975792 1.000000 0.034031 0.153399 3.016581 1.000000 0.052605 0.517302 3.001998 1.000000 0.052297 0.698639 2.960875 1.000000 -0.124236 0.409346 3.001507 1.000000 -0.183638 0.119842 2.962754 1.000000 -0.201987 -0.093177 2.903877 1.000000 -0.196141 -0.195162 2.876685 1.000000 0.222263 0.406860 3.030613 1.000000 0.253022 0.128150 3.027622 1.000000 0.255481 -0.092598 2.984696 1.000000 0.236338 -0.192614 2.956326 1.000000 -0.045706 0.008675 2.963209 1.000000 -0.103968 -0.512448 3.105368 1.000000 -0.139102 -0.859390 3.097974 1.000000 -0.170633 -0.940575 3.044477 1.000000 0.109280 0.004395 2.975702 1.000000 0.100932 -0.509404 3.103867 1.000000 0.125110 -0.874532 3.096063 1.000000 0.140589 -0.955577 3.053751 1.000000
31255957411 0.034651 0.084497 2.975910 1.000000 0.034113 0.153351 3.016758 1.000000 0.052865 0.517329 3.002393 1.000000 0.052330 0.698919 2.960348 1.000000 -0.124194 0.409368 3.001465 1.000000 -0.183869 0.119805 2.963367 1.000000 -0.202862 -0.093658 2.906567 1.000000 -0.198003 -0.196079 2.880894 1.000000 0.222195 0.406955 3.030401 1.000000 0.253336 0.126763 3.027544 1.000000 0.256374 -0.093856 2.985052 1.000000 0.239852 -0.195798 2.962519 1.000000 -0.045698 0.008683 2.963252 1.000000 -0.103814 -0.516770 3.106619 1.000000 -0.140805 -0.866094 3.091880 1.000000 -0.171041 -0.942151 3.042237 1.000000 0.109243 0.004406 2.975761 1.000000 0.098190 -0.509259 3.104285 1.000000 0.125861 -0.873592 3.097456 1.000000 0.139968 -0.955184 3.054813 1.000000
31255990457 0.034638 0.084415 2.976122 1.000000 0.034150 0.153245 3.016981 1.000000 0.053607 0.517048 3.002615 1.000000 0.052873 0.698508 2.960667 1.000000 -0.124178 0.409380 3.001489 1.000000 -0.184188 0.119790 2.963581 1.000000 -0.203175 -0.094106 2.908621 1.000000 -0.199240 -0.196846 2.883801 1.000000 0.222709 0.406574 3.030767 1.000000 0.254123 0.123978 3.027924 1.000000 0.257770 -0.095855 2.984984 1.000000 0.241656 -0.199212 2.969343 1.000000 -0.045817 0.008620 2.963418 1.000000 -0.103470 -0.515727 3.106479 1.000000 -0.140315 -0.864993 3.092479 1.000000 -0.171360 -0.942049 3.042286 1.000000 0.109111 0.004174 2.975985 1.000000 0.102243 -0.509405 3.103555 1.000000 0.125714 -0.873339 3.096721 1.000000 0.139410 -0.954920 3.054275 1.000000
31256024455 0.034687 0.084233 2.976394 1.000000 0.034218 0.152936 3.017332 1.000000 0.053442 0.516251 3.003090 1.000000 0.052913 0.698400 2.961040 1.000000 -0.124133 0.409355 3.001640 1.000000 -0.184504 0.119710 2.964748 1.000000 -0.202998 -0.094346 2.910042 1.000000 -0.199170 -0.196897 2.884211 1.000000 0.222756 0.406596 3.030798 1.000000 0.254866 0.122107 3.028165 1.000000 0.258872 -0.100614 2.988247 1.000000 0.245269 -0.204142 2.971060 1.000000 -0.045767 0.008361 2.963639 1.000000 -0.103719 -0.519610 3.108553 1.000000 -0.141561 -0.868671 3.090492 1.000000 -0.171291 -0.943807 3.041197 1.000000 0.109130 0.004088 2.976126 1.000000 0.095454 -0.511191 3.102874 1.000000 0.126014 -0.872327 3.096244 1.000000 0.139739 -0.954546 3.053519 1.000000
31256057448 0.034604 0.083844 2.976910 1.000000 0.034154 0.152385 3.018140 1.000000 0.053441 0.515779 3.004710 1.000000 0.052777 0.697758 2.961395 1.000000 -0.124100 0.409412 3.001666 1.000000 -0.184942 0.119721 2.966056 1.000000 -0.203940 -0.094810 2.913718 1.000000 -0.201453 -0.198176 2.890924 1.000000 0.222557 0.406326 3.030858 1.000000 0.256836 0.119081 3.029515 1.000000 0.260344 -0.102613 2.990341 1.000000 0.250678 -0.206700 2.973534 1.000000 -0.045795 0.008327 2.963717 1.000000 -0.103485 -0.519455 3.108488 1.000000 -0.140981 -0.868369 3.090874 1.000000 -0.172095 -0.943167 3.042111 1.000000 0.108907 0.003502 2.976728 1.000000 0.095842 -0.511551 3.102763 1.000000 0.125946 -0.872370 3.096087 1.000000 0.139726 -0.954520 3.053698 1.000000
31256090490 0.034503 0.083760 2.977010 1.000000 0.034056 0.152315 3.018388 1.000000 0.053432 0.516081 3.005023 1.000000 0.053023 0.697997 2.961747 1.000000 -0.124095 0.409412 3.001682 1.000000 -0.184628 0.119546 2.966442 1.000000 -0.204142 -0.095309 2.915769 1.000000 -0.201365 -0.199006 2.894317 1.000000 0.222383 0.406321 3.031045 1.000000 0.257267 0.118442 3.029716 1.000000 0.264745 -0.106076 2.991087 1.000000 0.257345 -0.210880 2.977583 1.000000 -0.045857 0.008326 2.963805 1.000000 -0.103297 -0.517304 3.106349 1.000000 -0.138326 -0.856862 3.097341 1.000000 -0.171840 -0.941312 3.042246 1.000000 0.108663 0.003403 2.976718 1.000000 0.101914 -0.514484 3.103112 1.000000 0.125956 -0.872383 3.096316 1.000000 0.139719 -0.954521 3.053676 1.000000
31256124273 0.034536 0.083495 2.977287 1.000000 0.034108 0.152032 3.018811 1.000000 0.053432 0.515896 3.005261 1.000000 0.053183 0.697837 2.962314 1.000000 -0.124055 0.409278 3.002095 1.000000 -0.184617 0.119321 2.966899 1.000000 -0.203644 -0.095831 2.917294 1.000000 -0.202962 -0.200292 2.899441 1.000000 0.221952 0.406165 3.031293 1.000000 0.259201 0.118495 3.029603 1.000000 0.266498 -0.107341 2.991822 1.000000 0.258866 -0.212274 2.979091 1.000000 -0.045741 0.008235 2.964077 1.000000 -0.104058 -0.511064 3.104699 1.000000 -0.137724 -0.858813 3.095557 1.000000 -0.170064 -0.940867 3.040041 1.000000 0.108591 0.003233 2.976842 1.000000 0.103639 -0.513519 3.102444 1.000000 0.126485 -0.872278 3.096983 1.000000 0.139909 -0.954423 3.053138 1.000000
31256157270 0.033934 0.082780 2.977913 1.000000 0.033538 0.151109 3.019651 1.000000 0.052849 0.514150 3.006226 1.000000 0.053108 0.694661 2.964368 1.000000 -0.124026 0.409222 3.002105 1.000000 -0.184873 0.119225 2.968120 1.000000 -0.204031 -0.095864 2.917802 1.000000 -0.203714 -0.201094 2.904797 1.000000 0.221051 0.405720 3.031041 1.000000 0.261420 0.119040 3.029923 1.000000 0.269681 -0.105638 2.998021 1.000000 0.266230 -0.210135 2.980384 1.000000 -0.046337 0.007996 2.964995 1.000000 -0.102844 -0.495136 3.091492 1.000000 -0.129474 -0.817765 3.108324 1.000000 -0.161530 -0.915230 3.055780 1.000000 0.107938 0.002668 2.976990 1.000000 0.101260 -0.508890 3.101594 1.000000 0.127855 -0.870188 3.100612 1.000000 0.139928 -0.954644 3.053425 1.000000
31256190202 0.033918 0.082782 2.977965 1.000000 0.033505 0.150982 3.019889 1.000000 0.052232 0.512636 3.006558 1.000000 0.049126 0.687160 2.958896 1.000000 -0.123806 0.408967 3.002517 1.000000 -0.185528 0.121456 2.970185 1.000000 -0.202647 -0.094166 2.921602 1.000000 -0.200880 -0.182586 2.911638 1.000000 0.220693 0.405656 3.031265 1.000000 0.262780 0.120343 3.031476 1.000000 0.271222 -0.105273 2.999283 1.000000 0.268346 -0.209746 2.981187 1.000000 -0.046340 0.008016 2.965008 1.000000 -0.108459 -0.435752 3.069723 1.000000 -0.106060 -0.739373 3.137298 1.000000 -0.137935 -0.839548 3.089986 1.000000 0.107920 0.002743 2.977061 1.000000 0.107426 -0.492282 3.096975 1.000000 0.126824 -0.881138 3.090322 1.000000 0.139876 -0.956336 3.052439 1.000000
31256223509 0.033740 0.082281 2.978315 1.000000 0.033325 0.150463 3.020408 1.000000 0.052132 0.512373 3.006881 1.000000 0.051291 0.689413 2.961104 1.000000 -0.123564 0.408630 3.002494 1.000000 -0.185862 0.121631 2.971035 1.000000 -0.202535 -0.093947 2.921572 1.000000 -0.200844 -0.182918 2.912175 1.000000 0.220511 0.405514 3.031287 1.000000 0.264287 0.120550 3.033026 1.000000 0.272256 -0.105176 3.000098 1.000000 0.271881 -0.209799 2.982391 1.000000 -0.046409 0.007737 2.965290 1.000000 -0.106384 -0.516602 3.101778 1.000000 -0.135498 -0.843262 3.097492 1.000000 -0.168366 -0.934841 3.043636 1.000000 0.107661 0.002446 2.977259 1.000000 0.110032 -0.504156 3.101409 1.000000 0.126297 -0.877503 3.095747 1.000000 0.139763 -0.953825 3.049948 1.000000
31256257164 0.033607 0.081979 2.978722 1.000000 0.033217 0.150369 3.020801 1.000000 0.052292 0.513422 3.007056 1.000000 0.051925 0.691283 2.961897 1.000000 -0.123282 0.408407 3.002474 1.000000 -0.185809 0.121992 2.971697 1.000000 -0.203336 -0.093454 2.921473 1.000000 -0.200978 -0.182884 2.911549 1.000000 0.220028 0.405514 3.031514 1.000000 0.264983 0.120952 3.033032 1.000000 0.274754 -0.102847 3.003139 1.000000 0.274908 -0.207176 2.983488 1.000000 -0.046449 0.007690 2.965574 1.000000 -0.105692 -0.514364 3.102212 1.000000 -0.136508 -0.850957 3.097497 1.000000 -0.169009 -0.935767 3.042856 1.000000 0.107296 0.002200 2.977861 1.000000 0.099560 -0.511427 3.101603 1.000000 0.126087 -0.877029 3.096522 1.000000 0.139493 -0.953751 3.050436 1.000000
31256290453 0.033387 0.081691 2.979074 1.000000 0.033111 0.150170 3.021159 1.000000 0.052333 0.513430 3.007096 1.000000 0.051542 0.691793 2.961920 1.000000 -0.122870 0.408044 3.002660 1.000000 -0.185970 0.122125 2.972185 1.000000 -0.204011 -0.093370 2.922124 1.000000 -0.200991 -0.182785 2.911355 1.000000 0.219834 0.405344 3.031368 1.000000 0.266068 0.121000 3.033332 1.000000 0.277877 -0.101649 3.004501 1.000000 0.278279 -0.205726 2.983272 1.000000 -0.046613 0.007548 2.965867 1.000000 -0.105712 -0.513451 3.101888 1.000000 -0.136643 -0.850576 3.098782 1.000000 -0.169379 -0.936037 3.043050 1.000000 0.106864 0.002033 2.978316 1.000000 0.103186 -0.510673 3.103339 1.000000 0.127416 -0.874076 3.102741 1.000000 0.138961 -0.952693 3.049834 1.000000
31256324490 0.033116 0.081596 2.979644 1.000000 0.032884 0.150114 3.021703 1.000000 0.052310 0.513445 3.007275 1.000000 0.052658 0.693427 2.961140 1.000000 -0.122649 0.407954 3.002635 1.000000 -0.186021 0.123999 2.975515 1.000000 -0.204688 -0.091231 2.923884 1.000000 -0.201307 -0.183142 2.911066 1.000000 0.219753 0.405310 3.031381 1.000000 0.267072 0.121634 3.034797 1.000000 0.283079 -0.101364 3.005069 1.000000 0.284126 -0.205405 2.983415 1.000000 -0.046810 0.007758 2.966361 1.000000 -0.105607 -0.513408 3.101779 1.000000 -0.136846 -0.851018 3.098658 1.000000 -0.170525 -0.937892 3.042593 1.000000 0.106329 0.001807 2.979124 1.000000 0.106658 -0.511080 3.102937 1.000000 0.128342 -0.874063 3.100132 1.000000 0.139054 -0.952540 3.050311 1.000000
31256357569 0.033034 0.081350 2.979982 1.000000 0.032863 0.150061 3.021839 1.000000 0.052779 0.513753 3.006922 1.000000 0.052634 0.693772 2.961061 1.000000 -0.122501 0.407851 3.002475 1.000000 -0.187585 0.125886 2.980293 1.000000 -0.208450 -0.088387 2.924345 1.000000 -0.205413 -0.184658 2.910332 1.000000 0.219592 0.405308 3.031395 1.000000 0.267651 0.121666 3.035314 1.000000 0.293974 -0.101942 3.004710 1.000000 0.298614 -0.205196 2.979799 1.000000 -0.046932 0.007552 2.966993 1.000000 -0.105574 -0.513649 3.101937 1.000000 -0.137453 -0.851321 3.102906 1.000000 -0.168567 -0.939152 3.046973 1.000000 0.106100 0.001656 2.979495 1.000000 0.106987 -0.511011 3.102850 1.000000 0.128251 -0.874556 3.100267 1.000000 0.140005 -0.951727 3.051034 1.000000
31256390360 0.033027 0.081185 2.980243 1.000000 0.032827 0.149906 3.022073 1.000000 0.052588 0.513747 3.007173 1.000000 0.053038 0.694413 2.961602 1.000000 -0.122389 0.407731 3.002467 1.000000 -0.190379 0.125913 2.983821 1.000000 -0.220336 -0.086530 2.924003 1.000000 -0.220941 -0.183113 2.903632 1.000000 0.219447 0.405237 3.031409 1.000000 0.269698 0.123042 3.037187 1.000000 0.307661 -0.092598 3.007715 1.000000 0.314225 -0.195318 2.980789 1.000000 -0.046849 0.006936 2.967722 1.000000 -0.105329 -0.513351 3.101934 1.000000 -0.138072 -0.850775 3.101023 1.000000 -0.167957 -0.940446 3.049150 1.000000 0.106102 0.001763 2.979544 1.000000 0.107133 -0.510454 3.102957 1.000000 0.128085 -0.873983 3.099952 1.000000 0.140154 -0.951629 3.051138 1.000000
31256423813 0.033152 0.081359 2.980513 1.000000 0.033192 0.150055 3.022272 1.000000 0.052908 0.513820 3.007253 1.000000 0.053002 0.694578 2.961439 1.000000 -0.122386 0.407728 3.004282 1.000000 -0.195866 0.128237 2.991879 1.000000 -0.243357 -0.077674 2.918912 1.000000 -0.239807 -0.178372 2.892586 1.000000 0.218792 0.405534 3.031428 1.000000 0.273557 0.127926 3.041701 1.000000 0.333840 -0.089032 3.000849 1.000000 0.334004 -0.189530 2.973145 1.000000 -0.046699 0.007098 2.968064 1.000000 -0.103652 -0.509903 3.100208 1.000000 -0.137844 -0.849534 3.102712 1.000000 -0.168486 -0.940196 3.048600 1.000000 0.106155 0.002338 2.979852 1.000000 0.108077 -0.510193 3.103703 1.000000 0.127144 -0.873992 3.097682 1.000000 0.140120 -0.951669 3.051200 1.000000
31256457463 0.033166 0.081576 2.981282 1.000000 0.033272 0.150053 3.023353 1.000000 0.052903 0.513581 3.009514 1.000000 0.053280 0.695180 2.961635 1.000000 -0.122385 0.407421 3.005007 1.000000 -0.203063 0.132053 2.995235 1.000000 -0.275132 -0.081089 2.897867 1.000000 -0.271329 -0.168432 2.883198 1.000000 0.218605 0.405566 3.031574 1.000000 0.284887 0.127683 3.047172 1.000000 0.357038 -0.092417 2.996494 1.000000 0.365645 -0.175667 2.973073 1.000000 -0.046684 0.007384 2.968449 1.000000 -0.102851 -0.508439 3.100512 1.000000 -0.137600 -0.849112 3.104227 1.000000 -0.168202 -0.939027 3.045681 1.000000 0.106153 0.002556 2.980527 1.000000 0.108257 -0.510165 3.103585 1.000000 0.126761 -0.874852 3.094724 1.000000 0.140033 -0.951859 3.051168 1.000000
31256490366 0.033158 0.081665 2.981611 1.000000 0.033282 0.150179 3.023503 1.000000 0.052842 0.513643 3.008944 1.000000 0.053106 0.695240 2.961211 1.000000 -0.122373 0.407114 3.005293 1.000000 -0.214200 0.142897 2.997840 1.000000 -0.303333 -0.069397 2.889311 1.000000 -0.312744 -0.149902 2.861732 1.000000 0.218371 0.405526 3.031722 1.000000 0.293153 0.130871 3.049500 1.000000 0.383971 -0.076013 2.990232 1.000000 0.394529 -0.161873 2.956476 1.000000 -0.046693 0.007525 2.969324 1.000000 -0.102823 -0.508787 3.101601 1.000000 -0.137985 -0.858196 3.098391 1.000000 -0.167211 -0.941285 3.044568 1.000000 0.106150 0.002790 2.980859 1.000000 0.108922 -0.510875 3.103899 1.000000 0.126871 -0.874894 3.094914 1.000000 0.139913 -0.952375 3.052340 1.000000
31256524414 0.033249 0.081639 2.981734 1.000000 0.033571 0.150113 3.023640 1.000000 0.052925 0.513450 3.009023 1.000000 0.053346 0.695287 2.960963 1.000000 -0.122099 0.406278 3.006988 1.000000 -0.228446 0.157389 3.002952 1.000000 -0.327026 -0.038334 2.885644 1.000000 -0.348839 -0.116654 2.857858 1.000000 0.218311 0.405504 3.031807 1.000000 0.304259 0.140738 3.047999 1.000000 0.403646 -0.060993 2.987765 1.000000 0.421727 -0.159148 2.952839 1.000000 -0.046636 0.007571 2.969355 1.000000 -0.102799 -0.508909 3.101619 1.000000 -0.137979 -0.859062 3.098281 1.000000 -0.168104 -0.940988 3.043659 1.000000 0.106284 0.002718 2.981054 1.000000 0.109367 -0.510601 3.103686 1.000000 0.127006 -0.874799 3.095101 1.000000 0.139801 -0.952996 3.053256 1.000000
31256557525 0.033149 0.081813 2.982046 1.000000 0.033590 0.150207 3.023926 1.000000 0.053120 0.513257 3.009286 1.000000 0.053187 0.695531 2.960031 1.000000 -0.122087 0.406240 3.007965 1.000000 -0.240632 0.173029 3.008501 1.000000 -0.365723 -0.007351 2.875408 1.000000 -0.377019 -0.092066 2.845708 1.000000 0.217915 0.405375 3.032199 1.000000 0.320176 0.141228 3.050622 1.000000 0.446521 -0.031945 2.988862 1.000000 0.451904 -0.095764 2.943767 1.000000 -0.046872 0.007978 2.970040 1.000000 -0.102759 -0.508781 3.101326 1.000000 -0.137460 -0.860797 3.098141 1.000000 -0.169206 -0.941393 3.044523 1.000000 0.106151 0.002945 2.981125 1.000000 0.109496 -0.510392 3.103552 1.000000 0.126680 -0.873375 3.096883 1.000000 0.139584 -0.952966 3.053531 1.000000
31256590549 0.032906 0.082158 2.982322 1.000000 0.033493 0.150374 3.023981 1.000000 0.052908 0.512052 3.008781 1.000000 0.053217 0.695495 2.959746 1.000000 -0.122589 0.406814 3.009401 1.000000 -0.252786 0.185385 3.006874 1.000000 -0.383992 0.016732 2.872365 1.000000 -0.421387 -0.045502 2.836348 1.000000 0.218197 0.404082 3.033140 1.000000 0.341939 0.144958 3.060132 1.000000 0.464936 -0.023664 2.977933 1.000000 0.495836 -0.084662 2.928489 1.000000 -0.047346 0.008412 2.970352 1.000000 -0.101596 -0.508390 3.101730 1.000000 -0.137556 -0.861352 3.099300 1.000000 -0.170511 -0.939741 3.047915 1.000000 0.106033 0.003032 2.981354 1.000000 0.109642 -0.510541 3.103575 1.000000 0.129097 -0.871591 3.100760 1.000000 0.139150 -0.952926 3.052953 1.000000
31256623716 0.032719 0.082683 2.982753 1.000000 0.033622 0.150772 3.024397 1.000000 0.053212 0.512186 3.009398 1.000000 0.053176 0.695605 2.959773 1.000000 -0.123177 0.407391 3.011714 1.000000 -0.279200 0.191809 3.000184 1.000000 -0.415923 0.046310 2.871564 1.000000 -0.463867 -0.013084 2.826584 1.000000 0.218601 0.403550 3.033423 1.000000 0.349004 0.156463 3.058250 1.000000 0.498241 0.013358 2.970320 1.000000 0.535156 -0.050537 2.945725 1.000000 -0.047833 0.008844 2.970649 1.000000 -0.101424 -0.508325 3.101743 1.000000 -0.137665 -0.861178 3.098977 1.000000 -0.169949 -0.938557 3.047014 1.000000 0.105975 0.003223 2.981559 1.000000 0.110430 -0.508662 3.101821 1.000000 0.128950 -0.871515 3.100514 1.000000 0.139222 -0.953119 3.053597 1.000000
31256657227 0.032587 0.083016 2.983034 1.000000 0.033749 0.151017 3.024575 1.000000 0.053017 0.512156 3.009445 1.000000 0.053077 0.695230 2.960116 1.000000 -0.125008 0.407717 3.014239 1.000000 -0.285590 0.202732 3.003019 1.000000 -0.442602 0.092702 2.882184 1.000000 -0.498788 0.028564 2.818463 1.000000 0.219105 0.402958 3.033689 1.000000 0.380577 0.172539 3.066786 1.000000 0.524593 0.029180 2.969595 1.000000 0.573730 -0.013641 2.939868 1.000000 -0.048278 0.009281 2.971008 1.000000 -0.098870 -0.505577 3.101780 1.000000 -0.137371 -0.860781 3.099242 1.000000 -0.169974 -0.938473 3.046897 1.000000 0.106051 0.003114 2.981695 1.000000 0.110792 -0.508901 3.101831 1.000000 0.127682 -0.871036 3.094822 1.000000 0.139662 -0.952820 3.052553 1.000000
31256690516 0.032347 0.083430 2.983603 1.000000 0.033614 0.151315 3.024762 1.000000 0.052460 0.511648 3.009018 1.000000 0.052685 0.695079 2.959702 1.000000 -0.126507 0.407716 3.015319 1.000000 -0.304700 0.221911 3.005033 1.000000 -0.474202 0.136639 2.880708 1.000000 -0.539555 0.082700 2.816250 1.000000 0.219440 0.402677 3.034101 1.000000 0.381644 0.186836 3.067573 1.000000 0.551257 0.071603 2.974956 1.000000 0.597168 0.038483 2.953542 1.000000 -0.049020 0.009561 2.972136 1.000000 -0.098837 -0.505571 3.101788 1.000000 -0.137190 -0.862358 3.099290 1.000000 -0.169893 -0.941531 3.048990 1.000000 0.106137 0.003063 2.982021 1.000000 0.111006 -0.507723 3.100301 1.000000 0.127574 -0.871260 3.094259 1.000000 0.139760 -0.953313 3.053021 1.000000
31256724753 0.031865 0.084728 2.984118 1.000000 0.033089 0.152290 3.025021 1.000000 0.051890 0.511550 3.009137 1.000000 0.052394 0.695177 2.959587 1.000000 -0.128568 0.408103 3.016787 1.000000 -0.316862 0.237679 3.000501 1.000000 -0.490085 0.157346 2.878217 1.000000 -0.563347 0.131766 2.805238 1.000000 0.220293 0.402957 3.035974 1.000000 0.422090 0.211424 3.062520 1.000000 0.582202 0.086388 2.965109 1.000000 0.636719 0.065247 2.937918 1.000000 -0.049950 0.010374 2.972561 1.000000 -0.087227 -0.507853 3.102784 1.000000 -0.136970 -0.860933 3.102426 1.000000 -0.170141 -0.940735 3.048697 1.000000 0.106212 0.003309 2.982210 1.000000 0.112299 -0.510171 3.101665 1.000000 0.127343 -0.871942 3.095020 1.000000 0.139930 -0.953267 3.052861 1.000000
31256757635 0.031671 0.085635 2.984404 1.000000 0.032601 0.153053 3.025094 1.000000 0.051392 0.511616 3.009236 1.000000 0.052599 0.694978 2.959486 1.000000 -0.129877 0.407955 3.017305 1.000000 -0.328876 0.256067 2.998805 1.000000 -0.520354 0.221843 2.882991 1.000000 -0.577727 0.203692 2.832218 1.000000 0.221388 0.403589 3.038743 1.000000 0.424984 0.218532 3.065652 1.000000 0.617127 0.138225 2.981740 1.000000 0.702470 0.098868 2.931595 1.000000 -0.050397 0.010922 2.972632 1.000000 -0.090166 -0.506333 3.103058 1.000000 -0.136719 -0.853964 3.106788 1.000000 -0.170350 -0.940441 3.049465 1.000000 0.106375 0.003470 2.982425 1.000000 0.112487 -0.509662 3.101233 1.000000 0.127068 -0.871731 3.095253 1.000000 0.138810 -0.951748 3.049571 1.000000
31256790382 0.031045 0.087096 2.985024 1.000000 0.031995 0.154017 3.025353 1.000000 0.051056 0.511072 3.009336 1.000000 0.052261 0.689488 2.960045 1.000000 -0.132186 0.407479 3.017437 1.000000 -0.343501 0.279227 2.998169 1.000000 -0.535914 0.242522 2.884984 1.000000 -0.583984 0.251953 2.828546 1.000000 0.222743 0.403055 3.040025 1.000000 0.437505 0.238061 3.064767 1.000000 0.640406 0.176739 2.992897 1.000000 0.706866 0.156351 2.955941 1.000000 -0.051946 0.011827 2.972857 1.000000 -0.094766 -0.500330 3.099372 1.000000 -0.137088 -0.855643 3.105717 1.000000 -0.169897 -0.941491 3.052096 1.000000 0.106447 0.003717 2.982985 1.000000 0.112502 -0.507240 3.099484 1.000000 0.126959 -0.870593 3.097542 1.000000 0.138748 -0.951355 3.049298 1.000000
31256824547 0.030669 0.089109 2.985666 1.000000 0.031499 0.155612 3.025731 1.000000 0.050703 0.510995 3.009592 1.000000 0.052317 0.688925 2.959594 1.000000 -0.134287 0.408098 3.017951 1.000000 -0.340982 0.296477 2.992101 1.000000 -0.542359 0.310808 2.891705 1.000000 -0.568359 0.313721 2.853938 1.000000 0.224098 0.402667 3.041466 1.000000 0.443811 0.266068 3.061483 1.000000 0.657720 0.227539 3.014738 1.000000 0.726905 0.215638 2.979193 1.000000 -0.052991 0.013206 2.972826 1.000000 -0.095306 -0.499937 3.098623 1.000000 -0.138608 -0.859697 3.100578 1.000000 -0.170847 -0.943739 3.052216 1.000000 0.106763 0.004205 2.983765 1.000000 0.112514 -0.504477 3.098145 1.000000 0.126878 -0.870194 3.098828 1.000000 0.138726 -0.951142 3.049394 1.000000
31256867606 0.031083 0.099364 2.985782 1.000000 0.031743 0.162652 3.025715 1.000000 0.050620 0.510777 3.009624 1.000000 0.050476 0.676727 2.957442 1.000000 -0.137376 0.408882 3.018946 1.000000 -0.365974 0.327928 2.985031 1.000000 -0.565678 0.361509 2.886086 1.000000 -0.624569 0.371797 2.835000 1.000000 0.225745 0.402652 3.042180 1.000000 0.475549 0.295097 3.062332 1.000000 0.691891 0.283205 3.011433 1.000000 0.761109 0.278845 2.974371 1.000000 -0.055058 0.020512 2.971597 1.000000 -0.092127 -0.486678 3.097261 1.000000 -0.127542 -0.892093 3.074153 1.000000 -0.056183 -0.948730 3.050680 1.000000 0.109345 0.010537 2.984629 1.000000 0.099092 -0.442593 3.065929 1.000000 0.122399 -0.866814 3.100764 1.000000 0.141040 -0.955130 3.056277 1.000000
31256900355 0.031076 0.099707 2.985881 1.000000 0.031545 0.163185 3.025730 1.000000 0.050489 0.510632 3.010047 1.000000 0.049896 0.676592 2.957204 1.000000 -0.142007 0.410588 3.018619 1.000000 -0.370254 0.346872 2.982110 1.000000 -0.561600 0.416637 2.885969 1.000000 -0.589844 0.439941 2.844172 1.000000 0.228328 0.402453 3.043924 1.000000 0.488673 0.328823 3.064053 1.000000 0.704778 0.333456 3.010338 1.000000 0.733398 0.336914 2.978938 1.000000 -0.055392 0.020661 2.971177 1.000000 -0.094367 -0.488655 3.096471 1.000000 -0.132102 -0.868723 3.090448 1.000000 -0.171753 -0.938965 3.040916 1.000000 0.109662 0.010468 2.985080 1.000000 0.106628 -0.495361 3.090167 1.000000 0.124640 -0.860426 3.096735 1.000000 0.140980 -0.954493 3.055477 1.000000
31256933231 0.031115 0.101051 2.985773 1.000000 0.031320 0.164741 3.025575 1.000000 0.050147 0.510877 3.010242 1.000000 0.049844 0.679879 2.955925 1.000000 -0.145117 0.411745 3.016814 1.000000 -0.377440 0.365629 2.982246 1.000000 -0.559557 0.457135 2.886463 1.000000 -0.586426 0.492676 2.850033 1.000000 0.231068 0.403956 3.044258 1.000000 0.502902 0.349397 3.064267 1.000000 0.714796 0.389792 3.008249 1.000000 0.788265 0.396052 2.980943 1.000000 -0.055733 0.021261 2.970439 1.000000 -0.095567 -0.494072 3.096977 1.000000 -0.134141 -0.867655 3.092151 1.000000 -0.172165 -0.940360 3.043962 1.000000 0.110099 0.010851 2.985295 1.000000 0.108459 -0.499807 3.094353 1.000000 0.124084 -0.862852 3.096035 1.000000 0.139865 -0.954172 3.052976 1.000000
31256965200 0.030962 0.102876 2.985704 1.000000 0.030670 0.166428 3.025728 1.000000 0.047326 0.511338 3.011688 1.000000 0.049527 0.677613 2.957649 1.000000 -0.148121 0.416836 3.015143 1.000000 -0.429688 0.420166 2.976466 1.000000 -0.587493 0.533215 2.859879 1.000000 -0.645991 0.543171 2.808358 1.000000 0.235334 0.406444 3.044571 1.000000 0.498187 0.363044 3.065367 1.000000 0.705762 0.425425 3.014764 1.000000 0.732422 0.446777 2.988705 1.000000 -0.056028 0.021391 2.969963 1.000000 -0.096161 -0.495044 3.096835 1.000000 -0.136048 -0.870881 3.089674 1.000000 -0.172950 -0.947023 3.049143 1.000000 0.111100 0.012471 2.985298 1.000000 0.111183 -0.493574 3.094253 1.000000 0.124327 -0.863382 3.096784 1.000000 0.139435 -0.953449 3.051974 1.000000
31256995970 0.031328 0.105136 2.985972 1.000000 0.030785 0.168173 3.026229 1.000000 0.047239 0.511066 3.012509 1.000000 0.049060 0.673260 2.956658 1.000000 -0.150780 0.419866 3.014820 1.000000 -0.429688 0.433560 2.976467 1.000000 -0.583984 0.609863 2.861753 1.000000 -0.630579 0.651719 2.814369 1.000000 0.238851 0.408873 3.045947 1.000000 0.494867 0.400561 3.071308 1.000000 0.699880 0.466232 3.012914 1.000000 0.764157 0.502351 2.985857 1.000000 -0.056268 0.021528 2.969490 1.000000 -0.097135 -0.496036 3.096703 1.000000 -0.138583 -0.875815 3.087689 1.000000 -0.167772 -0.948023 3.044623 1.000000 0.112467 0.014485 2.985930 1.000000 0.111027 -0.493344 3.094082 1.000000 0.123928 -0.865527 3.095140 1.000000 0.139252 -0.953389 3.052169 1.000000
31257051037 0.031387 0.107126 2.986185 1.000000 0.030464 0.170599 3.026557 1.000000 0.046835 0.513294 3.012832 1.000000 0.049160 0.678911 2.951566 1.000000 -0.153148 0.423742 3.013981 1.000000 -0.421597 0.466558 2.981323 1.000000 -0.546387 0.642090 2.879333 1.000000 -0.576850 0.699323 2.835023 1.000000 0.240614 0.417015 3.048945 1.000000 0.500137 0.432017 3.071999 1.000000 0.691915 0.534697 3.026064 1.000000 0.756181 0.576762 3.009705 1.000000 -0.056361 0.022129 2.969587 1.000000 -0.101072 -0.507514 3.101342 1.000000 -0.139712 -0.875008 3.091708 1.000000 -0.168996 -0.950207 3.043773 1.000000 0.112764 0.015837 2.985922 1.000000 0.111094 -0.493428 3.093977 1.000000 0.123583 -0.866976 3.093628 1.000000 0.139365 -0.953427 3.052092 1.000000
31257084162 0.031419 0.113679 2.986260 1.000000 0.030137 0.175529 3.027167 1.000000 0.046023 0.513613 3.014050 1.000000 0.049554 0.677353 2.950801 1.000000 -0.155575 0.431096 3.013221 1.000000 -0.402905 0.479141 2.985981 1.000000 -0.513184 0.684082 2.898864 1.000000 -0.547290 0.746882 2.866382 1.000000 0.240798 0.421736 3.049012 1.000000 0.493325 0.461987 3.073668 1.000000 0.685499 0.566660 3.037982 1.000000 0.735396 0.627202 3.035316 1.000000 -0.056546 0.030277 2.968069 1.000000 -0.100942 -0.501694 3.098752 1.000000 -0.139698 -0.872549 3.092601 1.000000 -0.168294 -0.948691 3.047372 1.000000 0.113291 0.019000 2.985791 1.000000 0.110946 -0.493241 3.093986 1.000000 0.124430 -0.867229 3.095713 1.000000 0.139271 -0.953441 3.051850 1.000000
31257117621 0.029608 0.144232 2.982348 1.000000 0.028923 0.196677 3.025481 1.000000 0.046282 0.513369 3.014791 1.000000 0.045242 0.669654 2.948115 1.000000 -0.157319 0.435461 3.012854 1.000000 -0.399929 0.491323 2.987084 1.000000 -0.490240 0.704752 2.917051 1.000000 -0.506371 0.777166 2.891446 1.000000 0.245682 0.442038 3.052921 1.000000 0.489924 0.480554 3.072744 1.000000 0.654409 0.623842 3.031273 1.000000 0.699219 0.676270 3.008236 1.000000 -0.062109 0.047972 2.963393 1.000000 -0.100381 -0.490031 3.096467 1.000000 -0.138862 -0.877138 3.078079 1.000000 -0.168677 -0.950711 3.047368 1.000000 0.114048 0.059148 2.976624 1.000000 0.085936 -0.395292 3.046245 1.000000 0.114458 -0.818235 3.088330 1.000000 0.123373 -0.861562 2.998491 1.000000
31257150565 0.031223 0.140464 2.983054 1.000000 0.029421 0.195804 3.026102 1.000000 0.046634 0.513627 3.014718 1.000000 0.045352 0.670252 2.947131 1.000000 -0.158691 0.440771 3.011262 1.000000 -0.391602 0.545410 2.990138 1.000000 -0.468657 0.745828 2.929212 1.000000 -0.481127 0.847713 2.901918 1.000000 0.245718 0.444328 3.053375 1.000000 0.491604 0.508040 3.073767 1.000000 0.643555 0.684570 3.025815 1.000000 0.690555 0.736547 2.990426 1.000000 -0.060308 0.046381 2.963814 1.000000 -0.100724 -0.490676 3.096415 1.000000 -0.139536 -0.874672 3.087593 1.000000 -0.166758 -0.946103 3.049276 1.000000 0.115512 0.049809 2.979985 1.000000 0.108337 -0.504883 3.097984 1.000000 0.123792 -0.869941 3.090120 1.000000 0.139742 -0.954344 3.051558 1.000000
31257199167 0.031826 0.138574 2.983707 1.000000 0.029453 0.195187 3.026816 1.000000 0.046759 0.513841 3.014993 1.000000 0.045614 0.670279 2.945690 1.000000 -0.159165 0.441669 3.010796 1.000000 -0.387559 0.557171 2.988178 1.000000 -0.447455 0.764093 2.930558 1.000000 -0.446778 0.867816 2.907746 1.000000 0.247387 0.449199 3.056683 1.000000 0.481614 0.514070 3.072995 1.000000 0.612981 0.693586 3.030519 1.000000 0.652239 0.762351 3.000191 1.000000 -0.059652 0.045414 2.964014 1.000000 -0.101420 -0.491525 3.096968 1.000000 -0.140626 -0.874896 3.086621 1.000000 -0.170997 -0.947265 3.035185 1.000000 0.116143 0.045960 2.981666 1.000000 0.108496 -0.502812 3.096144 1.000000 0.123937 -0.869916 3.090402 1.000000 0.139578 -0.953908 3.051261 1.000000
31257232387 0.031865 0.138576 2.983742 1.000000 0.029421 0.195374 3.027239 1.000000 0.046957 0.515894 3.015189 1.000000 0.044776 0.683455 2.941503 1.000000 -0.159341 0.443964 3.009252 1.000000 -0.384465 0.585742 2.980657 1.000000 -0.420961 0.800931 2.940287 1.000000 -0.412562 0.902990 2.912101 1.000000 0.247666 0.452111 3.056279 1.000000 0.473364 0.525648 3.081517 1.000000 0.589876 0.720031 3.033128 1.000000 0.610200 0.793614 3.014812 1.000000 -0.059121 0.046506 2.964147 1.000000 -0.101479 -0.491955 3.096881 1.000000 -0.139816 -0.874282 3.087442 1.000000 -0.171570 -0.946730 3.035704 1.000000 0.116059 0.045486 2.981860 1.000000 0.108369 -0.502164 3.096362 1.000000 0.123968 -0.869889 3.090448 1.000000 0.139563 -0.953890 3.051248 1.000000
31257282457 0.031716 0.138930 2.983817 1.000000 0.029362 0.195909 3.027580 1.000000 0.047748 0.516178 3.015035 1.000000 0.044276 0.682110 2.941361 1.000000 -0.160204 0.457278 3.008679 1.000000 -0.377290 0.593607 2.983268 1.000000 -0.397533 0.811068 2.944142 1.000000 -0.375691 0.914143 2.930817 1.000000 0.247560 0.454027 3.054690 1.000000 0.465540 0.556817 3.078716 1.000000 0.566865 0.749283 3.032953 1.000000 0.589112 0.847680 2.999752 1.000000 -0.059457 0.048580 2.964508 1.000000 -0.087157 -0.498380 3.097501 1.000000 -0.138885 -0.870310 3.096171 1.000000 -0.169484 -0.946365 3.043124 1.000000 0.115320 0.045493 2.981940 1.000000 0.108098 -0.500810 3.096985 1.000000 0.124344 -0.870114 3.092146 1.000000 0.138603 -0.951587 3.046640 1.000000
31257315165 0.032017 0.139267 2.984385 1.000000 0.029937 0.196413 3.028608 1.000000 0.048195 0.516911 3.016184 1.000000 0.042653 0.676570 2.943889 1.000000 -0.159061 0.458276 3.007854 1.000000 -0.361527 0.611262 2.979917 1.000000 -0.353516 0.830651 2.953408 1.000000 -0.342224 0.934976 2.937107 1.000000 0.247702 0.457245 3.051945 1.000000 0.469147 0.593685 3.076443 1.000000 0.541501 0.793433 3.006372 1.000000 0.552843 0.895299 2.978593 1.000000 -0.058359 0.049999 2.965437 1.000000 -0.093772 -0.491972 3.093328 1.000000 -0.132294 -0.836952 3.110813 1.000000 -0.163825 -0.930227 3.051136 1.000000 0.115267 0.045674 2.982285 1.000000 0.103344 -0.495019 3.095076 1.000000 0.124467 -0.869551 3.094751 1.000000 0.138991 -0.951028 3.046153 1.000000
31257337204 0.032200 0.139559 2.984794 1.000000 0.030382 0.196798 3.029347 1.000000 0.048496 0.517131 3.016565 1.000000 0.043322 0.675168 2.944555 1.000000 -0.157598 0.459081 3.007549 1.000000 -0.350500 0.626240 2.977807 1.000000 -0.336491 0.845414 2.952309 1.000000 -0.308056 0.918109 2.944167 1.000000 0.248441 0.461886 3.049795 1.000000 0.473145 0.646973 3.052640 1.000000 0.530804 0.854183 2.993393 1.000000 0.528421 0.956105 2.963716 1.000000 -0.057599 0.051177 2.966318 1.000000 -0.097634 -0.488177 3.090897 1.000000 -0.133141 -0.841207 3.105033 1.000000 -0.167219 -0.934990 3.047563 1.000000 0.115126 0.045855 2.982510 1.000000 0.104294 -0.492302 3.092663 1.000000 0.124406 -0.873282 3.085567 1.000000 0.138965 -0.955342 3.050466 1.000000
31257382464 0.032405 0.140216 2.985095 1.000000 0.030629 0.197479 3.029800 1.000000 0.048515 0.517178 3.016545 1.000000 0.043452 0.675106 2.945055 1.000000 -0.155308 0.460781 3.006743 1.000000 -0.335779 0.637013 2.979361 1.000000 -0.279721 0.849711 2.962844 1.000000 -0.233494 0.944650 2.951994 1.000000 0.249389 0.468742 3.048828 1.000000 0.468807 0.650643 3.053975 1.000000 0.493207 0.863374 2.990382 1.000000 0.492209 0.941385 2.998702 1.000000 -0.056670 0.053061 2.967287 1.000000 -0.098680 -0.489381 3.091894 1.000000 -0.136170 -0.859293 3.090587 1.000000 -0.171165 -0.943901 3.042660 1.000000 0.114977 0.046397 2.982630 1.000000 0.105013 -0.492975 3.093165 1.000000 0.124604 -0.873507 3.085995 1.000000 0.138862 -0.955596 3.050642 1.000000
31257415198 0.032459 0.141757 2.985703 1.000000 0.030764 0.199085 3.030684 1.000000 0.048790 0.518102 3.017388 1.000000 0.045028 0.677916 2.947401 1.000000 -0.153808 0.462016 3.006634 1.000000 -0.323688 0.656531 2.974708 1.000000 -0.269774 0.869820 2.960409 1.000000 -0.223561 0.964732 2.949562 1.000000 0.250156 0.474153 3.048938 1.000000 0.459820 0.651160 3.052572 1.000000 0.471794 0.865904 2.993135 1.000000 0.490790 0.941517 3.001747 1.000000 -0.056270 0.055111 2.968307 1.000000 -0.098949 -0.489442 3.092306 1.000000 -0.136758 -0.851264 3.097373 1.000000 -0.171244 -0.942897 3.043691 1.000000 0.114341 0.048360 2.982629 1.000000 0.105341 -0.492723 3.093249 1.000000 0.125352 -0.872584 3.090921 1.000000 0.138372 -0.954887 3.050647 1.000000
31257437189 0.033507 0.143720 2.987501 1.000000 0.031731 0.200945 3.032297 1.000000 0.049015 0.518429 3.017889 1.000000 0.044618 0.676449 2.948345 1.000000 -0.152679 0.463041 3.006208 1.000000 -0.317891 0.672270 2.976868 1.000000 -0.237046 0.876598 2.952715 1.000000 -0.190846 0.971482 2.941871 1.000000 0.248723 0.477388 3.047939 1.000000 0.449931 0.653292 3.048984 1.000000 0.420511 0.866133 2.988499 1.000000 0.440624 0.941472 2.996758 1.000000 -0.054045 0.057596 2.970175 1.000000 -0.100419 -0.476661 3.089201 1.000000 -0.136945 -0.852072 3.097141 1.000000 -0.170543 -0.941765 3.042408 1.000000 0.114609 0.051519 2.985166 1.000000 0.105014 -0.466360 3.078744 1.000000 0.124990 -0.872014 3.089189 1.000000 0.138445 -0.954456 3.049870 1.000000
31257482558 0.032875 0.144316 2.987788 1.000000 0.031372 0.201452 3.032758 1.000000 0.049844 0.519027 3.018875 1.000000 0.047834 0.675776 2.952075 1.000000 -0.148736 0.465629 3.006798 1.000000 -0.312079 0.673480 2.976726 1.000000 -0.222195 0.873181 2.942368 1.000000 -0.182895 0.932125 2.908785 1.000000 0.249025 0.478225 3.047834 1.000000 0.439282 0.654490 3.044121 1.000000 0.407999 0.866928 2.983002 1.000000 0.428034 0.942279 2.991219 1.000000 -0.056034 0.058882 2.970957 1.000000 -0.103822 -0.504657 3.097427 1.000000 -0.140129 -0.862647 3.093576 1.000000 -0.170612 -0.942395 3.042233 1.000000 0.113584 0.052741 2.984874 1.000000 0.096000 -0.476169 3.086125 1.000000 0.125131 -0.870912 3.091542 1.000000 0.138425 -0.953409 3.049700 1.000000
31257532530 0.032216 0.145862 2.988281 1.000000 0.031019 0.202755 3.033682 1.000000 0.051380 0.520198 3.020968 1.000000 0.048889 0.675424 2.956111 1.000000 -0.146217 0.465287 3.006651 1.000000 -0.298676 0.671370 2.977603 1.000000 -0.213041 0.872063 2.936232 1.000000 -0.177851 0.937534 2.911342 1.000000 0.248599 0.479681 3.047715 1.000000 0.429726 0.659507 3.040735 1.000000 0.379349 0.868003 2.978603 1.000000 0.399267 0.943374 2.986775 1.000000 -0.057470 0.061527 2.972145 1.000000 -0.102035 -0.500347 3.095749 1.000000 -0.139718 -0.864325 3.093219 1.000000 -0.170094 -0.945274 3.046067 1.000000 0.112082 0.055894 2.984109 1.000000 0.095867 -0.477235 3.086756 1.000000 0.125538 -0.870779 3.092871 1.000000 0.138145 -0.952843 3.049037 1.000000
31257566042 0.032531 0.154688 2.990065 1.000000 0.031611 0.209149 3.035955 1.000000 0.052243 0.520157 3.023344 1.000000 0.048538 0.674530 2.955355 1.000000 -0.142557 0.467551 3.007659 1.000000 -0.285412 0.665884 2.978029 1.000000 -0.184700 0.856630 2.921553 1.000000 -0.124509 0.905682 2.910933 1.000000 0.245954 0.480949 3.047096 1.000000 0.417440 0.681172 3.026005 1.000000 0.309968 0.868823 2.972339 1.000000 0.329830 0.944194 2.980488 1.000000 -0.056526 0.073893 2.973534 1.000000 -0.104553 -0.405273 3.060851 1.000000 -0.136421 -0.830007 3.089102 1.000000 -0.166230 -0.933706 3.048974 1.000000 0.111565 0.068917 2.984864 1.000000 0.100708 -0.427002 3.068663 1.000000 0.122882 -0.853599 3.085985 1.000000 0.131781 -0.896862 2.996153 1.000000
31257599220 0.033655 0.157706 2.991359 1.000000 0.032960 0.212403 3.038029 1.000000 0.053082 0.522912 3.026247 1.000000 0.047930 0.681142 2.956031 1.000000 -0.140080 0.468160 3.008205 1.000000 -0.282151 0.665667 2.977622 1.000000 -0.146487 0.834560 2.926134 1.000000 -0.100525 0.855957 2.926194 1.000000 0.246158 0.489009 3.046339 1.000000 0.415414 0.683084 3.024866 1.000000 0.284754 0.853730 2.964739 1.000000 0.304610 0.929080 2.972885 1.000000 -0.054043 0.075928 2.974745 1.000000 -0.101318 -0.492676 3.096002 1.000000 -0.138921 -0.865116 3.093359 1.000000 -0.167666 -0.943949 3.048652 1.000000 0.111699 0.072116 2.985605 1.000000 0.108521 -0.487305 3.094049 1.000000 0.123711 -0.871684 3.091702 1.000000 0.138798 -0.954421 3.054128 1.000000
31257632590 0.033130 0.160439 2.991814 1.000000 0.032634 0.214962 3.038920 1.000000 0.052965 0.523838 3.026724 1.000000 0.045713 0.676569 2.958375 1.000000 -0.139473 0.470981 3.009663 1.000000 -0.279206 0.666479 2.977326 1.000000 -0.143686 0.835393 2.925509 1.000000 -0.093465 0.853295 2.926951 1.000000 0.245981 0.490047 3.045864 1.000000 0.411760 0.683924 3.023309 1.000000 0.277973 0.851309 2.960399 1.000000 0.297823 0.926637 2.968543 1.000000 -0.054726 0.078378 2.975579 1.000000 -0.101256 -0.492463 3.095852 1.000000 -0.139108 -0.864318 3.093390 1.000000 -0.166804 -0.944564 3.046540 1.000000 0.111384 0.073816 2.985449 1.000000 0.109946 -0.476504 3.088216 1.000000 0.124808 -0.871759 3.093202 1.000000 0.138700 -0.954207 3.050617 1.000000
31257666082 0.033550 0.161962 2.992941 1.000000 0.032843 0.216443 3.040332 1.000000 0.051563 0.525185 3.027731 1.000000 0.043371 0.674335 2.959887 1.000000 -0.139108 0.472336 3.010864 1.000000 -0.275084 0.667694 2.975242 1.000000 -0.144227 0.838984 2.918259 1.000000 -0.100608 0.896080 2.903646 1.000000 0.246716 0.492069 3.046134 1.000000 0.408292 0.684363 3.022255 1.000000 0.264849 0.841425 2.953066 1.000000 0.284694 0.916736 2.961208 1.000000 -0.052821 0.079428 2.977383 1.000000 -0.100334 -0.485713 3.093689 1.000000 -0.135647 -0.840944 3.106488 1.000000 -0.164023 -0.935319 3.046999 1.000000 0.111476 0.074840 2.986054 1.000000 0.110566 -0.480600 3.089349 1.000000 0.125250 -0.871287 3.093770 1.000000 0.139644 -0.954557 3.052106 1.000000
31257699374 0.033362 0.166994 2.994617 1.000000 0.032666 0.220714 3.042515 1.000000 0.050860 0.526763 3.030052 1.000000 0.034102 0.669371 2.954804 1.000000 -0.140974 0.479945 3.013718 1.000000 -0.268091 0.674854 2.968083 1.000000 -0.133724 0.840948 2.902646 1.000000 -0.088935 0.896313 2.885215 1.000000 0.247359 0.492639 3.046872 1.000000 0.405902 0.685952 3.018316 1.000000 0.252444 0.830272 2.941939 1.000000 0.272285 0.905564 2.950079 1.000000 -0.053542 0.083622 2.978987 1.000000 -0.099562 -0.484755 3.094052 1.000000 -0.135705 -0.841116 3.106534 1.000000 -0.163088 -0.933286 3.043226 1.000000 0.111907 0.077324 2.986372 1.000000 0.110486 -0.481099 3.089926 1.000000 0.125187 -0.871635 3.094494 1.000000 0.139378 -0.952668 3.049855 1.000000
31257732643 0.033811 0.168404 2.994837 1.000000 0.033455 0.223880 3.042725 1.000000 0.055119 0.539599 3.027755 1.000000 0.045513 0.746910 2.967377 1.000000 -0.141072 0.479920 3.013838 1.000000 -0.266072 0.678415 2.965863 1.000000 -0.127080 0.839857 2.898084 1.000000 -0.063141 0.870151 2.864604 1.000000 0.246926 0.492844 3.047099 1.000000 0.403649 0.686465 3.016125 1.000000 0.244312 0.820754 2.932660 1.000000 0.264150 0.896034 2.940799 1.000000 -0.053318 0.084608 2.979151 1.000000 -0.099310 -0.488621 3.095747 1.000000 -0.135194 -0.832134 3.108970 1.000000 -0.161693 -0.928440 3.051692 1.000000 0.112220 0.079468 2.987612 1.000000 0.109661 -0.485311 3.091774 1.000000 0.125202 -0.871661 3.094468 1.000000 0.139785 -0.952784 3.049233 1.000000
31257766030 0.034747 0.171254 2.993745 1.000000 0.035199 0.232148 3.037313 1.000000 0.058584 0.558385 3.001763 1.000000 0.075475 0.785549 3.007596 1.000000 -0.140111 0.484357 3.015069 1.000000 -0.262653 0.679495 2.961555 1.000000 -0.117133 0.836729 2.898843 1.000000 -0.058048 0.877561 2.867744 1.000000 0.247265 0.496392 3.046048 1.000000 0.400861 0.687711 3.012245 1.000000 0.237098 0.813843 2.924079 1.000000 0.256933 0.889114 2.932217 1.000000 -0.052448 0.087147 2.980139 1.000000 -0.080491 -0.498285 3.098450 1.000000 -0.138392 -0.864140 3.096202 1.000000 -0.166749 -0.939669 3.044342 1.000000 0.112818 0.082060 2.988073 1.000000 0.109954 -0.485896 3.092041 1.000000 0.125247 -0.872270 3.095576 1.000000 0.139656 -0.952803 3.049310 1.000000
31257799352 0.034704 0.172821 2.992929 1.000000 0.035230 0.234937 3.032743 1.000000 0.056496 0.559880 2.997158 1.000000 0.067191 0.786879 2.998972 1.000000 -0.140268 0.484026 3.014770 1.000000 -0.262589 0.679150 2.961304 1.000000 -0.111591 0.829294 2.893395 1.000000 -0.056548 0.878443 2.867351 1.000000 0.245924 0.504742 3.044890 1.000000 0.398922 0.688076 3.011290 1.000000 0.232446 0.806818 2.917346 1.000000 0.252278 0.882078 2.925482 1.000000 -0.052214 0.088016 2.980693 1.000000 -0.086487 -0.496149 3.100399 1.000000 -0.138183 -0.864886 3.096124 1.000000 -0.169219 -0.940181 3.043547 1.000000 0.112627 0.083998 2.988399 1.000000 0.110047 -0.486250 3.092455 1.000000 0.125290 -0.872304 3.096264 1.000000 0.138643 -0.952477 3.049816 1.000000
31257832823 0.034265 0.173406 2.992791 1.000000 0.034926 0.235765 3.030052 1.000000 0.056082 0.560178 2.996973 1.000000 0.054610 0.787320 2.997702 1.000000 -0.140472 0.483626 3.015094 1.000000 -0.261771 0.678787 2.959719 1.000000 -0.108633 0.827126 2.892972 1.000000 -0.048835 0.870390 2.867004 1.000000 0.245298 0.504534 3.044924 1.000000 0.393442 0.686304 3.008612 1.000000 0.221855 0.801933 2.921190 1.000000 0.241685 0.877182 2.929325 1.000000 -0.052643 0.088674 2.981159 1.000000 -0.089413 -0.494903 3.100269 1.000000 -0.138911 -0.866288 3.089375 1.000000 -0.169275 -0.941427 3.044073 1.000000 0.111853 0.085002 2.989001 1.000000 0.109603 -0.486393 3.092842 1.000000 0.125327 -0.872256 3.096314 1.000000 0.138494 -0.951818 3.049115 1.000000
31257866025 0.034294 0.174723 2.993074 1.000000 0.034998 0.236131 3.028638 1.000000 0.055290 0.557119 3.001226 1.000000 0.054222 0.782549 2.992562 1.000000 -0.140918 0.483257 3.014730 1.000000 -0.261302 0.677741 2.957231 1.000000 -0.106018 0.824437 2.892307 1.000000 -0.046988 0.867922 2.865026 1.000000 0.245489 0.506637 3.045386 1.000000 0.390364 0.685614 3.007878 1.000000 0.219155 0.801865 2.920661 1.000000 0.238981 0.877103 2.928795 1.000000 -0.052646 0.089390 2.981383 1.000000 -0.091400 -0.493431 3.099277 1.000000 -0.138193 -0.870101 3.090017 1.000000 -0.169199 -0.942010 3.044151 1.000000 0.111943 0.086185 2.989547 1.000000 0.109803 -0.489327 3.093614 1.000000 0.125421 -0.872492 3.095826 1.000000 0.138971 -0.951706 3.047683 1.000000
31257899398 0.033828 0.174950 2.993014 1.000000 0.034649 0.236281 3.027308 1.000000 0.052899 0.557003 3.002880 1.000000 0.055043 0.781614 2.990258 1.000000 -0.141086 0.483359 3.014678 1.000000 -0.261585 0.677317 2.955820 1.000000 -0.105669 0.823540 2.891595 1.000000 -0.046003 0.867382 2.866379 1.000000 0.245242 0.498989 3.042960 1.000000 0.389709 0.685677 3.006971 1.000000 0.217049 0.800870 2.921582 1.000000 0.236872 0.876096 2.929714 1.000000 -0.053136 0.089785 2.981323 1.000000 -0.092587 -0.492893 3.098720 1.000000 -0.138006 -0.869563 3.090785 1.000000 -0.170573 -0.941876 3.042132 1.000000 0.111781 0.086201 2.989629 1.000000 0.110047 -0.488227 3.093976 1.000000 0.125613 -0.872194 3.096529 1.000000 0.138599 -0.951788 3.047772 1.000000
31257932801 0.033903 0.175043 2.993013 1.000000 0.034682 0.236211 3.026242 1.000000 0.052780 0.554055 3.004200 1.000000 0.056751 0.777969 2.988458 1.000000 -0.141479 0.482263 3.013899 1.000000 -0.262180 0.675785 2.954890 1.000000 -0.106999 0.823735 2.893616 1.000000 -0.045472 0.866379 2.870988 1.000000 0.244699 0.497749 3.043003 1.000000 0.389276 0.685722 3.006329 1.000000 0.216784 0.798750 2.917305 1.000000 0.236604 0.873965 2.925436 1.000000 -0.053085 0.089888 2.981326 1.000000 -0.093955 -0.490037 3.097492 1.000000 -0.135285 -0.853070 3.101134 1.000000 -0.170679 -0.941778 3.042311 1.000000 0.112032 0.086397 2.989783 1.000000 0.110471 -0.488664 3.093977 1.000000 0.125524 -0.872250 3.096334 1.000000 0.138981 -0.951975 3.047465 1.000000
31257966165 0.033698 0.174952 2.992900 1.000000 0.034619 0.236099 3.025331 1.000000 0.052759 0.553767 3.004930 1.000000 0.056520 0.777603 2.988597 1.000000 -0.141890 0.482536 3.014355 1.000000 -0.262648 0.675352 2.954401 1.000000 -0.107498 0.823572 2.894006 1.000000 -0.046409 0.866955 2.871634 1.000000 0.244550 0.497543 3.043173 1.000000 0.389484 0.685655 3.005876 1.000000 0.216343 0.798402 2.918011 1.000000 0.236160 0.873605 2.926142 1.000000 -0.053506 0.089766 2.981110 1.000000 -0.094398 -0.489926 3.097112 1.000000 -0.135461 -0.852604 3.101369 1.000000 -0.170893 -0.941560 3.041678 1.000000 0.111869 0.086294 2.989739 1.000000 0.110705 -0.488558 3.094353 1.000000 0.125502 -0.872976 3.095681 1.000000 0.139535 -0.952892 3.048314 1.000000
31257999459 0.033771 0.175051 2.992629 1.000000 0.034953 0.237579 3.022685 1.000000 0.054387 0.562072 2.995093 1.000000 0.059388 0.786364 2.980529 1.000000 -0.141894 0.482446 3.014221 1.000000 -0.263307 0.674473 2.954482 1.000000 -0.109002 0.823581 2.894275 1.000000 -0.051607 0.870012 2.868536 1.000000 0.244968 0.503783 3.042503 1.000000 0.389630 0.685336 3.005450 1.000000 0.211561 0.791610 2.919814 1.000000 0.190404 0.866692 2.914567 1.000000 -0.053382 0.089619 2.981168 1.000000 -0.066391 -0.512658 3.107990 1.000000 -0.136700 -0.885984 3.107865 1.000000 -0.170819 -0.943615 3.041914 1.000000 0.111821 0.086591 2.989992 1.000000 0.110865 -0.488651 3.094460 1.000000 0.125438 -0.873028 3.095773 1.000000 0.139887 -0.952827 3.048177 1.000000
31258032910 0.034060 0.175273 2.992769 1.000000 0.035238 0.237419 3.021673 1.000000 0.053816 0.559471 2.999131 1.000000 0.059221 0.782943 2.981104 1.000000 -0.142484 0.482245 3.013959 1.000000 -0.263556 0.674459 2.954175 1.000000 -0.109665 0.823808 2.893536 1.000000 -0.050906 0.869438 2.869540 1.000000 0.245461 0.499798 3.042155 1.000000 0.387860 0.684367 3.004696 1.000000 0.210625 0.794018 2.922218 1.000000 0.183307 0.866933 2.915307 1.000000 -0.053255 0.089612 2.981212 1.000000 -0.092070 -0.508067 3.103507 1.000000 -0.137141 -0.879919 3.103014 1.000000 -0.170663 -0.943684 3.037586 1.000000 0.112674 0.086868 2.990524 1.000000 0.111034 -0.488811 3.094760 1.000000 0.125447 -0.873413 3.097640 1.000000 0.139970 -0.952877 3.049567 1.000000
31258066120 0.034152 0.175860 2.992267 1.000000 0.035526 0.238693 3.019587 1.000000 0.055061 0.563062 2.996854 1.000000 0.059701 0.780653 2.980651 1.000000 -0.142935 0.481961 3.013958 1.000000 -0.263531 0.674392 2.954126 1.000000 -0.109665 0.823767 2.893657 1.000000 -0.049939 0.867785 2.869080 1.000000 0.245057 0.503680 3.042458 1.000000 0.387508 0.683596 3.003976 1.000000 0.206629 0.788108 2.923104 1.000000 0.176316 0.859390 2.912673 1.000000 -0.053174 0.089819 2.981164 1.000000 -0.095540 -0.496983 3.097673 1.000000 -0.135305 -0.873222 3.106214 1.000000 -0.170777 -0.940780 3.041748 1.000000 0.112546 0.087201 2.990466 1.000000 0.111225 -0.489237 3.095407 1.000000 0.125379 -0.873824 3.096836 1.000000 0.140162 -0.953194 3.050156 1.000000
31258099521 0.034164 0.176060 2.991893 1.000000 0.035681 0.238852 3.017997 1.000000 0.055583 0.561251 2.995955 1.000000 0.064151 0.786156 2.985483 1.000000 -0.142882 0.481390 3.013740 1.000000 -0.263793 0.673182 2.953621 1.000000 -0.110570 0.823708 2.894921 1.000000 -0.050150 0.867150 2.871067 1.000000 0.244419 0.507607 3.042127 1.000000 0.386339 0.684336 3.002826 1.000000 0.205953 0.789055 2.921087 1.000000 0.174513 0.859539 2.908823 1.000000 -0.053132 0.089862 2.981143 1.000000 -0.096686 -0.497883 3.098427 1.000000 -0.136848 -0.876137 3.102978 1.000000 -0.171225 -0.942151 3.040871 1.000000 0.112251 0.087599 2.990182 1.000000 0.111154 -0.488835 3.095062 1.000000 0.125488 -0.873451 3.096513 1.000000 0.140332 -0.953405 3.050192 1.000000
31258132989 0.034064 0.176004 2.991794 1.000000 0.035623 0.238709 3.017024 1.000000 0.055331 0.559907 2.997149 1.000000 0.061637 0.784017 2.985485 1.000000 -0.143013 0.481365 3.013639 1.000000 -0.264949 0.672369 2.953177 1.000000 -0.110652 0.822436 2.896817 1.000000 -0.050504 0.865138 2.871055 1.000000 0.243311 0.503558 3.042449 1.000000 0.386400 0.685001 3.001725 1.000000 0.205228 0.789289 2.921530 1.000000 0.173296 0.859470 2.908886 1.000000 -0.053158 0.089862 2.981122 1.000000 -0.097173 -0.495520 3.097419 1.000000 -0.137027 -0.872319 3.100779 1.000000 -0.168958 -0.943314 3.040430 1.000000 0.111979 0.087549 2.990035 1.000000 0.110882 -0.488600 3.094485 1.000000 0.125497 -0.873442 3.096536 1.000000 0.140352 -0.953657 3.049563 1.000000
31258166233 0.033577 0.175845 2.991184 1.000000 0.035253 0.238443 3.015950 1.000000 0.054563 0.559119 2.997994 1.000000 0.060289 0.784288 2.986375 1.000000 -0.143821 0.481206 3.012311 1.000000 -0.265466 0.672318 2.953158 1.000000 -0.110431 0.821705 2.897241 1.000000 -0.048754 0.864792 2.876201 1.000000 0.241066 0.497515 3.040591 1.000000 0.386606 0.684918 3.001379 1.000000 0.207314 0.791598 2.920005 1.000000 0.168658 0.857542 2.903874 1.000000 -0.053492 0.089926 2.980237 1.000000 -0.097290 -0.494122 3.098648 1.000000 -0.137379 -0.872457 3.101293 1.000000 -0.169580 -0.943116 3.042611 1.000000 0.111275 0.087368 2.989542 1.000000 0.110752 -0.489399 3.094425 1.000000 0.125833 -0.872645 3.096133 1.000000 0.139707 -0.953163 3.048445 1.000000
31258199563 0.033469 0.176222 2.991162 1.000000 0.035245 0.238234 3.015900 1.000000 0.054441 0.555987 3.002699 1.000000 0.060309 0.780441 2.987798 1.000000 -0.143976 0.481273 3.011921 1.000000 -0.266207 0.672401 2.952228 1.000000 -0.109979 0.821085 2.898431 1.000000 -0.047209 0.863109 2.878557 1.000000 0.241074 0.504090 3.040133 1.000000 0.384693 0.684506 2.999707 1.000000 0.203274 0.786143 2.916393 1.000000 0.149723 0.840498 2.899690 1.000000 -0.053528 0.090450 2.979889 1.000000 -0.097465 -0.493298 3.098554 1.000000 -0.137308 -0.864675 3.104559 1.000000 -0.169755 -0.942330 3.045568 1.000000 0.110960 0.087796 2.989448 1.000000 0.110755 -0.490007 3.094851 1.000000 0.125814 -0.872658 3.096176 1.000000 0.139389 -0.952981 3.048646 1.000000
31258232951 0.032524 0.176088 2.990380 1.000000 0.033961 0.237668 3.015280 1.000000 0.049805 0.552753 3.003193 1.000000 0.061471 0.776495 2.986077 1.000000 -0.144165 0.481163 3.011783 1.000000 -0.266593 0.671722 2.952322 1.000000 -0.110068 0.820025 2.898444 1.000000 -0.047146 0.862793 2.880876 1.000000 0.240371 0.497562 3.039840 1.000000 0.384738 0.684393 2.999402 1.000000 0.204496 0.788193 2.916321 1.000000 0.144415 0.822793 2.893007 1.000000 -0.054361 0.090610 2.978711 1.000000 -0.097863 -0.491207 3.097569 1.000000 -0.137802 -0.859182 3.104816 1.000000 -0.170211 -0.941964 3.044550 1.000000 0.110481 0.087561 2.988873 1.000000 0.110613 -0.489530 3.093848 1.000000 0.125787 -0.872446 3.096450 1.000000 0.138990 -0.952924 3.049939 1.000000
31258266215 0.032024 0.175772 2.989740 1.000000 0.033227 0.237183 3.014692 1.000000 0.048332 0.551814 3.002631 1.000000 0.060487 0.776479 2.989185 1.000000 -0.144181 0.480718 3.011036 1.000000 -0.266625 0.670938 2.952159 1.000000 -0.109517 0.818541 2.898150 1.000000 -0.047057 0.862801 2.882821 1.000000 0.240616 0.497118 3.039787 1.000000 0.384981 0.684103 2.999268 1.000000 0.205622 0.792583 2.921303 1.000000 0.149669 0.845132 2.907054 1.000000 -0.054579 0.090231 2.978065 1.000000 -0.098315 -0.493726 3.098566 1.000000 -0.139393 -0.866421 3.100124 1.000000 -0.169719 -0.942143 3.042665 1.000000 0.110124 0.087331 2.988379 1.000000 0.110669 -0.489945 3.093677 1.000000 0.125546 -0.872254 3.095495 1.000000 0.139228 -0.953027 3.049659 1.000000
31258299565 0.031416 0.175626 2.989119 1.000000 0.032633 0.236940 3.014318 1.000000 0.048234 0.551704 3.002606 1.000000 0.060249 0.776441 2.989167 1.000000 -0.144504 0.479760 3.009810 1.000000 -0.266403 0.670935 2.951905 1.000000 -0.109465 0.818780 2.898280 1.000000 -0.051460 0.867608 2.879714 1.000000 0.240097 0.496255 3.039432 1.000000 0.385141 0.683662 2.998592 1.000000 0.200471 0.779690 2.916154 1.000000 0.138914 0.811700 2.893054 1.000000 -0.055327 0.090319 2.976967 1.000000 -0.098684 -0.494061 3.098499 1.000000 -0.139926 -0.867121 3.099033 1.000000 -0.169737 -0.944288 3.044022 1.000000 0.109532 0.087183 2.987949 1.000000 0.110795 -0.489728 3.093352 1.000000 0.125487 -0.872052 3.095498 1.000000 0.138760 -0.951606 3.047012 1.000000
31258332288 0.031004 0.174898 2.988016 1.000000 0.032407 0.236489 3.013162 1.000000 0.049099 0.552495 3.000292 1.000000 0.061723 0.777498 2.987889 1.000000 -0.144710 0.479774 3.009823 1.000000 -0.265900 0.671198 2.950305 1.000000 -0.107665 0.817793 2.897335 1.000000 -0.047916 0.866109 2.883653 1.000000 0.240216 0.493611 3.038479 1.000000 0.385167 0.683831 2.998404 1.000000 0.200965 0.784775 2.922060 1.000000 0.139564 0.818423 2.900991 1.000000 -0.056062 0.089488 2.975764 1.000000 -0.098437 -0.493588 3.098220 1.000000 -0.137807 -0.848051 3.112749 1.000000 -0.168287 -0.937459 3.047089 1.000000 0.109141 0.086449 2.987415 1.000000 0.110679 -0.490674 3.093725 1.000000 0.124742 -0.873545 3.093811 1.000000 0.138908 -0.951675 3.046864 1.000000
31258354489 0.030766 0.176048 2.987196 1.000000 0.032199 0.237214 3.012488 1.000000 0.049184 0.552475 2.999964 1.000000 0.060760 0.777683 2.987952 1.000000 -0.144813 0.479392 3.009089 1.000000 -0.266998 0.671066 2.949443 1.000000 -0.106643 0.816016 2.899170 1.000000 -0.045398 0.863419 2.889749 1.000000 0.241609 0.492004 3.038243 1.000000 0.385182 0.685353 2.997965 1.000000 0.200523 0.786047 2.922660 1.000000 0.138970 0.819611 2.901937 1.000000 -0.057252 0.090905 2.974541 1.000000 -0.098583 -0.493409 3.098193 1.000000 -0.138527 -0.854018 3.106370 1.000000 -0.170085 -0.941431 3.043875 1.000000 0.109368 0.086921 2.987003 1.000000 0.110673 -0.490688 3.093724 1.000000 0.125817 -0.871770 3.097882 1.000000 0.138736 -0.952251 3.049611 1.000000
31258399609 0.030397 0.175711 2.986481 1.000000 0.031952 0.236929 3.011995 1.000000 0.049277 0.552513 2.999876 1.000000 0.058818 0.777586 2.986625 1.000000 -0.144822 0.479197 3.008567 1.000000 -0.269234 0.671025 2.947437 1.000000 -0.105728 0.813320 2.900983 1.000000 -0.044171 0.860590 2.893151 1.000000 0.240214 0.491192 3.037318 1.000000 0.385044 0.685317 2.997249 1.000000 0.201006 0.787024 2.921840 1.000000 0.139660 0.820927 2.901083 1.000000 -0.057410 0.090896 2.973957 1.000000 -0.098757 -0.493186 3.097390 1.000000 -0.137752 -0.857769 3.109791 1.000000 -0.170624 -0.940674 3.044616 1.000000 0.108563 0.086732 2.986055 1.000000 0.111099 -0.485356 3.091843 1.000000 0.125882 -0.871141 3.098320 1.000000 0.138695 -0.951577 3.047234 1.000000
31258433045 0.030325 0.175215 2.985946 1.000000 0.031985 0.236554 3.011659 1.000000 0.050048 0.552666 2.999675 1.000000 0.058314 0.778059 2.987350 1.000000 -0.144864 0.479014 3.008142 1.000000 -0.269614 0.671011 2.946976 1.000000 -0.105468 0.812619 2.900902 1.000000 -0.044005 0.860148 2.894051 1.000000 0.238674 0.491513 3.036599 1.000000 0.385254 0.685960 2.996840 1.000000 0.198798 0.784803 2.924160 1.000000 0.136646 0.817751 2.904313 1.000000 -0.057215 0.090665 2.973346 1.000000 -0.098967 -0.489183 3.096416 1.000000 -0.138738 -0.862049 3.103426 1.000000 -0.171209 -0.940920 3.043795 1.000000 0.107993 0.086462 2.985594 1.000000 0.110055 -0.486157 3.091555 1.000000 0.125730 -0.871274 3.099321 1.000000 0.138975 -0.951962 3.047609 1.000000
31258466343 0.030349 0.175662 2.985800 1.000000 0.031905 0.236939 3.011482 1.000000 0.049832 0.552844 2.999060 1.000000 0.058200 0.778333 2.986925 1.000000 -0.145238 0.479175 3.007947 1.000000 -0.270964 0.669303 2.946165 1.000000 -0.106885 0.811395 2.902115 1.000000 -0.045384 0.858946 2.895919 1.000000 0.239403 0.502316 3.037865 1.000000 0.385303 0.685820 2.996358 1.000000 0.207522 0.801866 2.928495 1.000000 0.211670 0.813965 2.932034 1.000000 -0.057107 0.090774 2.973343 1.000000 -0.090084 -0.491734 3.096217 1.000000 -0.137034 -0.854061 3.103404 1.000000 -0.173380 -0.941983 3.045451 1.000000 0.108008 0.086932 2.985512 1.000000 0.110427 -0.485696 3.091608 1.000000 0.124605 -0.872661 3.096227 1.000000 0.139043 -0.952407 3.048223 1.000000
31258499755 0.030054 0.175242 2.985443 1.000000 0.031750 0.236497 3.011226 1.000000 0.049736 0.552635 2.999006 1.000000 0.057726 0.778021 2.986118 1.000000 -0.144856 0.479157 3.007547 1.000000 -0.270909 0.669507 2.945929 1.000000 -0.105243 0.809773 2.902190 1.000000 -0.043598 0.857273 2.897297 1.000000 0.238154 0.497054 3.034948 1.000000 0.385909 0.684914 2.996297 1.000000 0.207304 0.795787 2.921006 1.000000 0.147769 0.832745 2.900288 1.000000 -0.057162 0.090613 2.973114 1.000000 -0.091349 -0.490752 3.095812 1.000000 -0.137303 -0.855533 3.101111 1.000000 -0.173504 -0.942021 3.045013 1.000000 0.107557 0.086771 2.985115 1.000000 0.110339 -0.486214 3.091865 1.000000 0.124533 -0.872744 3.095794 1.000000 0.138737 -0.952139 3.047076 1.000000
31258532985 0.030019 0.175078 2.985247 1.000000 0.031683 0.236359 3.011166 1.000000 0.049796 0.552639 2.999055 1.000000 0.057830 0.778037 2.985995 1.000000 -0.144993 0.478835 3.006430 1.000000 -0.270261 0.669327 2.946069 1.000000 -0.104991 0.810231 2.903322 1.000000 -0.043319 0.857801 2.899795 1.000000 0.237843 0.495770 3.034361 1.000000 0.386681 0.686780 2.994925 1.000000 0.196994 0.782967 2.928766 1.000000 0.133764 0.815029 2.911091 1.000000 -0.056999 0.090421 2.972569 1.000000 -0.093408 -0.490447 3.095841 1.000000 -0.136732 -0.856463 3.099080 1.000000 -0.172842 -0.940684 3.040898 1.000000 0.107372 0.086641 2.984991 1.000000 0.106068 -0.471531 3.086402 1.000000 0.124715 -0.872597 3.095778 1.000000 0.138773 -0.952369 3.047722 1.000000
31258599770 0.030067 0.175206 2.985176 1.000000 0.031717 0.236407 3.011232 1.000000 0.049863 0.552645 2.999262 1.000000 0.059408 0.777564 2.984192 1.000000 -0.144770 0.481397 3.005436 1.000000 -0.270466 0.668826 2.945974 1.000000 -0.105608 0.810257 2.903665 1.000000 -0.043414 0.857133 2.900262 1.000000 0.237831 0.498441 3.033198 1.000000 0.385133 0.684758 2.993782 1.000000 0.195776 0.782606 2.929639 1.000000 0.132658 0.815222 2.912636 1.000000 -0.056713 0.090711 2.972313 1.000000 -0.094739 -0.490410 3.095186 1.000000 -0.137472 -0.857989 3.099150 1.000000 -0.169133 -0.940882 3.041425 1.000000 0.107328 0.086831 2.984904 1.000000 0.107575 -0.478446 3.088573 1.000000 0.124695 -0.872596 3.095841 1.000000 0.138748 -0.952671 3.048264 1.000000
31258633063 0.030234 0.175134 2.984826 1.000000 0.031899 0.236336 3.010998 1.000000 0.049964 0.552719 2.999061 1.000000 0.059259 0.777894 2.984815 1.000000 -0.145064 0.480467 3.004606 1.000000 -0.271029 0.668514 2.945340 1.000000 -0.106369 0.810781 2.906416 1.000000 -0.043670 0.856767 2.901000 1.000000 0.237202 0.503251 3.032044 1.000000 0.385159 0.684534 2.993657 1.000000 0.195230 0.781014 2.929175 1.000000 0.131921 0.813174 2.912059 1.000000 -0.056337 0.090375 2.971941 1.000000 -0.095382 -0.489994 3.095281 1.000000 -0.137427 -0.858389 3.100526 1.000000 -0.169377 -0.940972 3.041723 1.000000 0.107429 0.086965 2.984505 1.000000 0.108473 -0.478521 3.088514 1.000000 0.124617 -0.872706 3.095937 1.000000 0.138768 -0.952375 3.047613 1.000000
31258666435 0.030419 0.175026 2.984255 1.000000 0.031974 0.236510 3.009965 1.000000 0.049354 0.553761 2.995743 1.000000 0.056699 0.779858 2.986896 1.000000 -0.145339 0.479945 3.003134 1.000000 -0.271332 0.668334 2.945150 1.000000 -0.106483 0.810711 2.908421 1.000000 -0.043852 0.856597 2.901702 1.000000 0.237229 0.506622 3.031388 1.000000 0.384989 0.684842 2.992972 1.000000 0.197340 0.789004 2.935778 1.000000 0.134790 0.823724 2.921092 1.000000 -0.055874 0.089934 2.971350 1.000000 -0.095643 -0.489678 3.095161 1.000000 -0.137977 -0.861866 3.097895 1.000000 -0.169947 -0.941158 3.041096 1.000000 0.107541 0.086975 2.984407 1.000000 0.109399 -0.487672 3.090904 1.000000 0.124485 -0.874095 3.095539 1.000000 0.138538 -0.952428 3.047688 1.000000
31258716501 0.030859 0.175205 2.983591 1.000000 0.032314 0.236720 3.009322 1.000000 0.049871 0.554466 2.995818 1.000000 0.056350 0.778730 2.987278 1.000000 -0.145001 0.479351 3.001475 1.000000 -0.268529 0.670434 2.945152 1.000000 -0.104973 0.814958 2.913289 1.000000 -0.040468 0.856568 2.926571 1.000000 0.237241 0.507751 3.030776 1.000000 0.385054 0.684920 2.992780 1.000000 0.194102 0.783254 2.936561 1.000000 0.130452 0.816031 2.922199 1.000000 -0.055616 0.089979 2.970584 1.000000 -0.095789 -0.489475 3.094891 1.000000 -0.137891 -0.863634 3.093616 1.000000 -0.170945 -0.942005 3.042121 1.000000 0.108420 0.087548 2.983533 1.000000 0.109523 -0.487986 3.090832 1.000000 0.124550 -0.874091 3.095445 1.000000 0.138718 -0.952822 3.049293 1.000000
31258737209 0.031208 0.175666 2.982979 1.000000 0.032677 0.237398 3.008438 1.000000 0.050969 0.556065 2.994683 1.000000 0.053043 0.778929 2.992451 1.000000 -0.144960 0.479333 2.999835 1.000000 -0.268459 0.670338 2.945151 1.000000 -0.106338 0.816983 2.918387 1.000000 -0.041327 0.857225 2.933165 1.000000 0.236797 0.509001 3.030233 1.000000 0.385053 0.684950 2.992759 1.000000 0.193991 0.781467 2.933223 1.000000 0.130303 0.813639 2.917755 1.000000 -0.055330 0.090463 2.969716 1.000000 -0.096500 -0.488319 3.094404 1.000000 -0.138390 -0.858250 3.097114 1.000000 -0.167075 -0.942534 3.043442 1.000000 0.108714 0.088064 2.983375 1.000000 0.109875 -0.488107 3.090573 1.000000 0.125021 -0.873673 3.097485 1.000000 0.138887 -0.952374 3.049652 1.000000
31258783111 0.030796 0.176045 2.982225 1.000000 0.032518 0.237394 3.008026 1.000000 0.051040 0.554590 2.995322 1.000000 0.042649 0.772160 2.993817 1.000000 -0.145216 0.480154 2.998979 1.000000 -0.268657 0.670098 2.945893 1.000000 -0.110250 0.821167 2.925859 1.000000 -0.044838 0.859788 2.942882 1.000000 0.230193 0.496705 3.026708 1.000000 0.388091 0.682990 2.992028 1.000000 0.202065 0.792125 2.940862 1.000000 0.140057 0.828503 2.928185 1.000000 -0.056837 0.091950 2.967654 1.000000 -0.098401 -0.475569 3.087875 1.000000 -0.138681 -0.857901 3.095299 1.000000 -0.170285 -0.941293 3.044867 1.000000 0.108527 0.088852 2.982643 1.000000 0.109677 -0.484137 3.089296 1.000000 0.125855 -0.873132 3.098079 1.000000 0.138744 -0.952285 3.049865 1.000000
31258815849 0.031297 0.176214 2.981698 1.000000 0.032938 0.237611 3.007408 1.000000 0.051738 0.554885 2.994617 1.000000 0.041789 0.772342 2.995076 1.000000 -0.144274 0.479243 2.997176 1.000000 -0.266796 0.672124 2.946175 1.000000 -0.108975 0.823807 2.926929 1.000000 -0.043171 0.862613 2.941754 1.000000 0.230498 0.496022 3.026304 1.000000 0.387916 0.684559 2.990865 1.000000 0.196445 0.784923 2.942826 1.000000 0.132622 0.818377 2.931189 1.000000 -0.056699 0.092131 2.967438 1.000000 -0.097539 -0.472005 3.086858 1.000000 -0.136431 -0.851780 3.101115 1.000000 -0.168829 -0.938995 3.041335 1.000000 0.109729 0.089455 2.982108 1.000000 0.108390 -0.461091 3.080207 1.000000 0.124570 -0.873574 3.095627 1.000000 0.139111 -0.953116 3.051533 1.000000
31258849827 0.031315 0.176111 2.981282 1.000000 0.032854 0.237674 3.007003 1.000000 0.050775 0.556778 2.994151 1.000000 0.045324 0.773014 2.998900 1.000000 -0.144092 0.479480 2.996922 1.000000 -0.265422 0.673316 2.945590 1.000000 -0.107281 0.824743 2.930374 1.000000 -0.039581 0.860822 2.943268 1.000000 0.231051 0.494919 3.026190 1.000000 0.388386 0.685725 2.990735 1.000000 0.196893 0.786008 2.942722 1.000000 0.133062 0.819435 2.931094 1.000000 -0.056704 0.092202 2.966774 1.000000 -0.097457 -0.476873 3.089190 1.000000 -0.136318 -0.851443 3.101560 1.000000 -0.169268 -0.939117 3.042024 1.000000 0.109984 0.089302 2.981964 1.000000 0.110425 -0.481126 3.089358 1.000000 0.124937 -0.873271 3.095415 1.000000 0.139117 -0.953116 3.051512 1.000000
31258885769 0.031234 0.175759 2.980928 1.000000 0.032855 0.237387 3.007201 1.000000 0.052357 0.558266 2.996742 1.000000 0.043942 0.772101 2.999288 1.000000 -0.143973 0.479576 2.996884 1.000000 -0.265418 0.672987 2.945924 1.000000 -0.107878 0.825008 2.930766 1.000000 -0.040032 0.860759 2.943636 1.000000 0.230843 0.494649 3.025956 1.000000 0.388626 0.686039 2.990479 1.000000 0.197102 0.786445 2.943139 1.000000 0.133261 0.819914 2.931735 1.000000 -0.056709 0.092164 2.966625 1.000000 -0.097612 -0.477052 3.088644 1.000000 -0.138684 -0.860044 3.098068 1.000000 -0.168022 -0.942092 3.047000 1.000000 0.109426 0.089023 2.980752 1.000000 0.109991 -0.479929 3.088442 1.000000 0.125455 -0.872922 3.097459 1.000000 0.139144 -0.953018 3.051713 1.000000
31258933230 0.031198 0.175956 2.980644 1.000000 0.032866 0.237281 3.007594 1.000000 0.051929 0.557750 2.998588 1.000000 0.042502 0.772637 2.999068 1.000000 -0.143832 0.479709 2.996842 1.000000 -0.266284 0.671892 2.947319 1.000000 -0.109039 0.824195 2.934922 1.000000 -0.041381 0.859438 2.949860 1.000000 0.230362 0.499903 3.025198 1.000000 0.390188 0.685506 2.990401 1.000000 0.200340 0.788690 2.942147 1.000000 0.137058 0.823084 2.930438 1.000000 -0.056733 0.092542 2.966140 1.000000 -0.097616 -0.477242 3.088206 1.000000 -0.138589 -0.861841 3.095463 1.000000 -0.167931 -0.945767 3.049896 1.000000 0.109509 0.089791 2.979749 1.000000 0.110457 -0.478418 3.088375 1.000000 0.127326 -0.868778 3.103566 1.000000 0.138442 -0.952913 3.051577 1.000000
31258954909 0.031224 0.178450 2.979318 1.000000 0.032728 0.239073 3.007075 1.000000 0.051799 0.557838 2.998427 1.000000 0.042178 0.772663 2.999052 1.000000 -0.143840 0.480103 2.996784 1.000000 -0.266893 0.671322 2.947285 1.000000 -0.109390 0.823319 2.935696 1.000000 -0.042163 0.860248 2.948143 1.000000 0.229645 0.500234 3.025494 1.000000 0.391165 0.685585 2.990929 1.000000 0.202891 0.791340 2.942010 1.000000 0.140133 0.826592 2.930078 1.000000 -0.057129 0.096216 2.964330 1.000000 -0.099624 -0.439667 3.068271 1.000000 -0.137349 -0.864552 3.097099 1.000000 -0.162121 -0.933619 3.050262 1.000000 0.110269 0.092862 2.978516 1.000000 0.113791 -0.448614 3.077207 1.000000 0.128849 -0.869318 3.095600 1.000000 0.138581 -0.952669 3.051647 1.000000
31258982607 0.031244 0.178428 2.979294 1.000000 0.032740 0.239136 3.007442 1.000000 0.051447 0.559333 2.997668 1.000000 0.042880 0.773082 3.001099 1.000000 -0.143780 0.480239 2.996867 1.000000 -0.265779 0.666596 2.952327 1.000000 -0.113210 0.823380 2.932833 1.000000 -0.045752 0.860394 2.943496 1.000000 0.231321 0.504413 3.025520 1.000000 0.392310 0.686041 2.990790 1.000000 0.202326 0.789061 2.943139 1.000000 0.138998 0.823401 2.931629 1.000000 -0.056851 0.095941 2.964497 1.000000 -0.098206 -0.488770 3.091992 1.000000 -0.137533 -0.865995 3.096959 1.000000 -0.165451 -0.935937 3.047270 1.000000 0.110264 0.092820 2.978503 1.000000 0.110942 -0.489231 3.090912 1.000000 0.128674 -0.869338 3.095463 1.000000 0.138953 -0.952664 3.050631 1.000000
31259016682 0.031308 0.178814 2.979221 1.000000 0.032788 0.239579 3.007707 1.000000 0.051222 0.559670 2.997534 1.000000 0.043388 0.772590 3.001314 1.000000 -0.146220 0.495214 2.998701 1.000000 -0.268106 0.675917 2.953615 1.000000 -0.105650 0.822375 2.934049 1.000000 -0.038129 0.859914 2.941930 1.000000 0.231835 0.504616 3.025520 1.000000 0.391983 0.686163 2.990725 1.000000 0.202010 0.789247 2.943439 1.000000 0.138686 0.823609 2.932051 1.000000 -0.056908 0.096027 2.964476 1.000000 -0.098484 -0.487145 3.091243 1.000000 -0.138133 -0.867481 3.095419 1.000000 -0.164947 -0.937935 3.046312 1.000000 0.110625 0.092993 2.978532 1.000000 0.110969 -0.489391 3.090970 1.000000 0.127977 -0.869160 3.096358 1.000000 0.138864 -0.952609 3.050519 1.000000
31259052591 0.031289 0.178450 2.979030 1.000000 0.032695 0.239464 3.007917 1.000000 0.051379 0.560480 2.997370 1.000000 0.044506 0.772523 3.002482 1.000000 -0.145573 0.490493 2.997321 1.000000 -0.266542 0.672015 2.954715 1.000000 -0.108829 0.823436 2.933456 1.000000 -0.041537 0.861847 2.938260 1.000000 0.232089 0.504480 3.025365 1.000000 0.392106 0.686183 2.990792 1.000000 0.195549 0.774302 2.939355 1.000000 0.130030 0.803675 2.926584 1.000000 -0.056819 0.095377 2.964324 1.000000 -0.098563 -0.491319 3.092026 1.000000 -0.137706 -0.877465 3.091867 1.000000 -0.165438 -0.944913 3.038411 1.000000 0.110460 0.092519 2.978371 1.000000 0.110875 -0.490179 3.091096 1.000000 0.127450 -0.869488 3.096483 1.000000 0.138899 -0.952623 3.050519 1.000000
31259100026 0.030458 0.177591 2.978715 1.000000 0.031992 0.238963 3.007968 1.000000 0.051099 0.560748 2.997271 1.000000 0.044887 0.772357 3.002613 1.000000 -0.145691 0.489399 2.997165 1.000000 -0.266534 0.670934 2.954228 1.000000 -0.109716 0.823286 2.934019 1.000000 -0.042641 0.862210 2.937000 1.000000 0.232049 0.501086 3.025419 1.000000 0.392939 0.686356 2.990950 1.000000 0.197717 0.779296 2.944602 1.000000 0.132643 0.810275 2.933527 1.000000 -0.057335 0.094723 2.964392 1.000000 -0.098559 -0.491067 3.091872 1.000000 -0.136752 -0.860252 3.096380 1.000000 -0.166837 -0.942864 3.042017 1.000000 0.108934 0.091125 2.977695 1.000000 0.110874 -0.490249 3.091130 1.000000 0.127331 -0.869615 3.096423 1.000000 0.139043 -0.952624 3.050644 1.000000
31259121637 0.030518 0.177531 2.978793 1.000000 0.032033 0.238904 3.008345 1.000000 0.051397 0.560911 2.997540 1.000000 0.045187 0.771910 3.002541 1.000000 -0.144980 0.487975 2.997353 1.000000 -0.265417 0.669920 2.954422 1.000000 -0.110532 0.824221 2.934887 1.000000 -0.043646 0.863490 2.936647 1.000000 0.232593 0.505391 3.026041 1.000000 0.393525 0.686376 2.991301 1.000000 0.198718 0.780826 2.947052 1.000000 0.133783 0.812310 2.936677 1.000000 -0.057102 0.094534 2.964747 1.000000 -0.098770 -0.490533 3.091881 1.000000 -0.136403 -0.860412 3.097410 1.000000 -0.167416 -0.942380 3.041869 1.000000 0.108925 0.091117 2.977701 1.000000 0.111158 -0.491406 3.091935 1.000000 0.127205 -0.869649 3.096226 1.000000 0.139059 -0.952604 3.050559 1.000000
31259149385 0.030217 0.177179 2.978654 1.000000 0.031714 0.238448 3.008785 1.000000 0.050931 0.560390 2.999119 1.000000 0.043367 0.771543 3.002234 1.000000 -0.144327 0.487069 2.997483 1.000000 -0.265166 0.669605 2.954284 1.000000 -0.112353 0.825923 2.934830 1.000000 -0.046014 0.866093 2.933829 1.000000 0.231828 0.499650 3.025879 1.000000 0.394002 0.685920 2.991621 1.000000 0.201942 0.784896 2.944672 1.000000 0.137922 0.817888 2.933396 1.000000 -0.057197 0.094548 2.964467 1.000000 -0.098284 -0.470035 3.086867 1.000000 -0.137687 -0.862027 3.093270 1.000000 -0.166987 -0.943012 3.042560 1.000000 0.108237 0.090508 2.977407 1.000000 0.103593 -0.461422 3.084170 1.000000 0.129947 -0.865371 3.103251 1.000000 0.138250 -0.952196 3.048492 1.000000
31259185991 0.031303 0.180341 2.978649 1.000000 0.032267 0.240203 3.009401 1.000000 0.051019 0.559525 2.999862 1.000000 0.041058 0.771106 3.001943 1.000000 -0.143926 0.486276 2.997027 1.000000 -0.266090 0.669366 2.953796 1.000000 -0.113675 0.825797 2.929995 1.000000 -0.047468 0.865947 2.934116 1.000000 0.232175 0.498967 3.026705 1.000000 0.393697 0.684335 2.992042 1.000000 0.203494 0.787880 2.948644 1.000000 0.140093 0.822394 2.938551 1.000000 -0.056961 0.098991 2.963654 1.000000 -0.096680 -0.357666 3.045092 1.000000 -0.128804 -0.782283 3.079962 1.000000 -0.121882 -0.826208 2.990415 1.000000 0.110735 0.093318 2.977493 1.000000 0.104500 -0.455191 3.082021 1.000000 0.128311 -0.865326 3.098167 1.000000 0.138203 -0.952114 3.047308 1.000000
31259233463 0.031623 0.181039 2.978780 1.000000 0.032574 0.240907 3.009932 1.000000 0.050922 0.559723 2.999876 1.000000 0.042993 0.772174 3.004123 1.000000 -0.145642 0.489394 2.997871 1.000000 -0.266426 0.670711 2.953807 1.000000 -0.111935 0.825161 2.931860 1.000000 -0.045918 0.864205 2.943119 1.000000 0.234361 0.506210 3.027014 1.000000 0.394191 0.684683 2.992033 1.000000 0.203736 0.787648 2.948498 1.000000 0.140251 0.821970 2.938359 1.000000 -0.056845 0.098991 2.963886 1.000000 -0.100037 -0.483643 3.091961 1.000000 -0.136340 -0.860638 3.099848 1.000000 -0.161511 -0.941024 3.050974 1.000000 0.111474 0.094063 2.977420 1.000000 0.096836 -0.492020 3.094341 1.000000 0.128142 -0.866853 3.100216 1.000000 0.138016 -0.951853 3.046814 1.000000
31259266818 0.032046 0.181039 2.978845 1.000000 0.032799 0.241018 3.010249 1.000000 0.051157 0.560006 2.999501 1.000000 0.042917 0.772449 3.004249 1.000000 -0.144945 0.488234 2.997250 1.000000 -0.266414 0.670917 2.953035 1.000000 -0.111525 0.825007 2.932788 1.000000 -0.045640 0.863797 2.945489 1.000000 0.234402 0.510488 3.028324 1.000000 0.393790 0.685433 2.992024 1.000000 0.203082 0.788143 2.949474 1.000000 0.139512 0.822380 2.939663 1.000000 -0.056210 0.098566 2.963905 1.000000 -0.099281 -0.492081 3.095289 1.000000 -0.137867 -0.871972 3.098700 1.000000 -0.163580 -0.945896 3.048128 1.000000 0.112159 0.094330 2.977998 1.000000 0.101046 -0.492142 3.093048 1.000000 0.127263 -0.868545 3.100438 1.000000 0.138169 -0.951904 3.046674 1.000000
31259300110 0.031980 0.179432 2.978526 1.000000 0.032824 0.240140 3.010186 1.000000 0.051515 0.560258 2.998847 1.000000 0.042514 0.772348 3.004617 1.000000 -0.145054 0.487415 2.997641 1.000000 -0.266165 0.670953 2.952875 1.000000 -0.111546 0.825283 2.932874 1.000000 -0.045010 0.863249 2.944511 1.000000 0.232951 0.504641 3.028036 1.000000 0.394125 0.685265 2.991841 1.000000 0.203472 0.787861 2.948769 1.000000 0.139921 0.822060 2.938784 1.000000 -0.056134 0.096383 2.964421 1.000000 -0.099270 -0.491976 3.095217 1.000000 -0.138259 -0.869689 3.100250 1.000000 -0.166970 -0.944948 3.047209 1.000000 0.111733 0.093179 2.977461 1.000000 0.104091 -0.491482 3.092772 1.000000 0.127483 -0.869773 3.099127 1.000000 0.138041 -0.951890 3.046788 1.000000
31259321751 0.032188 0.179123 2.978620 1.000000 0.033036 0.239905 3.010503 1.000000 0.051679 0.560246 2.998923 1.000000 0.042826 0.771818 3.004157 1.000000 -0.144418 0.486533 2.997722 1.000000 -0.266488 0.671276 2.952441 1.000000 -0.111166 0.824889 2.933257 1.000000 -0.044086 0.862081 2.944108 1.000000 0.232765 0.507511 3.027905 1.000000 0.394156 0.685246 2.991843 1.000000 0.203814 0.788799 2.950344 1.000000 0.140367 0.823316 2.940883 1.000000 -0.055448 0.095732 2.964553 1.000000 -0.099083 -0.490915 3.094346 1.000000 -0.136603 -0.867901 3.103284 1.000000 -0.167796 -0.943989 3.047435 1.000000 0.111707 0.093114 2.977532 1.000000 0.105133 -0.491584 3.092651 1.000000 0.127454 -0.869832 3.099051 1.000000 0.138048 -0.953748 3.051906 1.000000
31259349463 0.032193 0.179147 2.978615 1.000000 0.033062 0.239843 3.010781 1.000000 0.050214 0.559950 2.999486 1.000000 0.041109 0.772009 3.002614 1.000000 -0.143784 0.484807 2.997807 1.000000 -0.267529 0.671362 2.952507 1.000000 -0.111204 0.823932 2.933801 1.000000 -0.043922 0.860833 2.944262 1.000000 0.232525 0.508457 3.027236 1.000000 0.394272 0.684893 2.991852 1.000000 0.204720 0.787554 2.943002 1.000000 0.141536 0.821774 2.931091 1.000000 -0.055401 0.095775 2.964577 1.000000 -0.100196 -0.479446 3.088116 1.000000 -0.137050 -0.849143 3.100896 1.000000 -0.169835 -0.947014 3.050249 1.000000 0.111886 0.093308 2.977400 1.000000 0.103362 -0.489033 3.091456 1.000000 0.126920 -0.869529 3.098274 1.000000 0.137659 -0.953677 3.052419 1.000000
31259383400 0.032128 0.180049 2.978792 1.000000 0.033007 0.240221 3.011429 1.000000 0.050475 0.559128 3.001106 1.000000 0.040349 0.772035 3.002392 1.000000 -0.143831 0.484591 2.997977 1.000000 -0.269291 0.670466 2.951787 1.000000 -0.112464 0.822543 2.935323 1.000000 -0.045216 0.859519 2.945601 1.000000 0.231545 0.507448 3.027273 1.000000 0.394515 0.684524 2.992054 1.000000 0.205947 0.790597 2.948544 1.000000 0.143091 0.825954 2.938411 1.000000 -0.055411 0.097448 2.964495 1.000000 -0.103577 -0.362061 3.045063 1.000000 -0.138510 -0.789126 3.058629 1.000000 -0.131898 -0.832961 2.969051 1.000000 0.111611 0.094272 2.977373 1.000000 0.107672 -0.518813 3.102625 1.000000 0.126486 -0.871194 3.094766 1.000000 0.133099 -0.915029 3.005188 1.000000
31259419459 0.031657 0.179607 2.978861 1.000000 0.032582 0.240000 3.011748 1.000000 0.049540 0.559815 3.000644 1.000000 0.041160 0.771897 3.002712 1.000000 -0.143445 0.484036 2.998237 1.000000 -0.269622 0.670349 2.951251 1.000000 -0.113014 0.822645 2.938791 1.000000 -0.045255 0.859219 2.946712 1.000000 0.232399 0.508856 3.026953 1.000000 0.394850 0.684862 2.992046 1.000000 0.203512 0.786930 2.952615 1.000000 0.139733 0.820953 2.943843 1.000000 -0.055553 0.096823 2.964736 1.000000 -0.098572 -0.482422 3.095844 1.000000 -0.138062 -0.848145 3.105259 1.000000 -0.170608 -0.941141 3.046042 1.000000 0.110661 0.093641 2.977505 1.000000 0.107117 -0.474121 3.088031 1.000000 0.126391 -0.871557 3.095021 1.000000 0.138484 -0.957301 3.057871 1.000000
31259466829 0.031586 0.179504 2.978826 1.000000 0.032406 0.239965 3.011795 1.000000 0.048102 0.559672 2.999401 1.000000 0.041723 0.771936 3.003208 1.000000 -0.144087 0.482885 2.997905 1.000000 -0.270062 0.670469 2.950767 1.000000 -0.112708 0.821946 2.939094 1.000000 -0.044489 0.857978 2.945101 1.000000 0.232734 0.510431 3.026695 1.000000 0.394997 0.684874 2.991920 1.000000 0.204561 0.788172 2.951038 1.000000 0.141082 0.822605 2.941782 1.000000 -0.055430 0.096137 2.964629 1.000000 -0.098680 -0.482573 3.095496 1.000000 -0.138812 -0.860907 3.102256 1.000000 -0.171929 -0.947478 3.043797 1.000000 0.110594 0.093479 2.977619 1.000000 0.102783 -0.482572 3.090630 1.000000 0.126327 -0.871226 3.094686 1.000000 0.139156 -0.957360 3.054344 1.000000
31259488548 0.031674 0.178712 2.978818 1.000000 0.032462 0.239584 3.011937 1.000000 0.048419 0.560208 2.999482 1.000000 0.042221 0.772013 3.003268 1.000000 -0.143852 0.482450 2.997931 1.000000 -0.270369 0.670542 2.950781 1.000000 -0.112759 0.821682 2.940937 1.000000 -0.044159 0.857165 2.945371 1.000000 0.232759 0.511459 3.026806 1.000000 0.395189 0.685143 2.992092 1.000000 0.204381 0.787968 2.952253 1.000000 0.140778 0.822242 2.943344 1.000000 -0.055133 0.094993 2.964896 1.000000 -0.098673 -0.483505 3.096133 1.000000 -0.138845 -0.865038 3.099509 1.000000 -0.171422 -0.948603 3.047192 1.000000 0.110538 0.092986 2.977484 1.000000 0.104601 -0.483155 3.091722 1.000000 0.126316 -0.871595 3.094382 1.000000 0.139469 -0.958034 3.054360 1.000000
31259516159 0.031303 0.178116 2.978766 1.000000 0.032231 0.239306 3.012002 1.000000 0.048618 0.560799 2.999334 1.000000 0.042672 0.771711 3.004003 1.000000 -0.144376 0.481946 2.997961 1.000000 -0.271907 0.669478 2.950815 1.000000 -0.114120 0.820386 2.941187 1.000000 -0.045628 0.856101 2.944980 1.000000 0.232644 0.511014 3.026870 1.000000 0.396320 0.683249 2.993937 1.000000 0.201210 0.777942 2.955378 1.000000 0.136173 0.809506 2.946896 1.000000 -0.055569 0.094227 2.964937 1.000000 -0.098845 -0.484152 3.094010 1.000000 -0.138477 -0.867573 3.098060 1.000000 -0.171316 -0.948662 3.047268 1.000000 0.109875 0.092113 2.977443 1.000000 0.107366 -0.488896 3.093210 1.000000 0.124594 -0.873503 3.093737 1.000000 0.140014 -0.956780 3.051394 1.000000
31259550231 0.031030 0.177267 2.978823 1.000000 0.032000 0.238633 3.012156 1.000000 0.049129 0.560619 2.999417 1.000000 0.043783 0.772240 3.004622 1.000000 -0.144596 0.481747 2.997820 1.000000 -0.273476 0.669274 2.952010 1.000000 -0.114887 0.819315 2.941864 1.000000 -0.046529 0.855317 2.944737 1.000000 0.230821 0.505213 3.027082 1.000000 0.397026 0.683291 2.994175 1.000000 0.202939 0.780279 2.956666 1.000000 0.138244 0.812608 2.948533 1.000000 -0.055633 0.093918 2.965066 1.000000 -0.098162 -0.481776 3.091343 1.000000 -0.138289 -0.867389 3.097184 1.000000 -0.171478 -0.947129 3.047161 1.000000 0.108878 0.090815 2.977381 1.000000 0.108295 -0.484260 3.090894 1.000000 0.124466 -0.873409 3.093597 1.000000 0.140231 -0.956467 3.051698 1.000000
31259583553 0.031357 0.176813 2.978789 1.000000 0.032343 0.237945 3.012320 1.000000 0.050030 0.558962 2.999941 1.000000 0.044045 0.771988 3.004079 1.000000 -0.145303 0.480112 2.997512 1.000000 -0.279125 0.667301 2.952320 1.000000 -0.118161 0.814731 2.943402 1.000000 -0.049763 0.850677 2.945110 1.000000 0.229885 0.499704 3.026555 1.000000 0.400366 0.679484 2.993468 1.000000 0.209631 0.781214 2.949796 1.000000 0.146053 0.815124 2.939609 1.000000 -0.055606 0.093321 2.965173 1.000000 -0.098317 -0.482909 3.091426 1.000000 -0.138507 -0.875719 3.093085 1.000000 -0.169449 -0.949655 3.044806 1.000000 0.109712 0.090520 2.977009 1.000000 0.105172 -0.483666 3.090156 1.000000 0.124567 -0.873146 3.093745 1.000000 0.139394 -0.954903 3.050187 1.000000
31259616895 0.033032 0.177298 2.978337 1.000000 0.033472 0.237764 3.012570 1.000000 0.050576 0.557051 3.001806 1.000000 0.039701 0.761737 2.999125 1.000000 -0.146092 0.478874 2.997622 1.000000 -0.281817 0.664837 2.951948 1.000000 -0.123819 0.815079 2.949741 1.000000 -0.063459 0.862900 2.955913 1.000000 0.230405 0.494191 3.026207 1.000000 0.403784 0.676985 2.993599 1.000000 0.215047 0.783077 2.952608 1.000000 0.152134 0.818441 2.943314 1.000000 -0.053909 0.093922 2.964376 1.000000 -0.102245 -0.358123 3.047751 1.000000 -0.104615 -0.661754 3.116819 1.000000 -0.129624 -0.769972 3.087251 1.000000 0.112983 0.090855 2.975428 1.000000 0.106475 -0.522301 3.100472 1.000000 0.124583 -0.870414 3.092751 1.000000 0.139139 -0.955123 3.048392 1.000000
31259650252 0.033805 0.173161 2.978021 1.000000 0.034320 0.235531 3.012257 1.000000 0.052786 0.559542 2.999689 1.000000 0.059344 0.791557 3.028574 1.000000 -0.146719 0.477132 2.998113 1.000000 -0.284099 0.662648 2.952691 1.000000 -0.126302 0.813139 2.949553 1.000000 -0.066205 0.861645 2.951263 1.000000 0.230964 0.493230 3.026398 1.000000 0.405551 0.675589 2.993668 1.000000 0.222026 0.791776 2.958968 1.000000 0.216797 0.811035 2.949563 1.000000 -0.053218 0.089599 2.964961 1.000000 -0.096680 -0.487793 3.095830 1.000000 -0.134644 -0.849121 3.111111 1.000000 -0.167710 -0.936272 3.043833 1.000000 0.113068 0.085500 2.975377 1.000000 0.110965 -0.503449 3.097567 1.000000 0.125054 -0.870537 3.094299 1.000000 0.138721 -0.954120 3.047814 1.000000
31259683645 0.033849 0.172883 2.977881 1.000000 0.034562 0.235309 3.011954 1.000000 0.055097 0.559667 2.997908 1.000000 0.060598 0.790398 3.023817 1.000000 -0.148117 0.475270 2.998128 1.000000 -0.292106 0.659801 2.953589 1.000000 -0.130972 0.806759 2.949398 1.000000 -0.070554 0.854872 2.950522 1.000000 0.233064 0.491778 3.026642 1.000000 0.409059 0.672504 2.993149 1.000000 0.225944 0.789468 2.959344 1.000000 0.216757 0.810956 2.949247 1.000000 -0.053622 0.088096 2.964436 1.000000 -0.097510 -0.491116 3.095832 1.000000 -0.138415 -0.865151 3.098539 1.000000 -0.170273 -0.943240 3.037684 1.000000 0.112900 0.085012 2.975569 1.000000 0.111627 -0.498817 3.096423 1.000000 0.125196 -0.870895 3.092782 1.000000 0.139114 -0.954207 3.047886 1.000000
31259716954 0.032576 0.171602 2.977707 1.000000 0.033248 0.233296 3.012013 1.000000 0.052570 0.555169 2.999271 1.000000 0.045997 0.756482 3.003684 1.000000 -0.148870 0.475510 2.999048 1.000000 -0.300539 0.657056 2.954956 1.000000 -0.147574 0.811848 2.958451 1.000000 -0.094142 0.866366 2.946694 1.000000 0.234355 0.489445 3.026834 1.000000 0.415198 0.668519 2.996604 1.000000 0.232579 0.785620 2.959578 1.000000 0.216594 0.811345 2.949468 1.000000 -0.055089 0.086985 2.964527 1.000000 -0.097955 -0.488005 3.094829 1.000000 -0.138671 -0.865552 3.095220 1.000000 -0.169938 -0.942973 3.036716 1.000000 0.111186 0.082353 2.974485 1.000000 0.110190 -0.497835 3.095939 1.000000 0.125481 -0.870805 3.092196 1.000000 0.139842 -0.953788 3.044436 1.000000
31259750332 0.032118 0.168030 2.976977 1.000000 0.032880 0.229626 3.011489 1.000000 0.052686 0.553054 2.999045 1.000000 0.033765 0.746008 2.999826 1.000000 -0.150467 0.474019 2.998446 1.000000 -0.308514 0.639371 2.958578 1.000000 -0.168996 0.806570 2.959783 1.000000 -0.109967 0.854636 2.946886 1.000000 0.236129 0.486957 3.027481 1.000000 0.420156 0.661662 2.996305 1.000000 0.239705 0.782524 2.961849 1.000000 0.216409 0.811944 2.950341 1.000000 -0.056851 0.083062 2.963814 1.000000 -0.097719 -0.482991 3.091025 1.000000 -0.135802 -0.846057 3.116157 1.000000 -0.166053 -0.931576 3.045508 1.000000 0.111678 0.076116 2.973310 1.000000 0.106803 -0.494130 3.094646 1.000000 0.125460 -0.870679 3.093875 1.000000 0.138951 -0.952440 3.044484 1.000000
31259783595 0.031866 0.167071 2.976467 1.000000 0.032687 0.228336 3.011570 1.000000 0.052356 0.551129 3.000597 1.000000 0.018956 0.751018 3.006114 1.000000 -0.153307 0.472767 2.998380 1.000000 -0.316638 0.625322 2.959801 1.000000 -0.193822 0.803622 2.973915 1.000000 -0.132692 0.847613 2.956994 1.000000 0.236033 0.481474 3.026831 1.000000 0.424043 0.649118 2.997088 1.000000 0.250183 0.778610 2.959067 1.000000 0.215904 0.813597 2.946855 1.000000 -0.057155 0.082256 2.963135 1.000000 -0.097425 -0.481922 3.090202 1.000000 -0.136961 -0.865062 3.094537 1.000000 -0.167493 -0.944152 3.043422 1.000000 0.111353 0.074393 2.971924 1.000000 0.104793 -0.486394 3.090134 1.000000 0.125621 -0.869743 3.098639 1.000000 0.139172 -0.952061 3.045842 1.000000
31259817013 0.031834 0.167353 2.976025 1.000000 0.032701 0.228173 3.011930 1.000000 0.051595 0.550329 3.001973 1.000000 0.035286 0.709473 2.960843 1.000000 -0.155518 0.471364 2.999245 1.000000 -0.324337 0.624426 2.960161 1.000000 -0.195799 0.799555 2.967406 1.000000 -0.138799 0.850180 2.955468 1.000000 0.236638 0.480194 3.026934 1.000000 0.426476 0.643872 2.998008 1.000000 0.260161 0.783420 2.963170 1.000000 0.214526 0.825691 2.949174 1.000000 -0.058086 0.082599 2.962032 1.000000 -0.097886 -0.370971 3.042833 1.000000 -0.130276 -0.795086 3.082598 1.000000 -0.124033 -0.838747 2.992882 1.000000 0.112613 0.074682 2.970408 1.000000 0.109802 -0.404297 3.064578 1.000000 0.123877 -0.831127 3.092048 1.000000 0.136421 -0.938928 3.054115 1.000000
31259850348 0.033556 0.164790 2.975806 1.000000 0.033986 0.225330 3.012743 1.000000 0.050706 0.547571 3.004099 1.000000 0.033936 0.711463 2.965137 1.000000 -0.157870 0.464337 2.998835 1.000000 -0.336055 0.599424 2.962032 1.000000 -0.216635 0.781459 2.962795 1.000000 -0.145834 0.857260 2.974698 1.000000 0.237709 0.479242 3.026696 1.000000 0.436775 0.601608 3.001492 1.000000 0.278499 0.787933 2.966131 1.000000 0.220393 0.840667 2.950506 1.000000 -0.053932 0.075804 2.959109 1.000000 -0.096619 -0.485596 3.086066 1.000000 -0.136314 -0.868509 3.093349 1.000000 -0.168423 -0.939950 3.044645 1.000000 0.114652 0.072602 2.970943 1.000000 0.110718 -0.501953 3.097785 1.000000 0.125510 -0.868639 3.096796 1.000000 0.138663 -0.954115 3.048724 1.000000
31259883751 0.034976 0.161492 2.974448 1.000000 0.034952 0.222328 3.012462 1.000000 0.050567 0.547035 3.004092 1.000000 0.034269 0.711351 2.965634 1.000000 -0.158388 0.457798 2.998596 1.000000 -0.342580 0.583414 2.967107 1.000000 -0.233754 0.772080 2.965595 1.000000 -0.161263 0.846866 2.972974 1.000000 0.239336 0.478560 3.027632 1.000000 0.440566 0.591239 3.002527 1.000000 0.284063 0.794149 2.963275 1.000000 0.225957 0.846883 2.947650 1.000000 -0.053377 0.072314 2.957602 1.000000 -0.096416 -0.485350 3.086459 1.000000 -0.135458 -0.855567 3.095446 1.000000 -0.169408 -0.939631 3.042545 1.000000 0.117743 0.068754 2.969535 1.000000 0.110841 -0.501335 3.097291 1.000000 0.125562 -0.868731 3.096957 1.000000 0.138692 -0.953035 3.046546 1.000000
31259917001 0.034599 0.156738 2.972244 1.000000 0.034430 0.217903 3.011316 1.000000 0.049713 0.545739 3.003359 1.000000 0.034191 0.712398 2.967156 1.000000 -0.158846 0.453990 2.999023 1.000000 -0.353591 0.571868 2.967914 1.000000 -0.246830 0.761714 2.965502 1.000000 -0.176123 0.837926 2.975158 1.000000 0.238768 0.474725 3.028135 1.000000 0.449901 0.553909 3.006990 1.000000 0.386076 0.761672 2.976144 1.000000 0.323754 0.845088 2.968474 1.000000 -0.054156 0.068240 2.956477 1.000000 -0.096193 -0.486583 3.088517 1.000000 -0.134302 -0.860547 3.115647 1.000000 -0.169261 -0.938279 3.044208 1.000000 0.117862 0.065464 2.967054 1.000000 0.110898 -0.501612 3.097178 1.000000 0.125956 -0.868723 3.096606 1.000000 0.139132 -0.952954 3.048547 1.000000
31259950437 0.033522 0.143753 2.970454 1.000000 0.033264 0.207284 3.010935 1.000000 0.048132 0.544242 3.003508 1.000000 0.033944 0.712589 2.966960 1.000000 -0.158440 0.451856 3.000653 1.000000 -0.364550 0.547998 2.971212 1.000000 -0.324993 0.762225 2.949301 1.000000 -0.260456 0.843196 2.962665 1.000000 0.238170 0.464881 3.026977 1.000000 0.457661 0.523644 3.007474 1.000000 0.399536 0.733220 2.979037 1.000000 0.343443 0.821208 2.975645 1.000000 -0.054140 0.052395 2.956671 1.000000 -0.085274 -0.501608 3.098329 1.000000 -0.138096 -0.882716 3.097318 1.000000 -0.171485 -0.945297 3.043653 1.000000 0.116658 0.057571 2.964023 1.000000 0.111028 -0.501604 3.097217 1.000000 0.125958 -0.868815 3.096097 1.000000 0.139300 -0.953035 3.049276 1.000000
31260000409 0.033255 0.142592 2.969841 1.000000 0.032678 0.205353 3.011202 1.000000 0.044748 0.540815 3.003680 1.000000 0.033299 0.710398 2.967778 1.000000 -0.158738 0.450914 3.001525 1.000000 -0.377930 0.496338 2.980261 1.000000 -0.292751 0.778639 2.961562 1.000000 -0.246053 0.831563 2.992694 1.000000 0.237908 0.462689 3.027506 1.000000 0.468439 0.498766 3.016429 1.000000 0.412812 0.707926 2.977308 1.000000 0.383916 0.807438 2.964856 1.000000 -0.054136 0.052147 2.956118 1.000000 -0.098867 -0.462349 3.081159 1.000000 -0.136172 -0.885147 3.093760 1.000000 -0.169977 -0.947397 3.044841 1.000000 0.116359 0.054498 2.962762 1.000000 0.106184 -0.482621 3.091346 1.000000 0.125992 -0.868837 3.096323 1.000000 0.139920 -0.952489 3.051850 1.000000
31260033767 0.034025 0.140560 2.967982 1.000000 0.033090 0.203037 3.010896 1.000000 0.043647 0.539650 3.004494 1.000000 0.031621 0.706622 2.964210 1.000000 -0.157513 0.445221 3.003803 1.000000 -0.381956 0.489366 2.979478 1.000000 -0.373439 0.705661 2.941020 1.000000 -0.319659 0.794177 2.953802 1.000000 0.236383 0.459125 3.029209 1.000000 0.458714 0.467042 3.020395 1.000000 0.441941 0.696116 2.971397 1.000000 0.440389 0.772533 2.961015 1.000000 -0.052744 0.052041 2.953336 1.000000 -0.093003 -0.396879 3.054056 1.000000 -0.128662 -0.821560 3.089409 1.000000 -0.162836 -0.925208 3.053284 1.000000 0.117574 0.051213 2.960055 1.000000 0.112427 -0.421143 3.068506 1.000000 0.119389 -0.826036 3.088215 1.000000 0.124900 -0.869219 2.998227 1.000000
31260067158 0.034377 0.135390 2.968175 1.000000 0.033461 0.198914 3.011953 1.000000 0.043630 0.539630 3.004552 1.000000 0.031767 0.708263 2.964881 1.000000 -0.156412 0.441443 3.006997 1.000000 -0.393003 0.467883 2.984143 1.000000 -0.377155 0.683482 2.943670 1.000000 -0.370173 0.760194 2.939761 1.000000 0.235673 0.455546 3.030948 1.000000 0.460983 0.450557 3.019782 1.000000 0.484729 0.676663 2.961493 1.000000 0.483067 0.752251 2.946247 1.000000 -0.052124 0.048179 2.953698 1.000000 -0.096619 -0.492432 3.097810 1.000000 -0.133367 -0.868741 3.098392 1.000000 -0.169304 -0.940706 3.046435 1.000000 0.117526 0.047280 2.960428 1.000000 0.112244 -0.491699 3.097810 1.000000 0.121479 -0.855074 3.096942 1.000000 0.139042 -0.951535 3.052626 1.000000
31260100475 0.034082 0.133064 2.967978 1.000000 0.033680 0.196194 3.012611 1.000000 0.042980 0.538236 3.004815 1.000000 0.031319 0.706027 2.964232 1.000000 -0.155193 0.437772 3.011323 1.000000 -0.399180 0.444978 2.989619 1.000000 -0.400885 0.672175 2.934295 1.000000 -0.387063 0.747589 2.926031 1.000000 0.230386 0.448755 3.028672 1.000000 0.458214 0.427676 3.035494 1.000000 0.517255 0.627249 2.957910 1.000000 0.521268 0.730860 2.946361 1.000000 -0.051961 0.047751 2.953573 1.000000 -0.096924 -0.446045 3.076330 1.000000 -0.131030 -0.874201 3.081009 1.000000 -0.168365 -0.946707 3.049398 1.000000 0.116705 0.045224 2.960493 1.000000 0.111971 -0.490882 3.096880 1.000000 0.121850 -0.860280 3.097746 1.000000 0.139246 -0.951615 3.052480 1.000000
31260133799 0.033417 0.129978 2.967535 1.000000 0.033092 0.193395 3.012994 1.000000 0.042593 0.537861 3.004946 1.000000 0.030323 0.703520 2.961747 1.000000 -0.153992 0.433308 3.011496 1.000000 -0.373047 0.397217 3.005664 1.000000 -0.435825 0.657242 2.925364 1.000000 -0.443257 0.730131 2.901330 1.000000 0.228778 0.445745 3.028371 1.000000 0.451904 0.374268 3.040820 1.000000 0.545362 0.621317 2.954193 1.000000 0.572569 0.693449 2.952618 1.000000 -0.052154 0.046775 2.953638 1.000000 -0.101385 -0.399987 3.060902 1.000000 -0.131887 -0.825676 3.092853 1.000000 -0.161010 -0.924365 3.041619 1.000000 0.115746 0.042058 2.959570 1.000000 0.109041 -0.463261 3.082136 1.000000 0.121360 -0.857058 3.093950 1.000000 0.139406 -0.951776 3.051259 1.000000
31260166504 0.032162 0.121602 2.969097 1.000000 0.032095 0.186749 3.014735 1.000000 0.042007 0.537163 3.004834 1.000000 0.030718 0.703939 2.961991 1.000000 -0.151506 0.428633 3.012924 1.000000 -0.355713 0.356965 3.011639 1.000000 -0.481717 0.529821 2.957542 1.000000 -0.493128 0.630154 2.931380 1.000000 0.226849 0.442452 3.028139 1.000000 0.440109 0.354022 3.052091 1.000000 0.566162 0.529419 2.973994 1.000000 0.606445 0.615234 2.961299 1.000000 -0.052385 0.040626 2.956357 1.000000 -0.061432 -0.513184 3.109545 1.000000 -0.135052 -0.855283 3.096756 1.000000 -0.166303 -0.932572 3.039442 1.000000 0.113796 0.035612 2.961087 1.000000 0.112263 -0.505193 3.098926 1.000000 0.122351 -0.860874 3.094393 1.000000 0.139580 -0.951901 3.051350 1.000000
31260233835 0.031445 0.115055 2.968468 1.000000 0.031910 0.181257 3.014495 1.000000 0.041967 0.536552 3.003820 1.000000 0.032236 0.706662 2.961979 1.000000 -0.149483 0.419980 3.014148 1.000000 -0.357178 0.307129 3.023251 1.000000 -0.521973 0.486572 2.916380 1.000000 -0.548340 0.577637 2.892943 1.000000 0.226025 0.431622 3.026014 1.000000 0.433594 0.286133 3.074032 1.000000 0.593125 0.404254 2.971303 1.000000 0.606934 0.427734 2.963255 1.000000 -0.053283 0.033799 2.956567 1.000000 -0.090026 -0.503886 3.100255 1.000000 -0.137546 -0.861863 3.098518 1.000000 -0.167099 -0.940323 3.043278 1.000000 0.112720 0.029634 2.960974 1.000000 0.112125 -0.506388 3.099745 1.000000 0.123009 -0.860369 3.095585 1.000000 0.139622 -0.951086 3.050992 1.000000
31260266590 0.030341 0.107599 2.968820 1.000000 0.031109 0.175144 3.014756 1.000000 0.041311 0.535629 3.002381 1.000000 0.032774 0.708511 2.962169 1.000000 -0.148253 0.415354 3.014063 1.000000 -0.354559 0.297855 3.025874 1.000000 -0.545874 0.464731 2.901547 1.000000 -0.609646 0.520356 2.864479 1.000000 0.222143 0.426214 3.023651 1.000000 0.426260 0.272551 3.072950 1.000000 0.603415 0.359128 2.967357 1.000000 0.628906 0.368652 2.963258 1.000000 -0.053865 0.025965 2.958904 1.000000 -0.079151 -0.506469 3.102845 1.000000 -0.137371 -0.862639 3.098122 1.000000 -0.165641 -0.942612 3.045806 1.000000 0.111376 0.025362 2.961144 1.000000 0.111758 -0.507634 3.100428 1.000000 0.123147 -0.865507 3.098221 1.000000 0.139716 -0.951964 3.056964 1.000000
31260288376 0.030208 0.101514 2.968880 1.000000 0.031009 0.170500 3.014672 1.000000 0.040485 0.535542 3.000903 1.000000 0.035122 0.709696 2.963547 1.000000 -0.146359 0.411990 3.013468 1.000000 -0.331543 0.250977 3.034979 1.000000 -0.513497 0.336228 2.937876 1.000000 -0.573221 0.378035 2.912849 1.000000 0.220349 0.421288 3.020968 1.000000 0.386797 0.248499 3.075880 1.000000 0.592898 0.270844 2.996040 1.000000 0.683170 0.304456 2.956089 1.000000 -0.053386 0.021726 2.958982 1.000000 -0.086478 -0.501814 3.099873 1.000000 -0.137910 -0.865087 3.098420 1.000000 -0.165771 -0.945932 3.050880 1.000000 0.110765 0.019202 2.962484 1.000000 0.112060 -0.512527 3.102805 1.000000 0.123816 -0.867126 3.099257 1.000000 0.139662 -0.951574 3.055535 1.000000
31260333984 0.029995 0.097339 2.968969 1.000000 0.030968 0.167181 3.014474 1.000000 0.040857 0.535474 2.999413 1.000000 0.036548 0.711456 2.964273 1.000000 -0.144801 0.409164 3.012023 1.000000 -0.316498 0.243454 3.042064 1.000000 -0.516383 0.261840 2.944470 1.000000 -0.534668 0.301758 2.928109 1.000000 0.218505 0.416777 3.019325 1.000000 0.379988 0.227078 3.084070 1.000000 0.588569 0.211437 3.010312 1.000000 0.682078 0.230502 2.968274 1.000000 -0.053447 0.017548 2.959913 1.000000 -0.088081 -0.501247 3.101059 1.000000 -0.138229 -0.865507 3.098328 1.000000 -0.165563 -0.945966 3.050489 1.000000 0.110064 0.016361 2.962681 1.000000 0.112158 -0.512649 3.102866 1.000000 0.124533 -0.866865 3.099824 1.000000 0.139241 -0.950826 3.052187 1.000000
31260367264 0.029962 0.096736 2.968864 1.000000 0.031020 0.166629 3.013789 1.000000 0.040467 0.534022 2.995825 1.000000 0.037646 0.711035 2.964532 1.000000 -0.144242 0.408879 3.011158 1.000000 -0.292149 0.221148 3.049091 1.000000 -0.492575 0.198545 2.953820 1.000000 -0.498779 0.249878 2.941784 1.000000 0.217833 0.413231 3.017188 1.000000 0.369910 0.208335 3.089071 1.000000 0.571749 0.172584 3.002373 1.000000 0.666772 0.165517 2.959867 1.000000 -0.053393 0.017321 2.959934 1.000000 -0.091540 -0.497306 3.097896 1.000000 -0.138303 -0.859392 3.101663 1.000000 -0.165186 -0.944922 3.051139 1.000000 0.109830 0.015305 2.962915 1.000000 0.112433 -0.512653 3.102607 1.000000 0.125131 -0.867625 3.103481 1.000000 0.139255 -0.950833 3.052199 1.000000
31260433962 0.030056 0.096496 2.968631 1.000000 0.030948 0.166409 3.012860 1.000000 0.041523 0.533307 2.993795 1.000000 0.037664 0.709765 2.965271 1.000000 -0.140270 0.408611 3.009681 1.000000 -0.255424 0.205650 3.057522 1.000000 -0.430312 0.094997 2.976537 1.000000 -0.522315 0.073848 2.932109 1.000000 0.217628 0.412192 3.017916 1.000000 0.346651 0.179910 3.089594 1.000000 0.523318 0.064231 3.023159 1.000000 0.613605 0.020175 2.994996 1.000000 -0.053184 0.017644 2.959722 1.000000 -0.099616 -0.428138 3.069350 1.000000 -0.134732 -0.853409 3.101259 1.000000 -0.165629 -0.942316 3.051022 1.000000 0.109694 0.014951 2.962878 1.000000 0.114807 -0.458252 3.086154 1.000000 0.124061 -0.872862 3.092996 1.000000 0.139563 -0.951086 3.047531 1.000000
31260466628 0.030106 0.095379 2.968389 1.000000 0.030757 0.165509 3.011939 1.000000 0.041899 0.533291 2.992694 1.000000 0.039334 0.711153 2.966766 1.000000 -0.136958 0.408923 3.006900 1.000000 -0.253287 0.199488 3.057855 1.000000 -0.435547 0.082275 2.951555 1.000000 -0.507324 0.059113 2.924212 1.000000 0.217526 0.410740 3.017565 1.000000 0.337923 0.175603 3.088774 1.000000 0.492818 0.027260 3.037657 1.000000 0.573072 -0.031726 3.006549 1.000000 -0.052893 0.017065 2.959610 1.000000 -0.098572 -0.476074 3.086163 1.000000 -0.134269 -0.846659 3.102158 1.000000 -0.167713 -0.940822 3.048908 1.000000 0.109351 0.014422 2.962995 1.000000 0.113710 -0.482118 3.095990 1.000000 0.125535 -0.871219 3.096565 1.000000 0.140154 -0.951902 3.049364 1.000000
31260488372 0.030854 0.093315 2.968086 1.000000 0.031644 0.163525 3.011531 1.000000 0.043678 0.532866 2.993863 1.000000 0.043090 0.708580 2.967103 1.000000 -0.135394 0.408404 3.005991 1.000000 -0.243157 0.180405 3.055668 1.000000 -0.390858 0.029890 2.987926 1.000000 -0.469121 -0.018429 2.938527 1.000000 0.217527 0.408260 3.016733 1.000000 0.330956 0.166766 3.089211 1.000000 0.456450 -0.010356 3.057866 1.000000 0.512055 -0.047152 3.019020 1.000000 -0.052197 0.015877 2.959229 1.000000 -0.097374 -0.465583 3.083434 1.000000 -0.114770 -0.766684 3.159139 1.000000 -0.143376 -0.860263 3.098831 1.000000 0.109508 0.012963 2.962662 1.000000 0.111593 -0.478800 3.092068 1.000000 0.125974 -0.870652 3.097251 1.000000 0.139301 -0.951122 3.050707 1.000000
31260534047 0.030951 0.093453 2.967792 1.000000 0.031662 0.163568 3.011011 1.000000 0.043827 0.532763 2.993775 1.000000 0.042936 0.704953 2.964396 1.000000 -0.134119 0.407808 3.005324 1.000000 -0.235682 0.178282 3.051034 1.000000 -0.365202 0.013631 2.978053 1.000000 -0.429434 -0.052837 2.929518 1.000000 0.217309 0.407886 3.016840 1.000000 0.325034 0.150952 3.087215 1.000000 0.446069 -0.029784 3.061742 1.000000 0.495758 -0.115842 3.029736 1.000000 -0.051923 0.016512 2.958704 1.000000 -0.104416 -0.427910 3.070253 1.000000 -0.141741 -0.853921 3.094908 1.000000 -0.165489 -0.933199 3.055026 1.000000 0.109484 0.013177 2.962379 1.000000 0.111260 -0.478494 3.092070 1.000000 0.125900 -0.870337 3.092516 1.000000 0.139354 -0.951520 3.050703 1.000000
31260567370 0.031207 0.091793 2.967111 1.000000 0.032022 0.162236 3.009761 1.000000 0.045367 0.532529 2.991691 1.000000 0.045069 0.705260 2.965869 1.000000 -0.132380 0.407592 3.004308 1.000000 -0.234936 0.160567 3.042177 1.000000 -0.363525 -0.036743 2.973048 1.000000 -0.426145 -0.116089 2.946940 1.000000 0.217279 0.407390 3.016530 1.000000 0.315550 0.148499 3.081939 1.000000 0.416749 -0.044489 3.069255 1.000000 0.452159 -0.136409 3.034681 1.000000 -0.051398 0.015698 2.957858 1.000000 -0.098267 -0.501465 3.097903 1.000000 -0.134856 -0.851009 3.100461 1.000000 -0.167101 -0.933581 3.053728 1.000000 0.109007 0.011472 2.962579 1.000000 0.111505 -0.498979 3.098452 1.000000 0.125794 -0.870155 3.095806 1.000000 0.139187 -0.951776 3.051943 1.000000
31260588922 0.031971 0.089838 2.967478 1.000000 0.032660 0.160168 3.010033 1.000000 0.047064 0.531098 2.993234 1.000000 0.044671 0.704447 2.967642 1.000000 -0.130918 0.406705 3.001120 1.000000 -0.233605 0.149882 3.033220 1.000000 -0.322925 -0.045725 2.984455 1.000000 -0.371950 -0.135114 2.962009 1.000000 0.217265 0.406848 3.015966 1.000000 0.309053 0.141294 3.077400 1.000000 0.392090 -0.088318 3.057036 1.000000 0.415153 -0.185572 3.026913 1.000000 -0.050291 0.013895 2.957835 1.000000 -0.099784 -0.494222 3.094780 1.000000 -0.135319 -0.850272 3.101628 1.000000 -0.166108 -0.937128 3.051027 1.000000 0.109119 0.010126 2.963030 1.000000 0.109326 -0.497837 3.097900 1.000000 0.126676 -0.868958 3.096108 1.000000 0.139442 -0.950687 3.047331 1.000000
31260621029 0.032008 0.089843 2.967499 1.000000 0.032741 0.160181 3.009694 1.000000 0.047817 0.528556 2.992113 1.000000 0.045112 0.703556 2.965959 1.000000 -0.130499 0.406347 3.001034 1.000000 -0.229542 0.141666 3.024238 1.000000 -0.313215 -0.058032 2.985581 1.000000 -0.343321 -0.154007 2.957658 1.000000 0.217240 0.406752 3.016071 1.000000 0.295225 0.138301 3.062841 1.000000 0.345504 -0.072920 3.069446 1.000000 0.381874 -0.166213 3.039934 1.000000 -0.050190 0.013938 2.957909 1.000000 -0.104880 -0.472434 3.084661 1.000000 -0.134897 -0.867840 3.110037 1.000000 -0.162566 -0.942238 3.048758 1.000000 0.109106 0.010162 2.963105 1.000000 0.109563 -0.496799 3.097296 1.000000 0.126649 -0.869296 3.096067 1.000000 0.138992 -0.950780 3.047277 1.000000
31260652984 0.032525 0.088758 2.967574 1.000000 0.033228 0.159415 3.009126 1.000000 0.048291 0.528675 2.990916 1.000000 0.047710 0.704368 2.966199 1.000000 -0.129607 0.405948 2.999890 1.000000 -0.226118 0.133106 3.016009 1.000000 -0.279117 -0.077002 2.978350 1.000000 -0.308671 -0.175149 2.958600 1.000000 0.216684 0.407077 3.015181 1.000000 0.289899 0.138800 3.060695 1.000000 0.320910 -0.076550 3.062337 1.000000 0.329476 -0.177596 3.037589 1.000000 -0.048773 0.012401 2.958057 1.000000 -0.068787 -0.505859 3.103786 1.000000 -0.135946 -0.867179 3.109596 1.000000 -0.161150 -0.941147 3.049124 1.000000 0.109064 0.009825 2.963522 1.000000 0.109073 -0.500647 3.098600 1.000000 0.126477 -0.869789 3.096224 1.000000 0.139158 -0.950704 3.046445 1.000000
31260685513 0.033660 0.086551 2.968200 1.000000 0.034155 0.157325 3.009132 1.000000 0.048320 0.527639 2.990866 1.000000 0.047840 0.704208 2.966262 1.000000 -0.129104 0.405825 2.999165 1.000000 -0.213377 0.125816 3.006463 1.000000 -0.258343 -0.086929 2.976048 1.000000 -0.271470 -0.188145 2.954186 1.000000 0.216622 0.407175 3.014962 1.000000 0.280850 0.131403 3.055631 1.000000 0.300010 -0.087636 3.041893 1.000000 0.310783 -0.189022 3.019537 1.000000 -0.046817 0.009668 2.958113 1.000000 -0.093342 -0.511472 3.098183 1.000000 -0.140202 -0.877700 3.082294 1.000000 -0.163616 -0.948959 3.042486 1.000000 0.109822 0.008155 2.965127 1.000000 0.109136 -0.500542 3.098439 1.000000 0.126146 -0.869972 3.098707 1.000000 0.139538 -0.950932 3.046479 1.000000
31260717031 0.033947 0.086374 2.968102 1.000000 0.034207 0.157295 3.008254 1.000000 0.047756 0.526817 2.988633 1.000000 0.048206 0.703808 2.964868 1.000000 -0.127495 0.405701 2.997228 1.000000 -0.202900 0.123148 2.993585 1.000000 -0.232640 -0.092242 2.962339 1.000000 -0.242196 -0.194451 2.943475 1.000000 0.216707 0.407326 3.014908 1.000000 0.275387 0.130200 3.052448 1.000000 0.286665 -0.087545 3.031261 1.000000 0.282221 -0.187963 3.003147 1.000000 -0.046203 0.009851 2.957892 1.000000 -0.105392 -0.433441 3.069775 1.000000 -0.137810 -0.861320 3.080151 1.000000 -0.088928 -0.941406 3.056520 1.000000 0.110140 0.007750 2.965492 1.000000 0.108788 -0.494294 3.098961 1.000000 0.124490 -0.872333 3.088071 1.000000 0.138670 -0.952019 3.049627 1.000000
31260748524 0.034042 0.085856 2.968504 1.000000 0.034245 0.156855 3.007887 1.000000 0.048174 0.526298 2.988403 1.000000 0.051244 0.704717 2.966200 1.000000 -0.126743 0.406191 2.995541 1.000000 -0.197100 0.120715 2.989165 1.000000 -0.217094 -0.095748 2.956756 1.000000 -0.221400 -0.198717 2.939914 1.000000 0.217788 0.407460 3.014472 1.000000 0.264846 0.130427 3.041868 1.000000 0.270449 -0.092574 3.013681 1.000000 0.259036 -0.193931 2.991289 1.000000 -0.046143 0.009414 2.958127 1.000000 -0.100891 -0.523438 3.101860 1.000000 -0.139809 -0.878331 3.084385 1.000000 -0.173340 -0.949707 3.031135 1.000000 0.109979 0.006604 2.966913 1.000000 0.101991 -0.504732 3.100417 1.000000 0.125274 -0.871719 3.091779 1.000000 0.138749 -0.952070 3.049680 1.000000
31260790178 0.034191 0.085705 2.968813 1.000000 0.034213 0.156750 3.007466 1.000000 0.048280 0.525961 2.988256 1.000000 0.053412 0.704798 2.967484 1.000000 -0.126144 0.406943 2.993748 1.000000 -0.190804 0.122457 2.986601 1.000000 -0.209913 -0.093673 2.949592 1.000000 -0.211990 -0.196931 2.933829 1.000000 0.218776 0.407254 3.014410 1.000000 0.259143 0.133010 3.035746 1.000000 0.262754 -0.088922 3.006498 1.000000 0.253179 -0.191494 2.989107 1.000000 -0.046053 0.009333 2.958214 1.000000 -0.101181 -0.514163 3.101026 1.000000 -0.139968 -0.876782 3.086513 1.000000 -0.171792 -0.950061 3.037510 1.000000 0.110176 0.006002 2.968194 1.000000 0.099418 -0.505958 3.101254 1.000000 0.124559 -0.872424 3.093861 1.000000 0.138692 -0.952073 3.049651 1.000000
31260824302 0.034590 0.085488 2.969213 1.000000 0.034492 0.156562 3.007123 1.000000 0.048384 0.525524 2.988105 1.000000 0.053646 0.704839 2.967687 1.000000 -0.125667 0.407352 2.993045 1.000000 -0.183530 0.125291 2.980312 1.000000 -0.202607 -0.090728 2.941951 1.000000 -0.184172 -0.177042 2.913474 1.000000 0.218767 0.407275 3.014408 1.000000 0.255334 0.134744 3.029375 1.000000 0.258540 -0.085757 3.000025 1.000000 0.250151 -0.189128 2.987110 1.000000 -0.045488 0.009194 2.958544 1.000000 -0.100485 -0.496488 3.095606 1.000000 -0.135595 -0.834816 3.094941 1.000000 -0.167294 -0.935319 3.049232 1.000000 0.110515 0.005948 2.968977 1.000000 0.100128 -0.501077 3.098879 1.000000 0.126340 -0.871035 3.100257 1.000000 0.138906 -0.952181 3.049590 1.000000
31260857279 0.034927 0.085723 2.969179 1.000000 0.034484 0.156790 3.006309 1.000000 0.048653 0.524503 2.986753 1.000000 0.052553 0.702478 2.963953 1.000000 -0.124433 0.408204 2.990568 1.000000 -0.177219 0.127014 2.971032 1.000000 -0.194834 -0.089149 2.932531 1.000000 -0.182763 -0.173813 2.911548 1.000000 0.218939 0.407967 3.014867 1.000000 0.253179 0.137266 3.025607 1.000000 0.252490 -0.085858 2.991160 1.000000 0.234844 -0.186912 2.971007 1.000000 -0.044736 0.010007 2.958371 1.000000 -0.099256 -0.434615 3.067033 1.000000 -0.137553 -0.861937 3.078573 1.000000 -0.169352 -0.938465 3.051302 1.000000 0.110705 0.006103 2.969160 1.000000 0.111961 -0.460447 3.085130 1.000000 0.126458 -0.871041 3.099812 1.000000 0.139050 -0.953003 3.049735 1.000000
31260891284 0.035349 0.085575 2.969295 1.000000 0.034924 0.156650 3.005764 1.000000 0.048957 0.524377 2.986753 1.000000 0.055309 0.703116 2.967547 1.000000 -0.123803 0.408845 2.990005 1.000000 -0.175726 0.128567 2.967564 1.000000 -0.189832 -0.087609 2.926771 1.000000 -0.174487 -0.176127 2.900793 1.000000 0.219329 0.408038 3.014597 1.000000 0.253178 0.137379 3.025239 1.000000 0.252261 -0.085045 2.990521 1.000000 0.234044 -0.183686 2.960922 1.000000 -0.044140 0.009806 2.958418 1.000000 -0.096497 -0.491455 3.097985 1.000000 -0.136989 -0.871239 3.091536 1.000000 -0.168577 -0.940348 3.051577 1.000000 0.110908 0.006065 2.969339 1.000000 0.106750 -0.510742 3.103845 1.000000 0.126496 -0.871094 3.099700 1.000000 0.138604 -0.952710 3.049838 1.000000
31260924164 0.035861 0.085457 2.969311 1.000000 0.035296 0.156573 3.005145 1.000000 0.049118 0.524379 2.986629 1.000000 0.056403 0.703694 2.967632 1.000000 -0.122965 0.409301 2.988708 1.000000 -0.175028 0.129434 2.964231 1.000000 -0.181363 -0.086268 2.917275 1.000000 -0.171645 -0.176207 2.897278 1.000000 0.219759 0.408616 3.014533 1.000000 0.253583 0.137549 3.024818 1.000000 0.250425 -0.085450 2.981227 1.000000 0.232150 -0.184737 2.953771 1.000000 -0.043396 0.009713 2.958353 1.000000 -0.096654 -0.492985 3.098713 1.000000 -0.137046 -0.869793 3.094655 1.000000 -0.169345 -0.939571 3.049100 1.000000 0.111249 0.006029 2.969484 1.000000 0.109029 -0.506977 3.102045 1.000000 0.126149 -0.871425 3.098347 1.000000 0.139434 -0.953117 3.050996 1.000000
31260957329 0.036076 0.085493 2.969272 1.000000 0.035532 0.156627 3.004431 1.000000 0.049386 0.523626 2.985731 1.000000 0.057289 0.703864 2.968282 1.000000 -0.122761 0.409511 2.988547 1.000000 -0.174114 0.130393 2.962792 1.000000 -0.179993 -0.085252 2.915178 1.000000 -0.166752 -0.186331 2.891468 1.000000 0.220304 0.408702 3.014693 1.000000 0.254295 0.137696 3.024374 1.000000 0.248872 -0.082752 2.974212 1.000000 0.227917 -0.180266 2.942489 1.000000 -0.043254 0.009703 2.958377 1.000000 -0.096740 -0.493261 3.098665 1.000000 -0.136859 -0.869183 3.094302 1.000000 -0.171218 -0.941260 3.044591 1.000000 0.111491 0.006095 2.969491 1.000000 0.104973 -0.507076 3.102569 1.000000 0.126436 -0.871877 3.097759 1.000000 0.139742 -0.954867 3.055983 1.000000
31260991228 0.036164 0.085423 2.969184 1.000000 0.035719 0.156562 3.003757 1.000000 0.049417 0.523551 2.985547 1.000000 0.058374 0.704814 2.970142 1.000000 -0.122635 0.409549 2.988445 1.000000 -0.172441 0.132378 2.961373 1.000000 -0.178217 -0.083256 2.913468 1.000000 -0.165665 -0.183816 2.887108 1.000000 0.220812 0.408548 3.014127 1.000000 0.255772 0.138160 3.023840 1.000000 0.248610 -0.082364 2.969217 1.000000 0.226986 -0.180122 2.938551 1.000000 -0.043166 0.009589 2.958246 1.000000 -0.081924 -0.502004 3.104140 1.000000 -0.134868 -0.849525 3.101491 1.000000 -0.170845 -0.940922 3.044419 1.000000 0.111547 0.006054 2.969471 1.000000 0.104937 -0.506802 3.102526 1.000000 0.126718 -0.872234 3.097295 1.000000 0.139594 -0.954443 3.054859 1.000000
31261024360 0.036455 0.085355 2.969068 1.000000 0.036036 0.156498 3.003091 1.000000 0.049650 0.523461 2.985326 1.000000 0.058530 0.704873 2.970202 1.000000 -0.122587 0.409702 2.988141 1.000000 -0.171663 0.133319 2.960629 1.000000 -0.177156 -0.082262 2.912155 1.000000 -0.163786 -0.182972 2.886571 1.000000 0.220926 0.409066 3.014124 1.000000 0.256747 0.138060 3.022759 1.000000 0.249235 -0.081323 2.964176 1.000000 0.227914 -0.179836 2.935601 1.000000 -0.042869 0.009435 2.958088 1.000000 -0.085889 -0.500423 3.102275 1.000000 -0.135320 -0.850843 3.101494 1.000000 -0.169412 -0.937869 3.040892 1.000000 0.111774 0.006074 2.969442 1.000000 0.104832 -0.507853 3.103037 1.000000 0.126712 -0.872227 3.097400 1.000000 0.139676 -0.954449 3.054853 1.000000
31261058303 0.036575 0.085101 2.968933 1.000000 0.036313 0.156214 3.002455 1.000000 0.049824 0.523140 2.985096 1.000000 0.058861 0.705006 2.970470 1.000000 -0.122384 0.409761 2.987860 1.000000 -0.171426 0.133493 2.960281 1.000000 -0.176263 -0.082088 2.911516 1.000000 -0.163639 -0.182384 2.884026 1.000000 0.220625 0.409369 3.012817 1.000000 0.258101 0.138211 3.020006 1.000000 0.250195 -0.079769 2.963632 1.000000 0.229179 -0.178405 2.935282 1.000000 -0.042725 0.009253 2.958010 1.000000 -0.088060 -0.499364 3.102204 1.000000 -0.135896 -0.854025 3.101995 1.000000 -0.169687 -0.938098 3.041075 1.000000 0.111784 0.006013 2.969371 1.000000 0.106942 -0.508046 3.102814 1.000000 0.126703 -0.872215 3.097126 1.000000 0.140038 -0.954638 3.054835 1.000000
31261091317 0.037111 0.084446 2.968587 1.000000 0.036903 0.155557 3.001705 1.000000 0.049733 0.522662 2.984863 1.000000 0.058455 0.704256 2.970818 1.000000 -0.122263 0.409872 2.987798 1.000000 -0.171033 0.133717 2.959614 1.000000 -0.176332 -0.081799 2.910326 1.000000 -0.162942 -0.182036 2.883012 1.000000 0.220014 0.408869 3.011200 1.000000 0.259111 0.137391 3.018266 1.000000 0.250994 -0.079374 2.963015 1.000000 0.229985 -0.177853 2.934144 1.000000 -0.041928 0.008761 2.957660 1.000000 -0.092976 -0.501677 3.101474 1.000000 -0.137161 -0.870839 3.099422 1.000000 -0.169910 -0.939202 3.040761 1.000000 0.112160 0.005650 2.969108 1.000000 0.101005 -0.502831 3.100888 1.000000 0.125546 -0.871574 3.098854 1.000000 0.141321 -0.954710 3.055120 1.000000
31261125318 0.037420 0.084903 2.968053 1.000000 0.037127 0.155740 3.000873 1.000000 0.049653 0.521223 2.984146 1.000000 0.055621 0.700447 2.964199 1.000000 -0.122024 0.409858 2.987725 1.000000 -0.170922 0.134272 2.959028 1.000000 -0.176244 -0.081165 2.909090 1.000000 -0.162096 -0.181566 2.882793 1.000000 0.219939 0.409017 3.011258 1.000000 0.259975 0.137046 3.017136 1.000000 0.251432 -0.080362 2.963359 1.000000 0.230878 -0.179141 2.935209 1.000000 -0.041297 0.010296 2.956696 1.000000 -0.098950 -0.459573 3.076752 1.000000 -0.135701 -0.832472 3.102959 1.000000 -0.166434 -0.927038 3.045526 1.000000 0.112389 0.005853 2.968721 1.000000 0.106242 -0.491327 3.095281 1.000000 0.124450 -0.871342 3.096213 1.000000 0.141222 -0.954905 3.055224 1.000000
31261158362 0.037517 0.084794 2.968080 1.000000 0.037237 0.155671 3.000520 1.000000 0.049715 0.521234 2.984097 1.000000 0.055639 0.701060 2.965281 1.000000 -0.121978 0.409846 2.987550 1.000000 -0.170476 0.134807 2.958132 1.000000 -0.176413 -0.080692 2.908465 1.000000 -0.162700 -0.181367 2.883023 1.000000 0.219992 0.409171 3.011199 1.000000 0.260370 0.136571 3.016706 1.000000 0.251503 -0.083441 2.964349 1.000000 0.233473 -0.182799 2.936535 1.000000 -0.041148 0.010009 2.956747 1.000000 -0.075134 -0.508789 3.101947 1.000000 -0.135866 -0.848315 3.097598 1.000000 -0.170030 -0.937746 3.039824 1.000000 0.112438 0.005813 2.968774 1.000000 0.109937 -0.500297 3.098289 1.000000 0.124768 -0.871320 3.095994 1.000000 0.141285 -0.954911 3.055206 1.000000
31261191143 0.037726 0.084537 2.968169 1.000000 0.037461 0.155446 3.000226 1.000000 0.049815 0.521101 2.984027 1.000000 0.056326 0.701467 2.965986 1.000000 -0.121807 0.409833 2.987354 1.000000 -0.170536 0.134784 2.957148 1.000000 -0.176303 -0.080817 2.907859 1.000000 -0.163576 -0.181804 2.883183 1.000000 0.220166 0.409191 3.010979 1.000000 0.261338 0.134809 3.015126 1.000000 0.253442 -0.095616 2.966783 1.000000 0.236642 -0.195171 2.938930 1.000000 -0.040871 0.009528 2.956886 1.000000 -0.084761 -0.503647 3.101041 1.000000 -0.136117 -0.847030 3.098272 1.000000 -0.170511 -0.938666 3.040293 1.000000 0.112598 0.005664 2.968917 1.000000 0.110581 -0.503078 3.100955 1.000000 0.124715 -0.871933 3.097241 1.000000 0.141895 -0.954853 3.053692 1.000000
31261225451 0.038066 0.084209 2.968413 1.000000 0.037827 0.155174 2.999990 1.000000 0.050485 0.520697 2.983612 1.000000 0.056363 0.701453 2.966095 1.000000 -0.121384 0.410103 2.987084 1.000000 -0.170929 0.134931 2.956699 1.000000 -0.176441 -0.080760 2.907705 1.000000 -0.165731 -0.182152 2.883770 1.000000 0.220295 0.409230 3.011048 1.000000 0.261899 0.133901 3.014908 1.000000 0.255655 -0.095067 2.968259 1.000000 0.239770 -0.195639 2.943748 1.000000 -0.040506 0.009100 2.957237 1.000000 -0.088179 -0.501945 3.100211 1.000000 -0.136069 -0.852989 3.095165 1.000000 -0.171890 -0.939950 3.039215 1.000000 0.112830 0.005437 2.969312 1.000000 0.100630 -0.508933 3.103344 1.000000 0.124526 -0.871692 3.098070 1.000000 0.141728 -0.954305 3.053049 1.000000
31261257506 0.038203 0.083941 2.968579 1.000000 0.038005 0.155038 2.999645 1.000000 0.050961 0.520674 2.983046 1.000000 0.056719 0.701727 2.966114 1.000000 -0.121272 0.410183 2.987072 1.000000 -0.171573 0.133869 2.956100 1.000000 -0.178637 -0.081608 2.905898 1.000000 -0.169076 -0.183506 2.883719 1.000000 0.220378 0.409206 3.011103 1.000000 0.262463 0.132174 3.013846 1.000000 0.257051 -0.095514 2.969162 1.000000 0.243353 -0.197158 2.948018 1.000000 -0.040397 0.008879 2.957376 1.000000 -0.095476 -0.511030 3.102988 1.000000 -0.138062 -0.860910 3.091216 1.000000 -0.171741 -0.941890 3.039567 1.000000 0.112894 0.004969 2.969899 1.000000 0.097624 -0.510320 3.104539 1.000000 0.124314 -0.871941 3.097860 1.000000 0.141728 -0.954332 3.053110 1.000000
31261292253 0.038318 0.083747 2.968920 1.000000 0.038224 0.154897 2.999623 1.000000 0.051829 0.520933 2.983588 1.000000 0.057168 0.702188 2.966633 1.000000 -0.121051 0.410344 2.987054 1.000000 -0.173026 0.129577 2.954564 1.000000 -0.179986 -0.086033 2.904880 1.000000 -0.172345 -0.188320 2.883811 1.000000 0.220427 0.409241 3.011075 1.000000 0.262961 0.132457 3.014293 1.000000 0.259195 -0.096212 2.971074 1.000000 0.249369 -0.198669 2.951814 1.000000 -0.040366 0.008705 2.957586 1.000000 -0.096374 -0.506815 3.101507 1.000000 -0.138160 -0.861162 3.092077 1.000000 -0.171996 -0.941834 3.040183 1.000000 0.112892 0.004838 2.970409 1.000000 0.096649 -0.510524 3.104171 1.000000 0.124722 -0.871714 3.096490 1.000000 0.141679 -0.954248 3.053190 1.000000
31261325197 0.038275 0.083592 2.969077 1.000000 0.038231 0.154795 2.999428 1.000000 0.052015 0.520906 2.983671 1.000000 0.057402 0.702481 2.966995 1.000000 -0.120971 0.410377 2.987048 1.000000 -0.173607 0.129351 2.954621 1.000000 -0.180966 -0.085989 2.903219 1.000000 -0.178325 -0.189913 2.890729 1.000000 0.220479 0.409454 3.011325 1.000000 0.263680 0.131788 3.014776 1.000000 0.265707 -0.100840 2.977262 1.000000 0.254993 -0.203969 2.962671 1.000000 -0.040460 0.008553 2.957869 1.000000 -0.097077 -0.505316 3.100444 1.000000 -0.138183 -0.861256 3.092067 1.000000 -0.172649 -0.942282 3.042538 1.000000 0.112763 0.004708 2.970522 1.000000 0.095968 -0.510312 3.104387 1.000000 0.125057 -0.871292 3.096408 1.000000 0.141783 -0.954279 3.052792 1.000000
31261359343 0.038080 0.083519 2.969139 1.000000 0.038128 0.154755 2.999076 1.000000 0.052057 0.520354 2.983070 1.000000 0.057622 0.702491 2.967016 1.000000 -0.120965 0.410374 2.987050 1.000000 -0.174190 0.128966 2.954916 1.000000 -0.187308 -0.086159 2.903607 1.000000 -0.181004 -0.190045 2.891716 1.000000 0.220449 0.409360 3.011277 1.000000 0.264899 0.129471 3.017049 1.000000 0.269305 -0.107924 2.980394 1.000000 0.256450 -0.210485 2.963378 1.000000 -0.040911 0.008576 2.958242 1.000000 -0.098207 -0.499368 3.098194 1.000000 -0.138356 -0.861221 3.092370 1.000000 -0.173248 -0.942582 3.042357 1.000000 0.112488 0.004579 2.970545 1.000000 0.094429 -0.511232 3.104679 1.000000 0.125069 -0.871300 3.096443 1.000000 0.141335 -0.953178 3.051225 1.000000
31261392349 0.037675 0.083020 2.969388 1.000000 0.037930 0.154392 2.998891 1.000000 0.052407 0.520148 2.983056 1.000000 0.057685 0.702535 2.967032 1.000000 -0.120540 0.410204 2.986829 1.000000 -0.175534 0.128566 2.955635 1.000000 -0.191841 -0.086385 2.904334 1.000000 -0.187003 -0.190723 2.895754 1.000000 0.220263 0.409267 3.011211 1.000000 0.265327 0.129736 3.018512 1.000000 0.270521 -0.108647 2.982848 1.000000 0.258683 -0.211858 2.969040 1.000000 -0.041343 0.008349 2.958585 1.000000 -0.098272 -0.499337 3.098197 1.000000 -0.137629 -0.853595 3.096159 1.000000 -0.172887 -0.942945 3.041986 1.000000 0.111724 0.004164 2.970825 1.000000 0.102304 -0.512797 3.104390 1.000000 0.124941 -0.871179 3.094961 1.000000 0.139839 -0.951104 3.046642 1.000000
31261425198 0.037498 0.082989 2.969610 1.000000 0.037851 0.154382 2.998699 1.000000 0.052483 0.520101 2.983055 1.000000 0.057681 0.702518 2.967135 1.000000 -0.120464 0.410177 2.986930 1.000000 -0.177759 0.126162 2.955989 1.000000 -0.195040 -0.089038 2.906284 1.000000 -0.189813 -0.193111 2.894640 1.000000 0.220473 0.409318 3.011448 1.000000 0.266678 0.129021 3.019908 1.000000 0.271885 -0.108975 2.984479 1.000000 0.259792 -0.212224 2.970786 1.000000 -0.041563 0.008380 2.958725 1.000000 -0.098524 -0.499157 3.097799 1.000000 -0.141284 -0.859129 3.091193 1.000000 -0.172295 -0.947108 3.044772 1.000000 0.111299 0.003912 2.971441 1.000000 0.099909 -0.512775 3.103867 1.000000 0.124830 -0.870981 3.095174 1.000000 0.140098 -0.950741 3.046665 1.000000
31261459419 0.036872 0.082768 2.969950 1.000000 0.037372 0.154223 2.998594 1.000000 0.052505 0.520049 2.983056 1.000000 0.057522 0.702812 2.967234 1.000000 -0.120351 0.410200 2.986929 1.000000 -0.179226 0.125117 2.956571 1.000000 -0.198300 -0.089997 2.906969 1.000000 -0.196047 -0.194264 2.895624 1.000000 0.220298 0.409644 3.012384 1.000000 0.267139 0.129259 3.021108 1.000000 0.273194 -0.107464 2.985852 1.000000 0.261767 -0.210818 2.971973 1.000000 -0.042189 0.008359 2.959229 1.000000 -0.098664 -0.499120 3.097708 1.000000 -0.141515 -0.862180 3.096008 1.000000 -0.171377 -0.947472 3.049829 1.000000 0.110164 0.003656 2.971814 1.000000 0.099532 -0.511042 3.102681 1.000000 0.124535 -0.871112 3.095058 1.000000 0.140279 -0.951578 3.047259 1.000000
31261492342 0.035998 0.082141 2.970140 1.000000 0.036774 0.153740 2.998359 1.000000 0.052550 0.519930 2.982934 1.000000 0.057454 0.702600 2.967177 1.000000 -0.119820 0.410221 2.987127 1.000000 -0.182274 0.121348 2.959329 1.000000 -0.201317 -0.093455 2.907641 1.000000 -0.200100 -0.197896 2.897326 1.000000 0.220184 0.409732 3.012495 1.000000 0.267818 0.129318 3.021153 1.000000 0.274971 -0.106368 2.989542 1.000000 0.271359 -0.209966 2.973113 1.000000 -0.042946 0.008263 2.959658 1.000000 -0.099194 -0.501411 3.098685 1.000000 -0.139693 -0.856226 3.106437 1.000000 -0.170691 -0.945115 3.050482 1.000000 0.108723 0.002867 2.971877 1.000000 0.099578 -0.510498 3.102617 1.000000 0.125001 -0.871422 3.097287 1.000000 0.140472 -0.951398 3.047380 1.000000
31261526314 0.035760 0.081992 2.970290 1.000000 0.036574 0.153652 2.998130 1.000000 0.052551 0.519933 2.982858 1.000000 0.058229 0.703229 2.967974 1.000000 -0.119373 0.409899 2.987306 1.000000 -0.183006 0.120942 2.960181 1.000000 -0.203288 -0.093693 2.907907 1.000000 -0.202515 -0.198247 2.898237 1.000000 0.220159 0.409557 3.013137 1.000000 0.268054 0.129784 3.021667 1.000000 0.279882 -0.103757 2.995548 1.000000 0.282008 -0.207335 2.978436 1.000000 -0.043153 0.008221 2.959726 1.000000 -0.099216 -0.501746 3.099012 1.000000 -0.138943 -0.858175 3.105381 1.000000 -0.170420 -0.949699 3.057968 1.000000 0.108360 0.002712 2.972290 1.000000 0.099456 -0.510601 3.102704 1.000000 0.124994 -0.871513 3.097420 1.000000 0.140445 -0.951503 3.047359 1.000000
31261559019 0.035599 0.081750 2.970523 1.000000 0.036428 0.153383 2.998072 1.000000 0.052990 0.519417 2.983101 1.000000 0.058501 0.703020 2.966791 1.000000 -0.119024 0.409586 2.987454 1.000000 -0.184069 0.120304 2.960655 1.000000 -0.207995 -0.096399 2.909484 1.000000 -0.205492 -0.199931 2.898185 1.000000 0.220485 0.409573 3.014132 1.000000 0.268316 0.129936 3.022029 1.000000 0.283645 -0.102487 2.998296 1.000000 0.284119 -0.206104 2.981026 1.000000 -0.043498 0.007845 2.960016 1.000000 -0.099139 -0.501866 3.099235 1.000000 -0.137353 -0.853344 3.106673 1.000000 -0.170788 -0.946198 3.056523 1.000000 0.108217 0.002607 2.972469 1.000000 0.104207 -0.510040 3.102499 1.000000 0.124823 -0.871704 3.097292 1.000000 0.140588 -0.951472 3.046951 1.000000
31261593460 0.035753 0.081297 2.970889 1.000000 0.036590 0.152995 2.998177 1.000000 0.053070 0.519349 2.983397 1.000000 0.058706 0.702963 2.966831 1.000000 -0.118516 0.409173 2.987863 1.000000 -0.184752 0.120090 2.962247 1.000000 -0.219272 -0.098265 2.912911 1.000000 -0.218684 -0.198107 2.896543 1.000000 0.220095 0.409857 3.014339 1.000000 0.268976 0.130196 3.022465 1.000000 0.286050 -0.101496 2.998351 1.000000 0.293042 -0.204483 2.978605 1.000000 -0.043162 0.007368 2.960524 1.000000 -0.098748 -0.500935 3.100423 1.000000 -0.137177 -0.856912 3.105256 1.000000 -0.171516 -0.943761 3.052245 1.000000 0.108258 0.002571 2.972586 1.000000 0.106965 -0.509022 3.102866 1.000000 0.124374 -0.871944 3.097130 1.000000 0.141260 -0.951572 3.047806 1.000000
31261626600 0.036080 0.080665 2.971616 1.000000 0.036899 0.152298 2.998806 1.000000 0.053304 0.518729 2.984621 1.000000 0.058981 0.702574 2.966309 1.000000 -0.118222 0.408911 2.987950 1.000000 -0.186106 0.120138 2.963183 1.000000 -0.229385 -0.098073 2.911889 1.000000 -0.233590 -0.194521 2.890025 1.000000 0.219936 0.409860 3.014455 1.000000 0.269366 0.130026 3.023055 1.000000 0.304406 -0.099061 3.002064 1.000000 0.310342 -0.202091 2.981971 1.000000 -0.042697 0.006920 2.961059 1.000000 -0.098401 -0.500347 3.100151 1.000000 -0.138129 -0.862137 3.097836 1.000000 -0.169115 -0.945519 3.048000 1.000000 0.108476 0.002238 2.973222 1.000000 0.109313 -0.506826 3.103664 1.000000 0.123935 -0.858985 3.101490 1.000000 0.141012 -0.950682 3.047063 1.000000
31261659314 0.036258 0.080732 2.972069 1.000000 0.037065 0.152350 2.999103 1.000000 0.053983 0.518771 2.985174 1.000000 0.059172 0.702625 2.966381 1.000000 -0.118028 0.408745 2.988879 1.000000 -0.190211 0.122702 2.968482 1.000000 -0.255363 -0.083365 2.918038 1.000000 -0.270349 -0.183352 2.889087 1.000000 0.219780 0.409870 3.016258 1.000000 0.270191 0.130282 3.024078 1.000000 0.328972 -0.099833 2.999583 1.000000 0.336371 -0.193203 2.977798 1.000000 -0.042548 0.007235 2.961303 1.000000 -0.098305 -0.500485 3.100488 1.000000 -0.138481 -0.863310 3.097811 1.000000 -0.169025 -0.945609 3.047783 1.000000 0.108647 0.002044 2.974109 1.000000 0.109619 -0.507150 3.103701 1.000000 0.124829 -0.864127 3.098067 1.000000 0.140701 -0.950836 3.046635 1.000000
31261693233 0.036264 0.081031 2.972463 1.000000 0.037139 0.152473 2.999310 1.000000 0.054502 0.518036 2.985696 1.000000 0.059251 0.702504 2.966439 1.000000 -0.118262 0.408222 2.989693 1.000000 -0.200973 0.126261 2.976935 1.000000 -0.262699 -0.078649 2.915595 1.000000 -0.281876 -0.173975 2.886021 1.000000 0.219803 0.410048 3.016938 1.000000 0.273588 0.135735 3.026756 1.000000 0.341340 -0.088089 3.001258 1.000000 0.354213 -0.186040 2.984819 1.000000 -0.042706 0.007615 2.961630 1.000000 -0.098204 -0.500120 3.100274 1.000000 -0.138567 -0.863305 3.098989 1.000000 -0.170052 -0.944878 3.046948 1.000000 0.108692 0.002176 2.974488 1.000000 0.111131 -0.511505 3.106351 1.000000 0.125682 -0.866627 3.097975 1.000000 0.140847 -0.950823 3.047008 1.000000
31261726495 0.036145 0.080935 2.973076 1.000000 0.037235 0.152417 2.999634 1.000000 0.054947 0.517992 2.985808 1.000000 0.059308 0.702637 2.966760 1.000000 -0.118901 0.407692 2.991432 1.000000 -0.210660 0.132004 2.983763 1.000000 -0.302468 -0.060089 2.910990 1.000000 -0.328244 -0.155585 2.875073 1.000000 0.219628 0.409811 3.017513 1.000000 0.277789 0.139130 3.028264 1.000000 0.363515 -0.088079 3.006003 1.000000 0.375620 -0.180941 2.976833 1.000000 -0.043229 0.007239 2.962528 1.000000 -0.097770 -0.499726 3.100476 1.000000 -0.138061 -0.855710 3.102440 1.000000 -0.170353 -0.944323 3.046943 1.000000 0.108641 0.002176 2.975194 1.000000 0.108244 -0.511557 3.106261 1.000000 0.126317 -0.868307 3.097917 1.000000 0.140804 -0.951919 3.048482 1.000000
31261760616 0.036108 0.081305 2.973707 1.000000 0.037512 0.152563 3.000361 1.000000 0.055637 0.517321 2.987586 1.000000 0.059434 0.702360 2.967094 1.000000 -0.119580 0.407374 2.994879 1.000000 -0.220267 0.140738 2.988180 1.000000 -0.333885 -0.051714 2.902711 1.000000 -0.354808 -0.149435 2.869643 1.000000 0.219599 0.409478 3.018002 1.000000 0.293344 0.144518 3.034688 1.000000 0.389004 -0.074590 3.009245 1.000000 0.418086 -0.168363 2.980726 1.000000 -0.043576 0.007674 2.963569 1.000000 -0.097892 -0.500294 3.100654 1.000000 -0.137488 -0.857621 3.100937 1.000000 -0.170925 -0.944219 3.046938 1.000000 0.108674 0.002351 2.975298 1.000000 0.108289 -0.511612 3.105905 1.000000 0.126009 -0.869266 3.097276 1.000000 0.140781 -0.951513 3.047783 1.000000
31261793201 0.035932 0.081633 2.974661 1.000000 0.037439 0.152786 3.001091 1.000000 0.055679 0.517152 2.987833 1.000000 0.059460 0.702352 2.967034 1.000000 -0.119569 0.406959 2.996094 1.000000 -0.229875 0.160275 2.993484 1.000000 -0.369287 -0.021658 2.900950 1.000000 -0.391846 -0.096069 2.871588 1.000000 0.219556 0.409589 3.018720 1.000000 0.302112 0.145723 3.039261 1.000000 0.416590 -0.040832 3.010083 1.000000 0.436005 -0.139818 2.979870 1.000000 -0.044026 0.008601 2.965250 1.000000 -0.097817 -0.500656 3.100782 1.000000 -0.137532 -0.859849 3.101072 1.000000 -0.169867 -0.944960 3.053209 1.000000 0.108613 0.002378 2.975823 1.000000 0.108555 -0.509589 3.105103 1.000000 0.125855 -0.870231 3.097615 1.000000 0.138733 -0.951985 3.051526 1.000000
31261827580 0.035619 0.081904 2.975569 1.000000 0.037233 0.152999 3.001620 1.000000 0.055765 0.517075 2.987884 1.000000 0.059502 0.702339 2.967250 1.000000 -0.119877 0.406575 2.997017 1.000000 -0.241177 0.169537 2.994905 1.000000 -0.385749 -0.004301 2.899554 1.000000 -0.433108 -0.060403 2.873766 1.000000 0.220263 0.408948 3.020006 1.000000 0.328344 0.139629 3.049497 1.000000 0.442105 -0.046549 3.012339 1.000000 0.470703 -0.112000 2.969245 1.000000 -0.044840 0.008999 2.966483 1.000000 -0.097803 -0.501048 3.099860 1.000000 -0.137237 -0.861317 3.101507 1.000000 -0.169955 -0.944980 3.053072 1.000000 0.108476 0.002190 2.976709 1.000000 0.108614 -0.510723 3.105239 1.000000 0.125608 -0.873726 3.099889 1.000000 0.139299 -0.951461 3.049910 1.000000
31261860599 0.035376 0.082598 2.976687 1.000000 0.037041 0.153514 3.002321 1.000000 0.055727 0.516892 2.988104 1.000000 0.059682 0.702296 2.967199 1.000000 -0.121531 0.406936 2.999967 1.000000 -0.255283 0.190586 2.995761 1.000000 -0.412983 0.035112 2.908585 1.000000 -0.462452 -0.027198 2.886647 1.000000 0.221653 0.407966 3.023151 1.000000 0.344900 0.148224 3.057817 1.000000 0.470936 -0.028722 3.013098 1.000000 0.518211 -0.089392 3.001524 1.000000 -0.045657 0.009415 2.968001 1.000000 -0.097889 -0.502406 3.099906 1.000000 -0.137184 -0.866471 3.098099 1.000000 -0.169125 -0.944906 3.041749 1.000000 0.108611 0.002287 2.977359 1.000000 0.109003 -0.510545 3.104609 1.000000 0.125829 -0.873601 3.100018 1.000000 0.140065 -0.951609 3.049777 1.000000
31261893714 0.035341 0.083426 2.977782 1.000000 0.036980 0.154014 3.003024 1.000000 0.055854 0.515942 2.988817 1.000000 0.059761 0.702287 2.967405 1.000000 -0.122845 0.406792 3.001721 1.000000 -0.275397 0.196249 2.994724 1.000000 -0.437486 0.064930 2.913108 1.000000 -0.508093 0.001289 2.867895 1.000000 0.222832 0.406668 3.025824 1.000000 0.351807 0.152864 3.055719 1.000000 0.501219 -0.002811 3.002019 1.000000 0.546387 -0.066284 2.969248 1.000000 -0.046104 0.010001 2.968910 1.000000 -0.097749 -0.503233 3.099938 1.000000 -0.139267 -0.870529 3.093799 1.000000 -0.169306 -0.949998 3.043435 1.000000 0.108933 0.002348 2.978328 1.000000 0.105562 -0.512687 3.104446 1.000000 0.125812 -0.873635 3.100079 1.000000 0.139635 -0.951530 3.048192 1.000000
31261927286 0.035067 0.084385 2.978326 1.000000 0.036710 0.154821 3.003342 1.000000 0.055713 0.515999 2.989152 1.000000 0.058974 0.701869 2.966449 1.000000 -0.123417 0.406672 3.002733 1.000000 -0.289316 0.209815 2.991922 1.000000 -0.461596 0.090963 2.912402 1.000000 -0.520996 0.055664 2.871593 1.000000 0.223498 0.406332 3.027237 1.000000 0.365863 0.173751 3.057775 1.000000 0.518536 0.020580 3.006701 1.000000 0.575684 -0.021912 2.982922 1.000000 -0.046572 0.010537 2.969172 1.000000 -0.096382 -0.500371 3.098438 1.000000 -0.136376 -0.853754 3.098421 1.000000 -0.169232 -0.945215 3.043902 1.000000 0.108970 0.002815 2.978833 1.000000 0.108126 -0.513484 3.104807 1.000000 0.125844 -0.873125 3.100473 1.000000 0.139662 -0.951368 3.048376 1.000000
31261960575 0.034874 0.085011 2.979117 1.000000 0.036718 0.155247 3.004030 1.000000 0.055916 0.515454 2.990387 1.000000 0.058959 0.701770 2.966121 1.000000 -0.124909 0.406913 3.004930 1.000000 -0.313057 0.221174 2.990712 1.000000 -0.497202 0.125545 2.905709 1.000000 -0.555664 0.099365 2.869642 1.000000 0.223748 0.406048 3.027752 1.000000 0.374222 0.186246 3.058236 1.000000 0.549990 0.058169 3.014824 1.000000 0.624867 -0.006523 2.978883 1.000000 -0.047056 0.010599 2.969856 1.000000 -0.095805 -0.501460 3.097740 1.000000 -0.137859 -0.862304 3.096460 1.000000 -0.169091 -0.944789 3.042321 1.000000 0.108973 0.003285 2.979391 1.000000 0.109637 -0.511776 3.103762 1.000000 0.126383 -0.874770 3.101478 1.000000 0.139931 -0.951177 3.048594 1.000000
31261994521 0.034573 0.086786 2.980392 1.000000 0.036389 0.156338 3.004997 1.000000 0.055580 0.514214 2.991548 1.000000 0.058427 0.699839 2.965145 1.000000 -0.126381 0.406834 3.005946 1.000000 -0.327245 0.235730 2.987918 1.000000 -0.521451 0.164284 2.901224 1.000000 -0.582031 0.146851 2.867690 1.000000 0.224382 0.405887 3.029803 1.000000 0.417438 0.199489 3.069926 1.000000 0.589132 0.070418 3.011072 1.000000 0.674893 0.023128 2.972380 1.000000 -0.047783 0.011426 2.970454 1.000000 -0.093320 -0.485394 3.091053 1.000000 -0.137389 -0.855398 3.096188 1.000000 -0.169752 -0.936177 3.029744 1.000000 0.109271 0.004462 2.980924 1.000000 0.109996 -0.499274 3.095334 1.000000 0.124665 -0.873173 3.097266 1.000000 0.139345 -0.951296 3.048149 1.000000
31262027574 0.034574 0.087155 2.981387 1.000000 0.036257 0.156556 3.006280 1.000000 0.055042 0.513524 2.994078 1.000000 0.058464 0.699880 2.965196 1.000000 -0.127609 0.406951 3.007107 1.000000 -0.336733 0.260235 2.988198 1.000000 -0.539886 0.211415 2.907360 1.000000 -0.597656 0.200073 2.869644 1.000000 0.224955 0.406647 3.031907 1.000000 0.424462 0.209497 3.070129 1.000000 0.617548 0.118598 3.005110 1.000000 0.646973 0.109070 2.986832 1.000000 -0.047942 0.011419 2.970649 1.000000 -0.093402 -0.485945 3.092788 1.000000 -0.137466 -0.858472 3.095584 1.000000 -0.169106 -0.934970 3.030347 1.000000 0.109806 0.004536 2.982755 1.000000 0.112532 -0.502801 3.099784 1.000000 0.124516 -0.873371 3.097296 1.000000 0.139364 -0.951333 3.047616 1.000000
31262060465 0.034156 0.087787 2.981806 1.000000 0.035921 0.157093 3.006566 1.000000 0.054816 0.513534 2.993985 1.000000 0.058385 0.700071 2.965078 1.000000 -0.130423 0.407141 3.008388 1.000000 -0.362557 0.281914 2.986682 1.000000 -0.565650 0.233749 2.905143 1.000000 -0.635076 0.243159 2.871273 1.000000 0.225077 0.406419 3.032609 1.000000 0.435231 0.238117 3.070292 1.000000 0.639676 0.163228 3.028263 1.000000 0.686035 0.147583 2.986833 1.000000 -0.048900 0.011310 2.971174 1.000000 -0.093777 -0.492218 3.097200 1.000000 -0.136198 -0.862140 3.095079 1.000000 -0.168940 -0.934929 3.030843 1.000000 0.109740 0.005043 2.983207 1.000000 0.112855 -0.502601 3.100254 1.000000 0.124526 -0.874697 3.097687 1.000000 0.139940 -0.952331 3.049530 1.000000
31262094473 0.034269 0.089013 2.982800 1.000000 0.035887 0.158014 3.007842 1.000000 0.054050 0.513240 2.996305 1.000000 0.058414 0.700080 2.964823 1.000000 -0.133699 0.407230 3.009958 1.000000 -0.358735 0.298212 2.987624 1.000000 -0.566747 0.309227 2.904802 1.000000 -0.633080 0.314922 2.864601 1.000000 0.226090 0.405763 3.034506 1.000000 0.445082 0.257999 3.063679 1.000000 0.658582 0.209789 3.032259 1.000000 0.729188 0.202035 3.000585 1.000000 -0.049177 0.011822 2.971301 1.000000 -0.070280 -0.501666 3.102119 1.000000 -0.136361 -0.854049 3.096937 1.000000 -0.170756 -0.939203 3.041348 1.000000 0.110520 0.005105 2.984406 1.000000 0.112895 -0.502581 3.100253 1.000000 0.124954 -0.874510 3.097244 1.000000 0.140264 -0.951861 3.048544 1.000000
31262127545 0.034312 0.090189 2.983258 1.000000 0.035741 0.158792 3.008733 1.000000 0.053712 0.512822 2.998407 1.000000 0.058277 0.699636 2.963408 1.000000 -0.135609 0.407721 3.010421 1.000000 -0.355405 0.321503 2.986754 1.000000 -0.565596 0.334413 2.911242 1.000000 -0.632518 0.343437 2.872696 1.000000 0.228020 0.405227 3.036700 1.000000 0.444343 0.285733 3.061362 1.000000 0.661895 0.257013 3.039383 1.000000 0.734375 0.251465 2.992694 1.000000 -0.049556 0.012085 2.971209 1.000000 -0.070286 -0.501470 3.102120 1.000000 -0.135938 -0.850006 3.101221 1.000000 -0.170759 -0.938921 3.040002 1.000000 0.111041 0.005497 2.984736 1.000000 0.113128 -0.502821 3.100413 1.000000 0.125145 -0.874686 3.096932 1.000000 0.140229 -0.951988 3.048451 1.000000
31262161348 0.034397 0.093080 2.983957 1.000000 0.035662 0.160779 3.010211 1.000000 0.053194 0.512554 3.001295 1.000000 0.058286 0.699443 2.963414 1.000000 -0.139865 0.409652 3.012240 1.000000 -0.392822 0.354248 2.978544 1.000000 -0.594628 0.397228 2.890136 1.000000 -0.659338 0.424121 2.856520 1.000000 0.230919 0.406126 3.039146 1.000000 0.460564 0.306887 3.062215 1.000000 0.679465 0.300548 3.032514 1.000000 0.754053 0.298325 3.010779 1.000000 -0.050170 0.012744 2.970923 1.000000 -0.084107 -0.502761 3.104179 1.000000 -0.137710 -0.856581 3.092069 1.000000 -0.171411 -0.939381 3.039622 1.000000 0.111967 0.006792 2.985184 1.000000 0.113124 -0.502763 3.100488 1.000000 0.125134 -0.874703 3.097081 1.000000 0.140565 -0.952302 3.046644 1.000000
31262194373 0.034671 0.096059 2.984582 1.000000 0.035426 0.162997 3.011489 1.000000 0.051850 0.512582 3.002683 1.000000 0.057839 0.698145 2.961823 1.000000 -0.142448 0.410827 3.012714 1.000000 -0.387078 0.367172 2.980634 1.000000 -0.586396 0.432658 2.902513 1.000000 -0.638357 0.478059 2.866756 1.000000 0.233070 0.406808 3.041863 1.000000 0.493486 0.335359 3.062509 1.000000 0.712443 0.329776 3.033231 1.000000 0.728827 0.344998 3.008379 1.000000 -0.050499 0.013506 2.970381 1.000000 -0.089564 -0.499219 3.100334 1.000000 -0.137811 -0.850757 3.099650 1.000000 -0.170068 -0.937184 3.042089 1.000000 0.113674 0.008995 2.986564 1.000000 0.113174 -0.502401 3.100461 1.000000 0.125457 -0.873345 3.100380 1.000000 0.140555 -0.952188 3.046554 1.000000
31262226903 0.035105 0.100080 2.984998 1.000000 0.035334 0.166131 3.013101 1.000000 0.049735 0.513439 3.005933 1.000000 0.055597 0.695393 2.957460 1.000000 -0.143751 0.411416 3.012638 1.000000 -0.431885 0.409912 2.970734 1.000000 -0.596548 0.528956 2.874122 1.000000 -0.651063 0.572988 2.840574 1.000000 0.234700 0.407459 3.042564 1.000000 0.495927 0.355495 3.063768 1.000000 0.705474 0.409989 3.013633 1.000000 0.720703 0.405518 3.000509 1.000000 -0.050751 0.016229 2.969495 1.000000 -0.094413 -0.481736 3.095431 1.000000 -0.136635 -0.853982 3.098601 1.000000 -0.170783 -0.937844 3.042218 1.000000 0.115282 0.011362 2.986759 1.000000 0.113146 -0.501951 3.100855 1.000000 0.126115 -0.872510 3.099206 1.000000 0.141253 -0.952183 3.046838 1.000000
31262261709 0.035440 0.103412 2.986277 1.000000 0.035297 0.168766 3.015489 1.000000 0.049774 0.513496 3.008905 1.000000 0.051751 0.672363 2.950755 1.000000 -0.147797 0.415557 3.012511 1.000000 -0.438190 0.439528 2.975321 1.000000 -0.589832 0.573252 2.876221 1.000000 -0.660273 0.640420 2.836485 1.000000 0.238771 0.410311 3.046352 1.000000 0.503681 0.382000 3.065756 1.000000 0.709725 0.447498 3.013662 1.000000 0.717773 0.459473 3.006369 1.000000 -0.051349 0.018988 2.969126 1.000000 -0.096146 -0.484858 3.095651 1.000000 -0.136596 -0.856982 3.098378 1.000000 -0.171143 -0.938181 3.041877 1.000000 0.116076 0.012116 2.987813 1.000000 0.113825 -0.496138 3.101962 1.000000 0.125239 -0.872017 3.093246 1.000000 0.141010 -0.953138 3.046259 1.000000
31262293645 0.036027 0.107062 2.987567 1.000000 0.035302 0.171972 3.017465 1.000000 0.049224 0.514212 3.009740 1.000000 0.051373 0.681689 2.952037 1.000000 -0.149161 0.417558 3.012024 1.000000 -0.434299 0.458165 2.974903 1.000000 -0.582031 0.636230 2.873558 1.000000 -0.632718 0.685016 2.840611 1.000000 0.241715 0.417558 3.050047 1.000000 0.500744 0.409831 3.064807 1.000000 0.702613 0.489667 3.017826 1.000000 0.722168 0.510254 2.996604 1.000000 -0.050951 0.022118 2.969406 1.000000 -0.084105 -0.501389 3.103825 1.000000 -0.137557 -0.864649 3.098877 1.000000 -0.170674 -0.943401 3.045000 1.000000 0.117252 0.014176 2.989582 1.000000 0.113597 -0.500860 3.103231 1.000000 0.125328 -0.872646 3.094760 1.000000 0.142381 -0.952380 3.048129 1.000000
31262336579 0.036761 0.112589 2.989486 1.000000 0.035498 0.176102 3.020542 1.000000 0.047854 0.514343 3.014003 1.000000 0.051757 0.673060 2.949427 1.000000 -0.151473 0.425657 3.011320 1.000000 -0.403335 0.485220 2.981800 1.000000 -0.539551 0.668457 2.891136 1.000000 -0.583008 0.732910 2.857933 1.000000 0.243069 0.422729 3.050466 1.000000 0.493220 0.445592 3.064533 1.000000 0.684087 0.551179 3.025132 1.000000 0.745929 0.598155 3.025132 1.000000 -0.050524 0.028311 2.970363 1.000000 -0.098130 -0.459510 3.088969 1.000000 -0.136931 -0.867692 3.088173 1.000000 -0.169879 -0.944735 3.046142 1.000000 0.118905 0.017612 2.990808 1.000000 0.100444 -0.484934 3.094641 1.000000 0.125970 -0.871945 3.096517 1.000000 0.141943 -0.951768 3.046942 1.000000
31262369704 0.036445 0.117872 2.990828 1.000000 0.034868 0.180632 3.022850 1.000000 0.047023 0.515298 3.015636 1.000000 0.051132 0.677559 2.947719 1.000000 -0.156341 0.434138 3.010875 1.000000 -0.387452 0.494498 2.983386 1.000000 -0.510742 0.708008 2.902855 1.000000 -0.547918 0.799853 2.867866 1.000000 0.246346 0.433177 3.052721 1.000000 0.508988 0.490987 3.060653 1.000000 0.701172 0.639160 3.012230 1.000000 0.752341 0.685362 2.976461 1.000000 -0.051209 0.031177 2.970883 1.000000 -0.097513 -0.486210 3.092883 1.000000 -0.137354 -0.868179 3.090086 1.000000 -0.169758 -0.945846 3.046258 1.000000 0.119542 0.021468 2.991933 1.000000 0.105743 -0.492310 3.097032 1.000000 0.126009 -0.871398 3.100959 1.000000 0.140970 -0.951468 3.046654 1.000000
31262402498 0.037699 0.137557 2.989585 1.000000 0.035688 0.194390 3.022633 1.000000 0.047176 0.515193 3.015541 1.000000 0.046559 0.666306 2.942234 1.000000 -0.157212 0.437380 3.010213 1.000000 -0.399658 0.562500 2.974642 1.000000 -0.505507 0.743530 2.895939 1.000000 -0.522558 0.844462 2.872223 1.000000 0.246650 0.441237 3.056230 1.000000 0.495007 0.494015 3.063783 1.000000 0.670826 0.659248 3.024196 1.000000 0.728693 0.733627 2.977722 1.000000 -0.051542 0.048792 2.968368 1.000000 -0.100467 -0.398612 3.065183 1.000000 -0.133277 -0.825585 3.079290 1.000000 -0.123016 -0.869143 2.990030 1.000000 0.121880 0.042718 2.991718 1.000000 0.104551 -0.491866 3.099681 1.000000 0.120477 -0.879857 3.077814 1.000000 0.140888 -0.954295 3.042520 1.000000
31262434320 0.037385 0.136877 2.989798 1.000000 0.035423 0.194239 3.023535 1.000000 0.047041 0.515746 3.016121 1.000000 0.044638 0.670657 2.939934 1.000000 -0.157821 0.439273 3.009427 1.000000 -0.396613 0.566507 2.972721 1.000000 -0.454190 0.769428 2.898067 1.000000 -0.468409 0.873100 2.887988 1.000000 0.248120 0.447538 3.056576 1.000000 0.491044 0.508568 3.064171 1.000000 0.631366 0.676199 3.029093 1.000000 0.666992 0.718262 3.000511 1.000000 -0.051704 0.048321 2.968643 1.000000 -0.096741 -0.491699 3.100155 1.000000 -0.135277 -0.872589 3.089493 1.000000 -0.170728 -0.941556 3.043253 1.000000 0.121238 0.041326 2.991692 1.000000 0.105490 -0.492817 3.100089 1.000000 0.122902 -0.874332 3.087206 1.000000 0.139763 -0.949733 3.043731 1.000000
31262476370 0.036705 0.137593 2.989987 1.000000 0.034679 0.195296 3.024776 1.000000 0.046877 0.516129 3.017418 1.000000 0.043311 0.671225 2.942231 1.000000 -0.158622 0.441404 3.008306 1.000000 -0.387219 0.580210 2.968115 1.000000 -0.424450 0.788912 2.897253 1.000000 -0.426214 0.892883 2.881812 1.000000 0.248232 0.450635 3.054626 1.000000 0.483180 0.515064 3.064313 1.000000 0.609628 0.691281 3.016095 1.000000 0.649605 0.752232 2.989181 1.000000 -0.052803 0.049595 2.968951 1.000000 -0.096258 -0.457192 3.083007 1.000000 -0.134902 -0.846815 3.096928 1.000000 -0.170523 -0.941014 3.043226 1.000000 0.120599 0.041742 2.991402 1.000000 0.107694 -0.482666 3.098325 1.000000 0.125202 -0.872591 3.092031 1.000000 0.139625 -0.949799 3.044745 1.000000
31262510896 0.036618 0.137219 2.990322 1.000000 0.034339 0.195078 3.025972 1.000000 0.046534 0.517221 3.019157 1.000000 0.043621 0.671861 2.942086 1.000000 -0.157495 0.443885 3.006285 1.000000 -0.377851 0.611837 2.957280 1.000000 -0.410856 0.821340 2.886745 1.000000 -0.396871 0.925077 2.877081 1.000000 0.248111 0.452220 3.054386 1.000000 0.472481 0.532331 3.070805 1.000000 0.584689 0.719083 3.011027 1.000000 0.607261 0.789925 2.988469 1.000000 -0.052687 0.049617 2.969068 1.000000 -0.063965 -0.499268 3.102108 1.000000 -0.135161 -0.849085 3.097092 1.000000 -0.170139 -0.939890 3.040971 1.000000 0.120289 0.041114 2.991754 1.000000 0.108795 -0.484825 3.099184 1.000000 0.125259 -0.872954 3.091592 1.000000 0.139659 -0.950480 3.044270 1.000000
31262551720 0.036177 0.136737 2.990875 1.000000 0.033922 0.195151 3.027026 1.000000 0.045994 0.519544 3.018933 1.000000 0.045802 0.680691 2.940366 1.000000 -0.156721 0.448254 3.005739 1.000000 -0.372683 0.648255 2.957098 1.000000 -0.339484 0.863136 2.912192 1.000000 -0.315389 0.964844 2.901032 1.000000 0.248864 0.453879 3.053789 1.000000 0.480934 0.578144 3.064682 1.000000 0.567879 0.771330 2.993166 1.000000 0.592058 0.867685 2.958804 1.000000 -0.052958 0.048330 2.970344 1.000000 -0.087534 -0.505598 3.104848 1.000000 -0.138849 -0.891448 3.097646 1.000000 -0.172288 -0.944661 3.040364 1.000000 0.119669 0.041027 2.992339 1.000000 0.108864 -0.495035 3.100513 1.000000 0.125430 -0.874103 3.092682 1.000000 0.140159 -0.950707 3.044343 1.000000
31262585013 0.036225 0.136636 2.991564 1.000000 0.033962 0.195136 3.028299 1.000000 0.046997 0.518726 3.019453 1.000000 0.047541 0.674941 2.943891 1.000000 -0.155794 0.449916 3.005092 1.000000 -0.356315 0.638227 2.961998 1.000000 -0.305115 0.847669 2.906234 1.000000 -0.261597 0.943336 2.909258 1.000000 0.249700 0.457441 3.053654 1.000000 0.487154 0.635924 3.040711 1.000000 0.541214 0.835924 2.954189 1.000000 0.556063 0.907827 2.928712 1.000000 -0.052662 0.047376 2.971859 1.000000 -0.092550 -0.506780 3.104598 1.000000 -0.138512 -0.890490 3.096672 1.000000 -0.171396 -0.947844 3.040542 1.000000 0.119305 0.041808 2.992959 1.000000 0.104964 -0.493644 3.099847 1.000000 0.125891 -0.873413 3.095174 1.000000 0.140248 -0.950659 3.044765 1.000000
31262618404 0.036164 0.137031 2.992009 1.000000 0.033822 0.195712 3.029434 1.000000 0.047330 0.518929 3.019969 1.000000 0.047562 0.674702 2.943535 1.000000 -0.153454 0.453977 3.003671 1.000000 -0.343513 0.642104 2.957293 1.000000 -0.253418 0.858887 2.914576 1.000000 -0.196748 0.947215 2.907365 1.000000 0.250123 0.460095 3.052629 1.000000 0.485312 0.641797 3.037051 1.000000 0.490385 0.849729 2.952776 1.000000 0.485949 0.945294 2.909038 1.000000 -0.052365 0.049210 2.972350 1.000000 -0.097349 -0.463869 3.091087 1.000000 -0.137592 -0.869789 3.094811 1.000000 -0.171783 -0.946823 3.039177 1.000000 0.118888 0.042008 2.993452 1.000000 0.108535 -0.484547 3.097357 1.000000 0.125169 -0.873244 3.093347 1.000000 0.141065 -0.952344 3.045595 1.000000
31262651765 0.035580 0.140613 2.993390 1.000000 0.033411 0.199293 3.031956 1.000000 0.047752 0.520848 3.023231 1.000000 0.046929 0.676789 2.944960 1.000000 -0.152089 0.457123 3.002837 1.000000 -0.330638 0.656329 2.955940 1.000000 -0.243127 0.857667 2.931536 1.000000 -0.186459 0.945994 2.924326 1.000000 0.251386 0.470031 3.051162 1.000000 0.461687 0.642296 3.034367 1.000000 0.484766 0.851088 2.956410 1.000000 0.460509 0.949432 2.928040 1.000000 -0.053655 0.053173 2.972962 1.000000 -0.098350 -0.480435 3.095247 1.000000 -0.137587 -0.867330 3.095458 1.000000 -0.171966 -0.946065 3.040064 1.000000 0.118582 0.046181 2.994316 1.000000 0.109926 -0.486184 3.097528 1.000000 0.125166 -0.873283 3.093465 1.000000 0.141396 -0.952326 3.045904 1.000000
31262685066 0.034973 0.142439 2.993389 1.000000 0.032977 0.200799 3.032475 1.000000 0.047775 0.520924 3.023014 1.000000 0.045745 0.672937 2.950295 1.000000 -0.149424 0.459866 3.002738 1.000000 -0.324220 0.661975 2.954782 1.000000 -0.231600 0.860818 2.927152 1.000000 -0.180852 0.919095 2.918611 1.000000 0.250421 0.473169 3.049623 1.000000 0.454269 0.643813 3.030696 1.000000 0.439254 0.856339 2.963341 1.000000 0.407976 0.950984 2.929756 1.000000 -0.054289 0.055757 2.973680 1.000000 -0.098101 -0.481234 3.095372 1.000000 -0.135892 -0.851496 3.100116 1.000000 -0.169545 -0.944751 3.042258 1.000000 0.117200 0.050373 2.993617 1.000000 0.109909 -0.486237 3.097474 1.000000 0.126161 -0.872350 3.097585 1.000000 0.141379 -0.952286 3.045727 1.000000
31262717724 0.034252 0.147206 2.993608 1.000000 0.032871 0.204046 3.033211 1.000000 0.052708 0.519700 3.023313 1.000000 0.047325 0.668984 2.950705 1.000000 -0.147182 0.460069 3.000759 1.000000 -0.309749 0.659658 2.952831 1.000000 -0.219534 0.859565 2.924638 1.000000 -0.175393 0.923150 2.917436 1.000000 0.250158 0.474645 3.049571 1.000000 0.448850 0.645233 3.028881 1.000000 0.417651 0.856695 2.964342 1.000000 0.372244 0.942223 2.923290 1.000000 -0.057603 0.063214 2.973428 1.000000 -0.101736 -0.386980 3.059767 1.000000 -0.130029 -0.812181 3.094157 1.000000 -0.159697 -0.914773 3.052068 1.000000 0.115767 0.055786 2.993810 1.000000 0.114071 -0.398072 3.073022 1.000000 0.121135 -0.826501 3.087493 1.000000 0.131930 -0.869875 2.998242 1.000000
31262768446 0.033561 0.149519 2.993808 1.000000 0.032476 0.206439 3.033920 1.000000 0.053241 0.520593 3.023402 1.000000 0.048344 0.672176 2.951477 1.000000 -0.145531 0.461424 3.000298 1.000000 -0.302902 0.659850 2.949939 1.000000 -0.185610 0.843704 2.909099 1.000000 -0.121760 0.886202 2.896458 1.000000 0.249692 0.480158 3.048175 1.000000 0.440910 0.647119 3.029056 1.000000 0.389336 0.854898 2.965942 1.000000 0.327766 0.931337 2.928164 1.000000 -0.057770 0.065670 2.974373 1.000000 -0.098938 -0.478760 3.090370 1.000000 -0.133158 -0.855293 3.098541 1.000000 -0.166913 -0.939115 3.042389 1.000000 0.113775 0.059017 2.993128 1.000000 0.112305 -0.492676 3.096230 1.000000 0.122308 -0.871746 3.092967 1.000000 0.140988 -0.951895 3.048017 1.000000
31262818438 0.034029 0.149796 2.993967 1.000000 0.032882 0.206710 3.034436 1.000000 0.053768 0.520427 3.023250 1.000000 0.047900 0.671197 2.952320 1.000000 -0.143486 0.461524 2.999943 1.000000 -0.291971 0.659765 2.950524 1.000000 -0.162234 0.835495 2.912660 1.000000 -0.073687 0.889707 2.929456 1.000000 0.249085 0.480908 3.047777 1.000000 0.421124 0.673798 3.016081 1.000000 0.310394 0.859969 2.965459 1.000000 0.269268 0.925170 2.955428 1.000000 -0.055594 0.066195 2.975625 1.000000 -0.099184 -0.467084 3.085451 1.000000 -0.132499 -0.858928 3.098304 1.000000 -0.166851 -0.942743 3.048509 1.000000 0.113886 0.059800 2.993003 1.000000 0.112751 -0.485444 3.094723 1.000000 0.122883 -0.872711 3.094727 1.000000 0.141050 -0.951886 3.047971 1.000000
31262851882 0.039222 0.160116 2.995358 1.000000 0.036887 0.214248 3.036240 1.000000 0.054209 0.520297 3.024197 1.000000 0.046367 0.667728 2.951027 1.000000 -0.141603 0.462515 2.999647 1.000000 -0.281180 0.651581 2.950866 1.000000 -0.160015 0.833603 2.915247 1.000000 -0.072077 0.889580 2.929249 1.000000 0.248180 0.483967 3.046653 1.000000 0.419335 0.674965 3.015137 1.000000 0.299576 0.852959 2.954071 1.000000 0.286119 0.858872 2.948546 1.000000 -0.049829 0.075838 2.975889 1.000000 -0.080444 -0.418213 3.074731 1.000000 -0.130550 -0.843412 3.093893 1.000000 -0.165044 -0.935951 3.042838 1.000000 0.121426 0.074088 2.994075 1.000000 0.114195 -0.457670 3.092918 1.000000 0.122700 -0.874100 3.092111 1.000000 0.141145 -0.952127 3.048906 1.000000
31262885214 0.039340 0.161457 2.995732 1.000000 0.037101 0.215917 3.037377 1.000000 0.054192 0.522126 3.026503 1.000000 0.047857 0.672569 2.950297 1.000000 -0.140842 0.462849 2.999501 1.000000 -0.279911 0.655919 2.949140 1.000000 -0.149678 0.831627 2.914128 1.000000 -0.093799 0.885488 2.910147 1.000000 0.249351 0.487119 3.046331 1.000000 0.417357 0.675794 3.013948 1.000000 0.284286 0.842842 2.948822 1.000000 0.262705 0.833218 2.946262 1.000000 -0.049127 0.077012 2.976053 1.000000 -0.097961 -0.472412 3.092304 1.000000 -0.132995 -0.860893 3.095917 1.000000 -0.166725 -0.936813 3.040467 1.000000 0.121113 0.074589 2.994106 1.000000 0.115941 -0.486592 3.099985 1.000000 0.123314 -0.874090 3.092552 1.000000 0.141016 -0.951687 3.048453 1.000000
31262918521 0.038084 0.164920 2.996281 1.000000 0.036029 0.219359 3.038157 1.000000 0.053622 0.523151 3.026406 1.000000 0.052702 0.673990 2.946220 1.000000 -0.143054 0.484658 3.002768 1.000000 -0.272124 0.665403 2.946241 1.000000 -0.136932 0.836068 2.903085 1.000000 -0.087864 0.896300 2.902701 1.000000 0.249256 0.487206 3.046383 1.000000 0.413738 0.676774 3.012183 1.000000 0.270092 0.831154 2.937076 1.000000 0.255516 0.827027 2.940529 1.000000 -0.049645 0.080198 2.976714 1.000000 -0.098113 -0.472178 3.092144 1.000000 -0.134428 -0.856322 3.093965 1.000000 -0.169098 -0.946361 3.049947 1.000000 0.119131 0.076560 2.994642 1.000000 0.115563 -0.486928 3.099545 1.000000 0.123612 -0.874078 3.094204 1.000000 0.140914 -0.951282 3.048486 1.000000
31262951911 0.037798 0.166392 2.996464 1.000000 0.035830 0.220692 3.038740 1.000000 0.053423 0.523477 3.026745 1.000000 0.052541 0.672664 2.944190 1.000000 -0.141402 0.487634 3.003718 1.000000 -0.264681 0.668989 2.942521 1.000000 -0.107893 0.822107 2.913061 1.000000 -0.119135 0.898020 2.901083 1.000000 0.248564 0.487574 3.045992 1.000000 0.412727 0.677427 3.011448 1.000000 0.250187 0.804328 2.922305 1.000000 0.211060 0.835938 2.916508 1.000000 -0.049538 0.082733 2.976205 1.000000 -0.063622 -0.498088 3.101460 1.000000 -0.134786 -0.857447 3.096828 1.000000 -0.169169 -0.945933 3.049327 1.000000 0.118312 0.077869 2.995256 1.000000 0.116026 -0.478924 3.097383 1.000000 0.124184 -0.873982 3.092734 1.000000 0.142019 -0.954639 3.046954 1.000000
31262984550 0.037640 0.166958 2.996399 1.000000 0.035847 0.221445 3.039217 1.000000 0.054616 0.526405 3.028049 1.000000 0.052409 0.749987 3.008881 1.000000 -0.139939 0.488090 3.003834 1.000000 -0.262003 0.670410 2.940660 1.000000 -0.107549 0.825498 2.908111 1.000000 -0.098914 0.899323 2.885660 1.000000 0.248034 0.487946 3.045000 1.000000 0.407036 0.682386 3.007532 1.000000 0.241784 0.805347 2.917824 1.000000 0.210356 0.832740 2.915483 1.000000 -0.049466 0.084073 2.976400 1.000000 -0.086791 -0.484783 3.097592 1.000000 -0.135967 -0.858274 3.096968 1.000000 -0.170725 -0.945359 3.047473 1.000000 0.117089 0.078871 2.994571 1.000000 0.115175 -0.487314 3.103003 1.000000 0.124447 -0.873986 3.093272 1.000000 0.141972 -0.954426 3.047087 1.000000
31263006747 0.038457 0.169686 2.994158 1.000000 0.039242 0.230977 3.031543 1.000000 0.077881 0.554688 2.992679 1.000000 0.059966 0.781786 2.992729 1.000000 -0.138577 0.494256 3.006191 1.000000 -0.260569 0.672347 2.939387 1.000000 -0.104635 0.825801 2.905960 1.000000 -0.060186 0.886870 2.888079 1.000000 0.245923 0.489123 3.042543 1.000000 0.404105 0.685646 3.002694 1.000000 0.232250 0.800875 2.915611 1.000000 0.206788 0.827628 2.914457 1.000000 -0.049421 0.086868 2.976754 1.000000 -0.075531 -0.492614 3.101001 1.000000 -0.137573 -0.862746 3.093917 1.000000 -0.169053 -0.946262 3.045506 1.000000 0.116358 0.081351 2.993564 1.000000 0.114776 -0.487426 3.102913 1.000000 0.124862 -0.873674 3.093533 1.000000 0.141944 -0.953950 3.047501 1.000000
31263051962 0.038437 0.169939 2.993839 1.000000 0.039266 0.230877 3.028873 1.000000 0.065750 0.551168 2.996699 1.000000 0.057713 0.777280 2.988295 1.000000 -0.138583 0.494251 3.006190 1.000000 -0.258689 0.673384 2.938486 1.000000 -0.103220 0.827342 2.905556 1.000000 -0.039816 0.871963 2.902319 1.000000 0.244401 0.489643 3.041989 1.000000 0.401681 0.686719 2.999730 1.000000 0.226832 0.798335 2.914208 1.000000 0.204003 0.825018 2.913383 1.000000 -0.049237 0.087118 2.976734 1.000000 -0.085945 -0.489177 3.098724 1.000000 -0.140429 -0.871280 3.093014 1.000000 -0.169389 -0.946389 3.042456 1.000000 0.116351 0.081593 2.993613 1.000000 0.112030 -0.488154 3.102705 1.000000 0.126334 -0.873526 3.095886 1.000000 0.141433 -0.952944 3.047405 1.000000
31263085378 0.038187 0.170098 2.993694 1.000000 0.038855 0.230995 3.026863 1.000000 0.059186 0.550295 2.998840 1.000000 0.056991 0.775893 2.987177 1.000000 -0.138551 0.494198 3.006293 1.000000 -0.258877 0.673184 2.938717 1.000000 -0.103317 0.826959 2.905354 1.000000 -0.035120 0.862854 2.914327 1.000000 0.241759 0.492481 3.041303 1.000000 0.400050 0.687019 2.997486 1.000000 0.223236 0.795683 2.912320 1.000000 0.201297 0.823043 2.911546 1.000000 -0.049058 0.087266 2.976911 1.000000 -0.089878 -0.493245 3.100543 1.000000 -0.140975 -0.871916 3.092240 1.000000 -0.169620 -0.946587 3.039926 1.000000 0.115758 0.082235 2.993737 1.000000 0.108591 -0.491054 3.103094 1.000000 0.126419 -0.873527 3.095973 1.000000 0.141448 -0.952979 3.047276 1.000000
31263118677 0.038233 0.171422 2.992769 1.000000 0.038910 0.232390 3.024151 1.000000 0.057697 0.550295 2.998062 1.000000 0.055993 0.776030 2.986746 1.000000 -0.139317 0.490861 3.006300 1.000000 -0.257221 0.674309 2.937719 1.000000 -0.102663 0.829125 2.904865 1.000000 -0.033922 0.865058 2.905878 1.000000 0.239623 0.494654 3.039231 1.000000 0.398919 0.687018 2.996116 1.000000 0.220478 0.794911 2.913934 1.000000 0.197803 0.823225 2.911821 1.000000 -0.049044 0.088153 2.976909 1.000000 -0.091747 -0.492303 3.101265 1.000000 -0.135195 -0.855252 3.100492 1.000000 -0.169805 -0.944797 3.042013 1.000000 0.116669 0.084174 2.993256 1.000000 0.109299 -0.491014 3.103197 1.000000 0.127450 -0.872791 3.096578 1.000000 0.141263 -0.953075 3.047572 1.000000
31263154545 0.038280 0.171872 2.992608 1.000000 0.039127 0.232769 3.022636 1.000000 0.057805 0.549996 2.998272 1.000000 0.055662 0.775612 2.986197 1.000000 -0.139832 0.486314 3.005110 1.000000 -0.257288 0.674428 2.938017 1.000000 -0.102462 0.828612 2.902757 1.000000 -0.033849 0.864729 2.901042 1.000000 0.245681 0.504523 3.038439 1.000000 0.398797 0.687109 2.995991 1.000000 0.219322 0.792856 2.913254 1.000000 0.197674 0.821306 2.911589 1.000000 -0.049051 0.088218 2.977191 1.000000 -0.093382 -0.489590 3.100464 1.000000 -0.135474 -0.858862 3.100252 1.000000 -0.169520 -0.943996 3.041607 1.000000 0.116680 0.084241 2.993125 1.000000 0.109784 -0.491254 3.103503 1.000000 0.127496 -0.873143 3.096867 1.000000 0.140465 -0.953313 3.050125 1.000000
31263201990 0.037395 0.171730 2.992524 1.000000 0.038062 0.231183 3.022844 1.000000 0.051534 0.539403 3.009749 1.000000 0.052160 0.763090 2.989485 1.000000 -0.138514 0.487463 3.005338 1.000000 -0.258344 0.672062 2.939852 1.000000 -0.105305 0.827393 2.900744 1.000000 -0.036894 0.863798 2.897870 1.000000 0.242362 0.501381 3.036305 1.000000 0.398548 0.686783 2.995579 1.000000 0.218259 0.791230 2.913061 1.000000 0.153758 0.832693 2.901476 1.000000 -0.049234 0.088707 2.977325 1.000000 -0.095371 -0.470826 3.092738 1.000000 -0.135005 -0.860658 3.098846 1.000000 -0.170075 -0.943095 3.041223 1.000000 0.114594 0.084169 2.991906 1.000000 0.110538 -0.490245 3.102071 1.000000 0.127582 -0.872520 3.097898 1.000000 0.140902 -0.953233 3.050662 1.000000
31263234699 0.036836 0.171777 2.992287 1.000000 0.037483 0.231079 3.022816 1.000000 0.051044 0.539362 3.010273 1.000000 0.052158 0.762896 2.989168 1.000000 -0.138401 0.487807 3.005251 1.000000 -0.258429 0.671933 2.939943 1.000000 -0.105398 0.827222 2.900744 1.000000 -0.037198 0.864027 2.898154 1.000000 0.240466 0.499214 3.035161 1.000000 0.397280 0.685142 2.993887 1.000000 0.216375 0.789858 2.913490 1.000000 0.154856 0.836329 2.905225 1.000000 -0.049417 0.088860 2.977222 1.000000 -0.074695 -0.487220 3.098126 1.000000 -0.137399 -0.861119 3.095774 1.000000 -0.172048 -0.942877 3.036964 1.000000 0.113910 0.084488 2.991383 1.000000 0.111023 -0.477141 3.096862 1.000000 0.127125 -0.872882 3.097004 1.000000 0.142382 -0.955497 3.051143 1.000000
31263256842 0.036632 0.172422 2.992018 1.000000 0.037159 0.231851 3.022530 1.000000 0.050389 0.541573 3.009396 1.000000 0.052827 0.764846 2.987117 1.000000 -0.138242 0.488515 3.005143 1.000000 -0.258457 0.672233 2.939902 1.000000 -0.104419 0.826470 2.900615 1.000000 -0.036599 0.863971 2.898320 1.000000 0.240333 0.503122 3.035290 1.000000 0.396890 0.684559 2.993408 1.000000 0.212571 0.786268 2.917936 1.000000 0.155877 0.838954 2.922518 1.000000 -0.049156 0.089456 2.977258 1.000000 -0.069225 -0.494058 3.099774 1.000000 -0.137931 -0.862201 3.096404 1.000000 -0.172032 -0.942645 3.037345 1.000000 0.113588 0.085272 2.991081 1.000000 0.110469 -0.479092 3.096722 1.000000 0.127356 -0.872899 3.097465 1.000000 0.142561 -0.955656 3.052273 1.000000
31263302044 0.036758 0.172416 2.991986 1.000000 0.037048 0.231513 3.022663 1.000000 0.048237 0.537172 3.010907 1.000000 0.045065 0.762254 2.995323 1.000000 -0.138217 0.480095 3.003192 1.000000 -0.258848 0.671170 2.940820 1.000000 -0.105507 0.825774 2.899823 1.000000 -0.037908 0.863664 2.897680 1.000000 0.239007 0.500645 3.035361 1.000000 0.396794 0.684849 2.992356 1.000000 0.214673 0.779408 2.901203 1.000000 0.157984 0.832089 2.905784 1.000000 -0.049080 0.089474 2.977177 1.000000 -0.069284 -0.492679 3.099489 1.000000 -0.137124 -0.853736 3.097724 1.000000 -0.172006 -0.942616 3.037407 1.000000 0.115615 0.085570 2.990975 1.000000 0.110752 -0.479546 3.096861 1.000000 0.127429 -0.872608 3.097474 1.000000 0.141758 -0.954793 3.051329 1.000000
31263334707 0.036336 0.172316 2.991770 1.000000 0.036812 0.231869 3.021990 1.000000 0.050954 0.538820 3.005996 1.000000 0.048020 0.764583 2.992930 1.000000 -0.136756 0.483979 3.004699 1.000000 -0.259504 0.670934 2.941427 1.000000 -0.105515 0.824670 2.899401 1.000000 -0.037660 0.862133 2.900361 1.000000 0.238815 0.499854 3.035648 1.000000 0.396846 0.684934 2.991617 1.000000 0.213654 0.779988 2.903704 1.000000 0.156971 0.832664 2.908284 1.000000 -0.049283 0.089627 2.977330 1.000000 -0.069160 -0.492639 3.099411 1.000000 -0.136991 -0.856755 3.098685 1.000000 -0.172023 -0.941472 3.037358 1.000000 0.113737 0.085356 2.991069 1.000000 0.111179 -0.479163 3.096268 1.000000 0.126057 -0.873398 3.095219 1.000000 0.141835 -0.954571 3.050472 1.000000
31263357015 0.036280 0.172304 2.991673 1.000000 0.036667 0.231942 3.021438 1.000000 0.049334 0.539860 3.005268 1.000000 0.050856 0.765675 2.992056 1.000000 -0.137225 0.481432 3.004172 1.000000 -0.259371 0.671111 2.941062 1.000000 -0.104906 0.824560 2.900244 1.000000 -0.036952 0.861649 2.904024 1.000000 0.238805 0.502482 3.035188 1.000000 0.393638 0.685509 2.989608 1.000000 0.210491 0.782654 2.904390 1.000000 0.153813 0.835325 2.908969 1.000000 -0.048913 0.089369 2.977199 1.000000 -0.083551 -0.489334 3.100831 1.000000 -0.136514 -0.861339 3.096476 1.000000 -0.172335 -0.941464 3.038044 1.000000 0.113681 0.085376 2.991087 1.000000 0.111382 -0.479681 3.096041 1.000000 0.126381 -0.873136 3.095079 1.000000 0.141256 -0.954671 3.048590 1.000000
31263402103 0.036075 0.172723 2.991001 1.000000 0.036509 0.232868 3.019767 1.000000 0.050339 0.542901 3.001206 1.000000 0.056600 0.768128 2.985577 1.000000 -0.137436 0.481157 3.004017 1.000000 -0.259312 0.671386 2.941489 1.000000 -0.098643 0.818534 2.901999 1.000000 -0.034009 0.861277 2.903354 1.000000 0.239957 0.503114 3.034936 1.000000 0.393298 0.685258 2.989262 1.000000 0.209981 0.783163 2.905595 1.000000 0.153309 0.835828 2.910174 1.000000 -0.049003 0.089391 2.977090 1.000000 -0.086752 -0.487155 3.098878 1.000000 -0.136446 -0.861486 3.096710 1.000000 -0.173450 -0.942968 3.040834 1.000000 0.113533 0.085508 2.990905 1.000000 0.111519 -0.483347 3.097154 1.000000 0.126797 -0.873236 3.098145 1.000000 0.141253 -0.954126 3.049091 1.000000
31263434820 0.035901 0.171795 2.990211 1.000000 0.036816 0.233640 3.016869 1.000000 0.057198 0.556472 2.989186 1.000000 0.059323 0.783227 2.979692 1.000000 -0.137700 0.479317 3.003704 1.000000 -0.259234 0.671437 2.941585 1.000000 -0.098101 0.817997 2.901827 1.000000 -0.033087 0.859993 2.905676 1.000000 0.238086 0.498115 3.032490 1.000000 0.393570 0.685344 2.988718 1.000000 0.209760 0.782927 2.905956 1.000000 0.153093 0.835587 2.910535 1.000000 -0.049146 0.088693 2.977102 1.000000 -0.078998 -0.505259 3.105964 1.000000 -0.139985 -0.886002 3.088933 1.000000 -0.174670 -0.951430 3.041710 1.000000 0.112984 0.085039 2.990904 1.000000 0.105564 -0.492284 3.101366 1.000000 0.126864 -0.873274 3.097330 1.000000 0.141381 -0.954068 3.049188 1.000000
31263457186 0.035788 0.171613 2.990212 1.000000 0.036713 0.231954 3.016988 1.000000 0.054497 0.541131 3.004339 1.000000 0.060748 0.764834 2.982357 1.000000 -0.137643 0.476875 3.002968 1.000000 -0.259004 0.671466 2.941570 1.000000 -0.097257 0.817630 2.903571 1.000000 -0.032531 0.860110 2.906737 1.000000 0.239265 0.495774 3.031852 1.000000 0.393159 0.684875 2.988666 1.000000 0.209217 0.782875 2.906903 1.000000 0.152556 0.835530 2.911481 1.000000 -0.049361 0.088368 2.976913 1.000000 -0.086316 -0.495546 3.104977 1.000000 -0.138459 -0.876207 3.091093 1.000000 -0.173683 -0.948169 3.042033 1.000000 0.112800 0.084736 2.990724 1.000000 0.106858 -0.491195 3.100326 1.000000 0.126781 -0.873135 3.097034 1.000000 0.141617 -0.954453 3.049341 1.000000
31263502184 0.035710 0.171569 2.989554 1.000000 0.036801 0.232891 3.014786 1.000000 0.056245 0.546563 2.993847 1.000000 0.062149 0.771452 2.976154 1.000000 -0.137696 0.476961 3.002940 1.000000 -0.259141 0.671861 2.941551 1.000000 -0.097223 0.817727 2.903078 1.000000 -0.033787 0.862103 2.906158 1.000000 0.239045 0.493841 3.031430 1.000000 0.392810 0.684699 2.987802 1.000000 0.208225 0.782836 2.908054 1.000000 0.151570 0.835486 2.912632 1.000000 -0.049456 0.088456 2.976695 1.000000 -0.090753 -0.490239 3.100618 1.000000 -0.135210 -0.866385 3.102240 1.000000 -0.172146 -0.944622 3.042837 1.000000 0.112669 0.084610 2.990677 1.000000 0.107747 -0.489869 3.099921 1.000000 0.127069 -0.859235 3.100490 1.000000 0.141364 -0.952388 3.049231 1.000000
31263534834 0.035160 0.172579 2.989244 1.000000 0.036500 0.233587 3.013942 1.000000 0.055802 0.547075 2.995437 1.000000 0.061014 0.772239 2.978557 1.000000 -0.138870 0.481611 3.003378 1.000000 -0.259009 0.672399 2.941053 1.000000 -0.096814 0.817969 2.902856 1.000000 -0.033269 0.862103 2.906819 1.000000 0.238875 0.502913 3.031543 1.000000 0.392219 0.685947 2.987203 1.000000 0.206243 0.782708 2.909417 1.000000 0.149594 0.835352 2.913995 1.000000 -0.049947 0.089342 2.976488 1.000000 -0.092231 -0.488513 3.100915 1.000000 -0.134809 -0.860673 3.101335 1.000000 -0.170485 -0.943414 3.041036 1.000000 0.111690 0.085651 2.990011 1.000000 0.107986 -0.489835 3.099573 1.000000 0.126553 -0.861334 3.099884 1.000000 0.141200 -0.952302 3.049061 1.000000
31263557190 0.035170 0.172484 2.989386 1.000000 0.036531 0.232216 3.015124 1.000000 0.057789 0.539315 3.007641 1.000000 0.059945 0.762413 2.982615 1.000000 -0.138847 0.480933 3.003490 1.000000 -0.259011 0.672227 2.940418 1.000000 -0.097007 0.818034 2.902559 1.000000 -0.033367 0.861896 2.907690 1.000000 0.239739 0.499745 3.033169 1.000000 0.393106 0.686227 2.987346 1.000000 0.203732 0.776291 2.909823 1.000000 0.147089 0.828930 2.914400 1.000000 -0.050054 0.089219 2.976274 1.000000 -0.092949 -0.488307 3.100236 1.000000 -0.134661 -0.866198 3.097882 1.000000 -0.168386 -0.946280 3.047947 1.000000 0.111629 0.085499 2.990073 1.000000 0.105977 -0.491863 3.099218 1.000000 0.125774 -0.866291 3.096358 1.000000 0.140889 -0.952064 3.049215 1.000000
31263602153 0.035132 0.172728 2.989141 1.000000 0.036472 0.232761 3.014918 1.000000 0.056950 0.541633 3.003636 1.000000 0.060081 0.765440 2.980960 1.000000 -0.138892 0.480398 3.003373 1.000000 -0.259406 0.671250 2.940272 1.000000 -0.097709 0.817425 2.902790 1.000000 -0.034865 0.862533 2.906651 1.000000 0.239646 0.503103 3.033291 1.000000 0.392737 0.686730 2.986675 1.000000 0.201808 0.777283 2.914760 1.000000 0.145171 0.829916 2.919337 1.000000 -0.050066 0.089299 2.976200 1.000000 -0.094445 -0.485415 3.097985 1.000000 -0.134713 -0.854666 3.101603 1.000000 -0.169304 -0.944924 3.048466 1.000000 0.111534 0.085721 2.989945 1.000000 0.107244 -0.488905 3.098933 1.000000 0.125883 -0.866933 3.095743 1.000000 0.141479 -0.952331 3.048647 1.000000
31263634872 0.034963 0.173214 2.988698 1.000000 0.036455 0.233285 3.014573 1.000000 0.056710 0.543068 3.002673 1.000000 0.060271 0.767132 2.980736 1.000000 -0.138573 0.484553 3.004822 1.000000 -0.259220 0.672098 2.939138 1.000000 -0.095938 0.816451 2.901583 1.000000 -0.034328 0.863022 2.907324 1.000000 0.239311 0.505595 3.032929 1.000000 0.392659 0.686814 2.986656 1.000000 0.196845 0.768178 2.917536 1.000000 0.140213 0.820805 2.922112 1.000000 -0.050084 0.089936 2.975749 1.000000 -0.094671 -0.485365 3.097637 1.000000 -0.135454 -0.855842 3.100900 1.000000 -0.169483 -0.944691 3.048491 1.000000 0.110982 0.086312 2.989413 1.000000 0.107811 -0.489470 3.098561 1.000000 0.125917 -0.867401 3.095932 1.000000 0.141446 -0.952234 3.048653 1.000000
31263657041 0.034954 0.173196 2.988488 1.000000 0.036464 0.233298 3.014498 1.000000 0.057782 0.543847 3.002625 1.000000 0.060137 0.767923 2.980454 1.000000 -0.139113 0.483476 3.004432 1.000000 -0.259896 0.670810 2.939185 1.000000 -0.096986 0.815453 2.901084 1.000000 -0.035550 0.862093 2.907905 1.000000 0.238906 0.504660 3.033321 1.000000 0.391393 0.685899 2.986591 1.000000 0.197698 0.770625 2.915226 1.000000 0.140253 0.815161 2.888526 1.000000 -0.050427 0.089716 2.975216 1.000000 -0.095817 -0.491036 3.098459 1.000000 -0.136911 -0.862990 3.103451 1.000000 -0.170539 -0.945254 3.046422 1.000000 0.110894 0.086389 2.989171 1.000000 0.108093 -0.488891 3.098505 1.000000 0.127722 -0.864395 3.098099 1.000000 0.140988 -0.950455 3.049463 1.000000
31263702269 0.034864 0.173400 2.988492 1.000000 0.036362 0.233410 3.014647 1.000000 0.057296 0.543913 3.003040 1.000000 0.059929 0.768066 2.980936 1.000000 -0.138991 0.485033 3.004764 1.000000 -0.259586 0.671031 2.939205 1.000000 -0.096408 0.815299 2.900916 1.000000 -0.035319 0.862406 2.907535 1.000000 0.238817 0.506166 3.033721 1.000000 0.391270 0.686150 2.986407 1.000000 0.198429 0.770640 2.912038 1.000000 0.143510 0.812728 2.877292 1.000000 -0.050410 0.089985 2.975028 1.000000 -0.095863 -0.490902 3.098438 1.000000 -0.137222 -0.866473 3.100508 1.000000 -0.169960 -0.948291 3.052251 1.000000 0.110677 0.086628 2.989231 1.000000 0.108333 -0.489412 3.098672 1.000000 0.127942 -0.864537 3.096701 1.000000 0.141231 -0.951321 3.049923 1.000000
31263734938 0.034714 0.173095 2.988474 1.000000 0.036133 0.233199 3.014845 1.000000 0.055460 0.545317 3.003755 1.000000 0.059836 0.769239 2.980708 1.000000 -0.139054 0.482879 3.003824 1.000000 -0.258809 0.671394 2.938318 1.000000 -0.095437 0.815342 2.899657 1.000000 -0.034406 0.862781 2.903923 1.000000 0.237594 0.504347 3.033289 1.000000 0.391145 0.686493 2.986219 1.000000 0.198132 0.770489 2.911794 1.000000 0.143502 0.811967 2.875897 1.000000 -0.050370 0.089829 2.975001 1.000000 -0.096181 -0.490777 3.098231 1.000000 -0.137290 -0.866785 3.099537 1.000000 -0.169657 -0.948621 3.053682 1.000000 0.110557 0.086480 2.989168 1.000000 0.109070 -0.489950 3.099148 1.000000 0.126705 -0.866997 3.096458 1.000000 0.141380 -0.951380 3.051423 1.000000
31263757213 0.034693 0.173218 2.988374 1.000000 0.036046 0.233357 3.014812 1.000000 0.055051 0.545515 3.003081 1.000000 0.060685 0.769386 2.979737 1.000000 -0.139209 0.481698 3.003273 1.000000 -0.258584 0.671671 2.937775 1.000000 -0.095171 0.815533 2.899101 1.000000 -0.034519 0.863559 2.901774 1.000000 0.238526 0.504219 3.033335 1.000000 0.391163 0.686616 2.985903 1.000000 0.198083 0.765953 2.905823 1.000000 0.142543 0.803493 2.867116 1.000000 -0.050391 0.089812 2.974860 1.000000 -0.096519 -0.489872 3.097229 1.000000 -0.139899 -0.868898 3.094935 1.000000 -0.168761 -0.949167 3.054909 1.000000 0.110566 0.086492 2.989170 1.000000 0.109209 -0.490318 3.098847 1.000000 0.126043 -0.868453 3.097440 1.000000 0.141404 -0.951467 3.051648 1.000000
31263802292 0.035537 0.174027 2.987851 1.000000 0.036767 0.234337 3.014032 1.000000 0.055212 0.546891 3.000574 1.000000 0.060719 0.770407 2.975772 1.000000 -0.139412 0.480859 3.003150 1.000000 -0.259324 0.670956 2.938321 1.000000 -0.095822 0.814576 2.899060 1.000000 -0.035342 0.862854 2.900418 1.000000 0.238143 0.505267 3.033374 1.000000 0.391136 0.686709 2.985821 1.000000 0.199639 0.767725 2.903328 1.000000 0.144308 0.805396 2.864471 1.000000 -0.050190 0.090029 2.974653 1.000000 -0.097382 -0.488101 3.094361 1.000000 -0.139930 -0.869008 3.095104 1.000000 -0.167815 -0.949103 3.055445 1.000000 0.113076 0.088192 2.988959 1.000000 0.109610 -0.490174 3.098770 1.000000 0.125938 -0.869317 3.097461 1.000000 0.141078 -0.952136 3.050541 1.000000
31263834964 0.035629 0.173920 2.987658 1.000000 0.036869 0.234245 3.013762 1.000000 0.055287 0.546806 3.000446 1.000000 0.055859 0.771203 2.978362 1.000000 -0.139461 0.479944 3.003039 1.000000 -0.259199 0.671035 2.938270 1.000000 -0.095798 0.814675 2.898661 1.000000 -0.035737 0.863451 2.897162 1.000000 0.237468 0.499264 3.032777 1.000000 0.391432 0.686471 2.986304 1.000000 0.199119 0.768057 2.906869 1.000000 0.144243 0.805824 2.867487 1.000000 -0.050391 0.089810 2.974530 1.000000 -0.097999 -0.492561 3.096119 1.000000 -0.141419 -0.878530 3.096209 1.000000 -0.169689 -0.953869 3.050786 1.000000 0.113613 0.088223 2.988483 1.000000 0.110748 -0.492783 3.098126 1.000000 0.125680 -0.869931 3.097987 1.000000 0.140990 -0.952875 3.050809 1.000000
31263857430 0.035231 0.173490 2.987328 1.000000 0.036630 0.233913 3.013532 1.000000 0.055432 0.546677 3.000577 1.000000 0.053715 0.771521 2.979977 1.000000 -0.139964 0.479562 3.002963 1.000000 -0.259887 0.670231 2.938151 1.000000 -0.097511 0.814878 2.897905 1.000000 -0.038382 0.864616 2.893720 1.000000 0.236481 0.499264 3.032895 1.000000 0.391172 0.686665 2.985551 1.000000 0.198974 0.773351 2.912653 1.000000 0.144386 0.811191 2.872956 1.000000 -0.050580 0.089580 2.974324 1.000000 -0.084954 -0.497311 3.099247 1.000000 -0.141578 -0.876765 3.098396 1.000000 -0.169577 -0.953520 3.051537 1.000000 0.112054 0.087573 2.987545 1.000000 0.110897 -0.493261 3.098121 1.000000 0.125561 -0.870070 3.098089 1.000000 0.140793 -0.952941 3.051153 1.000000
31263902336 0.034987 0.173519 2.987179 1.000000 0.036468 0.233911 3.013431 1.000000 0.055445 0.546646 3.000646 1.000000 0.052683 0.771865 2.981292 1.000000 -0.140370 0.479127 3.002896 1.000000 -0.259989 0.670322 2.938219 1.000000 -0.098753 0.815638 2.895058 1.000000 -0.040256 0.865824 2.888294 1.000000 0.236390 0.499389 3.032933 1.000000 0.390749 0.686007 2.985902 1.000000 0.195923 0.766048 2.912320 1.000000 0.141683 0.804272 2.872530 1.000000 -0.051055 0.089570 2.973928 1.000000 -0.078822 -0.498995 3.100945 1.000000 -0.139522 -0.865749 3.101797 1.000000 -0.168924 -0.952244 3.053520 1.000000 0.111702 0.087569 2.987423 1.000000 0.111092 -0.493555 3.098287 1.000000 0.125248 -0.870161 3.096678 1.000000 0.140422 -0.953226 3.048172 1.000000
31263934971 0.034824 0.174020 2.986781 1.000000 0.036237 0.234643 3.012627 1.000000 0.054550 0.547724 2.998313 1.000000 0.054918 0.772666 2.977644 1.000000 -0.140475 0.479254 3.002982 1.000000 -0.259779 0.670118 2.937982 1.000000 -0.098834 0.815830 2.895361 1.000000 -0.039177 0.865009 2.898111 1.000000 0.237376 0.503585 3.033134 1.000000 0.391039 0.685336 2.986194 1.000000 0.198012 0.768381 2.911001 1.000000 0.143755 0.806613 2.871259 1.000000 -0.051045 0.089788 2.973813 1.000000 -0.088038 -0.489749 3.099472 1.000000 -0.138745 -0.869404 3.095829 1.000000 -0.168475 -0.951853 3.052486 1.000000 0.111549 0.087782 2.987302 1.000000 0.110991 -0.492641 3.098256 1.000000 0.125114 -0.870493 3.097234 1.000000 0.140599 -0.953390 3.048214 1.000000
31263957448 0.034031 0.173754 2.986623 1.000000 0.035499 0.234318 3.012442 1.000000 0.054112 0.547234 2.998838 1.000000 0.059224 0.772946 2.981153 1.000000 -0.141000 0.481432 3.003265 1.000000 -0.260292 0.669549 2.937916 1.000000 -0.099779 0.815753 2.895535 1.000000 -0.039896 0.864661 2.897954 1.000000 0.236760 0.496727 3.033312 1.000000 0.392187 0.684700 2.986881 1.000000 0.199545 0.767474 2.910220 1.000000 0.145290 0.805763 2.870544 1.000000 -0.051855 0.089707 2.973289 1.000000 -0.089216 -0.489748 3.099555 1.000000 -0.138748 -0.869200 3.095817 1.000000 -0.168391 -0.952142 3.053804 1.000000 0.110303 0.087168 2.987309 1.000000 0.111280 -0.493188 3.098234 1.000000 0.124887 -0.871132 3.097277 1.000000 0.140538 -0.953497 3.048373 1.000000
31264002358 0.034071 0.173856 2.986547 1.000000 0.035437 0.234408 3.012263 1.000000 0.052979 0.547401 2.998779 1.000000 0.059322 0.773234 2.981485 1.000000 -0.141081 0.479114 3.002176 1.000000 -0.260236 0.669223 2.937448 1.000000 -0.099543 0.815094 2.894561 1.000000 -0.039177 0.863440 2.895644 1.000000 0.238740 0.502770 3.033420 1.000000 0.392183 0.684770 2.986857 1.000000 0.202551 0.774595 2.910800 1.000000 0.148320 0.812907 2.871130 1.000000 -0.051674 0.089660 2.973231 1.000000 -0.090926 -0.489223 3.098882 1.000000 -0.138679 -0.869248 3.095705 1.000000 -0.168297 -0.951939 3.054297 1.000000 0.110497 0.087272 2.987190 1.000000 0.111441 -0.493478 3.098386 1.000000 0.123908 -0.872125 3.096248 1.000000 0.140531 -0.952617 3.046448 1.000000
31264035105 0.035272 0.175672 2.986614 1.000000 0.036288 0.235859 3.012252 1.000000 0.052928 0.547810 2.998926 1.000000 0.058641 0.773898 2.982367 1.000000 -0.141865 0.478461 3.001914 1.000000 -0.260745 0.669185 2.936635 1.000000 -0.098819 0.813985 2.895425 1.000000 -0.038245 0.862054 2.896398 1.000000 0.239213 0.505221 3.033018 1.000000 0.391771 0.684842 2.986801 1.000000 0.202761 0.777730 2.913463 1.000000 0.148544 0.816046 2.873799 1.000000 -0.051378 0.090268 2.973262 1.000000 -0.067835 -0.501034 3.105424 1.000000 -0.136959 -0.861353 3.095682 1.000000 -0.171248 -0.948179 3.047148 1.000000 0.114060 0.089484 2.987297 1.000000 0.111468 -0.493491 3.098639 1.000000 0.123520 -0.873566 3.094965 1.000000 0.140601 -0.952908 3.046642 1.000000
31264057246 0.035114 0.175836 2.986355 1.000000 0.036053 0.236016 3.011876 1.000000 0.051741 0.547661 2.998539 1.000000 0.058762 0.774037 2.983107 1.000000 -0.142413 0.477580 3.001692 1.000000 -0.260830 0.669546 2.936704 1.000000 -0.097855 0.813214 2.895931 1.000000 -0.036958 0.860857 2.897068 1.000000 0.238865 0.505985 3.032557 1.000000 0.391531 0.685363 2.986520 1.000000 0.202005 0.777241 2.913339 1.000000 0.147796 0.815556 2.873680 1.000000 -0.051393 0.090334 2.973102 1.000000 -0.068010 -0.495284 3.101157 1.000000 -0.136844 -0.861582 3.096047 1.000000 -0.172070 -0.947667 3.046501 1.000000 0.113961 0.089582 2.987071 1.000000 0.111735 -0.490266 3.097460 1.000000 0.124752 -0.872155 3.092789 1.000000 0.141113 -0.953382 3.046155 1.000000
31264102454 0.035050 0.175835 2.986202 1.000000 0.036045 0.236213 3.011285 1.000000 0.051503 0.548310 2.996486 1.000000 0.058495 0.775286 2.983377 1.000000 -0.142488 0.477568 3.001715 1.000000 -0.262641 0.668809 2.934518 1.000000 -0.098237 0.811713 2.898901 1.000000 -0.037291 0.859266 2.900422 1.000000 0.239305 0.501082 3.031008 1.000000 0.391271 0.685725 2.985675 1.000000 0.202710 0.777520 2.909481 1.000000 0.148510 0.815835 2.869828 1.000000 -0.051493 0.090328 2.973072 1.000000 -0.083403 -0.487954 3.097005 1.000000 -0.135701 -0.855450 3.106423 1.000000 -0.171962 -0.946418 3.046583 1.000000 0.113959 0.089526 2.987049 1.000000 0.111668 -0.489857 3.097113 1.000000 0.124749 -0.872179 3.092757 1.000000 0.141677 -0.954290 3.047312 1.000000
31264135090 0.035209 0.175861 2.986005 1.000000 0.036135 0.236194 3.010980 1.000000 0.051776 0.548114 2.996880 1.000000 0.058495 0.775727 2.986360 1.000000 -0.142586 0.477453 3.001633 1.000000 -0.263172 0.668083 2.933768 1.000000 -0.098994 0.811520 2.900203 1.000000 -0.038166 0.859205 2.901767 1.000000 0.238762 0.500632 3.031627 1.000000 0.392547 0.686265 2.985772 1.000000 0.202602 0.774943 2.909348 1.000000 0.148412 0.813255 2.869701 1.000000 -0.051461 0.090369 2.972677 1.000000 -0.092265 -0.497407 3.099547 1.000000 -0.137679 -0.863966 3.100585 1.000000 -0.172453 -0.947126 3.043813 1.000000 0.114339 0.089609 2.986787 1.000000 0.106326 -0.491041 3.098073 1.000000 0.124899 -0.872684 3.093791 1.000000 0.141772 -0.953807 3.047051 1.000000
31264157244 0.034665 0.176317 2.985953 1.000000 0.035499 0.236624 3.010803 1.000000 0.050218 0.548329 2.997157 1.000000 0.058036 0.776112 2.987365 1.000000 -0.142800 0.477378 3.001363 1.000000 -0.263121 0.668079 2.933839 1.000000 -0.098662 0.811175 2.900388 1.000000 -0.038023 0.859095 2.901697 1.000000 0.239285 0.504108 3.031108 1.000000 0.393002 0.686538 2.986313 1.000000 0.204483 0.774227 2.904547 1.000000 0.150306 0.812546 2.864904 1.000000 -0.051765 0.090668 2.972747 1.000000 -0.094903 -0.487078 3.097016 1.000000 -0.136951 -0.867346 3.095389 1.000000 -0.172748 -0.946408 3.043944 1.000000 0.113948 0.089772 2.986658 1.000000 0.106359 -0.491240 3.098205 1.000000 0.124640 -0.873526 3.094041 1.000000 0.141604 -0.953832 3.047358 1.000000
31264202482 0.034627 0.176422 2.985892 1.000000 0.035450 0.236894 3.010353 1.000000 0.049713 0.548688 2.995605 1.000000 0.058328 0.776695 2.986780 1.000000 -0.142861 0.477019 3.001644 1.000000 -0.263095 0.668047 2.933829 1.000000 -0.098532 0.811139 2.901457 1.000000 -0.037916 0.859075 2.902700 1.000000 0.240717 0.505294 3.031210 1.000000 0.392648 0.686272 2.985515 1.000000 0.199102 0.771894 2.916371 1.000000 0.144930 0.810209 2.876734 1.000000 -0.051751 0.090687 2.972749 1.000000 -0.076161 -0.490236 3.098860 1.000000 -0.135509 -0.858096 3.103239 1.000000 -0.172087 -0.944633 3.043348 1.000000 0.113867 0.089694 2.986758 1.000000 0.106823 -0.491139 3.098385 1.000000 0.124557 -0.873614 3.093660 1.000000 0.141795 -0.953807 3.047952 1.000000
31264235201 0.034266 0.177026 2.985694 1.000000 0.035231 0.237424 3.009915 1.000000 0.049619 0.548808 2.995541 1.000000 0.057905 0.776744 2.986078 1.000000 -0.143503 0.481880 3.002478 1.000000 -0.262908 0.668042 2.933937 1.000000 -0.098537 0.811292 2.901402 1.000000 -0.037969 0.859275 2.902638 1.000000 0.240947 0.506147 3.030357 1.000000 0.392638 0.685720 2.986514 1.000000 0.200965 0.772436 2.912891 1.000000 0.146799 0.810747 2.873258 1.000000 -0.052118 0.091612 2.972602 1.000000 -0.085274 -0.489395 3.100188 1.000000 -0.135684 -0.856648 3.103984 1.000000 -0.171957 -0.944485 3.043637 1.000000 0.113518 0.089814 2.986669 1.000000 0.107018 -0.490795 3.097912 1.000000 0.124608 -0.873695 3.095581 1.000000 0.142121 -0.954084 3.048230 1.000000
31264269154 0.033320 0.176779 2.985208 1.000000 0.034222 0.237315 3.009094 1.000000 0.048640 0.549126 2.994746 1.000000 0.057922 0.777211 2.985950 1.000000 -0.143924 0.483582 3.002450 1.000000 -0.263259 0.668036 2.933902 1.000000 -0.098471 0.810790 2.901544 1.000000 -0.038002 0.858889 2.902543 1.000000 0.238886 0.504217 3.030660 1.000000 0.393094 0.685931 2.986020 1.000000 0.201773 0.773102 2.912031 1.000000 0.147614 0.811409 2.872402 1.000000 -0.052521 0.091669 2.972592 1.000000 -0.087038 -0.488138 3.100555 1.000000 -0.135711 -0.856024 3.103012 1.000000 -0.172004 -0.944211 3.043919 1.000000 0.111958 0.089538 2.985909 1.000000 0.107209 -0.490790 3.097918 1.000000 0.124742 -0.873778 3.095708 1.000000 0.142515 -0.954616 3.048529 1.000000
31264335877 0.033248 0.176736 2.985221 1.000000 0.034210 0.237354 3.008771 1.000000 0.048731 0.549149 2.993998 1.000000 0.054639 0.777481 2.985612 1.000000 -0.143901 0.485201 3.003161 1.000000 -0.266355 0.667001 2.934821 1.000000 -0.100062 0.807861 2.901764 1.000000 -0.039669 0.856047 2.902515 1.000000 0.237973 0.503351 3.030813 1.000000 0.393257 0.685773 2.986034 1.000000 0.206740 0.778392 2.905608 1.000000 0.152588 0.816695 2.865984 1.000000 -0.052688 0.091764 2.972985 1.000000 -0.090211 -0.487612 3.099908 1.000000 -0.138526 -0.861295 3.096673 1.000000 -0.171311 -0.946733 3.046946 1.000000 0.111810 0.089513 2.985971 1.000000 0.108176 -0.492644 3.098772 1.000000 0.124763 -0.873679 3.096016 1.000000 0.142191 -0.954694 3.048547 1.000000
31264368557 0.032924 0.175644 2.985033 1.000000 0.033997 0.236514 3.008157 1.000000 0.048753 0.548817 2.993354 1.000000 0.056288 0.777302 2.985723 1.000000 -0.144363 0.480463 3.002295 1.000000 -0.266185 0.667341 2.936302 1.000000 -0.100828 0.808966 2.901196 1.000000 -0.040284 0.856952 2.901695 1.000000 0.236273 0.501680 3.029650 1.000000 0.393267 0.685783 2.985972 1.000000 0.199382 0.766515 2.911388 1.000000 0.145234 0.804814 2.871768 1.000000 -0.052855 0.091069 2.973101 1.000000 -0.074192 -0.496600 3.099957 1.000000 -0.138669 -0.861463 3.096601 1.000000 -0.170468 -0.947722 3.048487 1.000000 0.111309 0.088634 2.985972 1.000000 0.108128 -0.492624 3.098336 1.000000 0.125006 -0.874365 3.094523 1.000000 0.142639 -0.954737 3.049016 1.000000
31264402582 0.032886 0.175677 2.985016 1.000000 0.034007 0.236582 3.007844 1.000000 0.049996 0.549214 2.993225 1.000000 0.057693 0.777662 2.985223 1.000000 -0.144245 0.481930 3.002299 1.000000 -0.268249 0.666762 2.936536 1.000000 -0.103169 0.808727 2.901782 1.000000 -0.042537 0.856590 2.902102 1.000000 0.236580 0.502060 3.029851 1.000000 0.393023 0.685003 2.986008 1.000000 0.199508 0.768612 2.914253 1.000000 0.145367 0.806907 2.874637 1.000000 -0.052996 0.091156 2.973086 1.000000 -0.085465 -0.493255 3.098064 1.000000 -0.138198 -0.862506 3.097422 1.000000 -0.170212 -0.943451 3.045404 1.000000 0.111005 0.088600 2.986015 1.000000 0.109643 -0.494610 3.099656 1.000000 0.125055 -0.874527 3.094044 1.000000 0.142643 -0.954868 3.049112 1.000000
31264469247 0.033078 0.175207 2.984829 1.000000 0.034300 0.236345 3.007172 1.000000 0.051632 0.549747 2.991856 1.000000 0.056930 0.778898 2.986805 1.000000 -0.145187 0.479626 3.001865 1.000000 -0.272222 0.665220 2.937976 1.000000 -0.110801 0.811240 2.902794 1.000000 -0.050122 0.859031 2.902917 1.000000 0.235377 0.496822 3.029791 1.000000 0.394382 0.684506 2.986388 1.000000 0.201316 0.768632 2.913967 1.000000 0.147180 0.806923 2.874356 1.000000 -0.053037 0.090912 2.973168 1.000000 -0.088161 -0.491337 3.098559 1.000000 -0.137697 -0.864352 3.098716 1.000000 -0.170567 -0.943154 3.045541 1.000000 0.111204 0.087903 2.985858 1.000000 0.109018 -0.495950 3.100863 1.000000 0.125134 -0.875009 3.094007 1.000000 0.143134 -0.955044 3.049278 1.000000
31264502004 0.032418 0.174347 2.985400 1.000000 0.033408 0.232911 3.010209 1.000000 0.049871 0.531802 3.010701 1.000000 0.047562 0.760656 3.003388 1.000000 -0.146293 0.475105 3.001404 1.000000 -0.276574 0.663024 2.938413 1.000000 -0.118559 0.813177 2.906765 1.000000 -0.071563 0.874286 2.902055 1.000000 0.235556 0.493676 3.029262 1.000000 0.397744 0.680826 2.986345 1.000000 0.209548 0.776022 2.915073 1.000000 0.155417 0.814310 2.875465 1.000000 -0.054053 0.090539 2.973102 1.000000 -0.091421 -0.489122 3.097278 1.000000 -0.137618 -0.846796 3.109238 1.000000 -0.169031 -0.937990 3.047020 1.000000 0.110522 0.086071 2.985397 1.000000 0.110196 -0.484198 3.095431 1.000000 0.125474 -0.875594 3.095896 1.000000 0.143060 -0.955204 3.049548 1.000000
31264524246 0.033031 0.172966 2.986112 1.000000 0.034206 0.230624 3.012666 1.000000 0.050902 0.529643 3.011002 1.000000 0.055221 0.755505 2.990748 1.000000 -0.147279 0.469808 3.001060 1.000000 -0.280327 0.658524 2.940843 1.000000 -0.139429 0.824266 2.904713 1.000000 -0.086213 0.879325 2.894713 1.000000 0.235695 0.493438 3.029288 1.000000 0.402643 0.676398 2.988493 1.000000 0.218021 0.777811 2.916339 1.000000 0.163896 0.816095 2.876735 1.000000 -0.053689 0.089399 2.973395 1.000000 -0.094583 -0.479237 3.095828 1.000000 -0.136812 -0.855271 3.102982 1.000000 -0.170425 -0.939196 3.042747 1.000000 0.111251 0.084095 2.985527 1.000000 0.110459 -0.485257 3.096165 1.000000 0.125375 -0.875645 3.095764 1.000000 0.142817 -0.954738 3.047984 1.000000
31264569324 0.034022 0.172624 2.986184 1.000000 0.034986 0.229671 3.013890 1.000000 0.050455 0.524444 3.010075 1.000000 0.058411 0.660156 2.942663 1.000000 -0.148681 0.466691 3.000353 1.000000 -0.291266 0.653305 2.942044 1.000000 -0.150008 0.818843 2.906814 1.000000 -0.102486 0.877292 2.889870 1.000000 0.235720 0.493354 3.029205 1.000000 0.405717 0.673121 2.987814 1.000000 0.223100 0.782835 2.925079 1.000000 0.168984 0.821113 2.885482 1.000000 -0.053081 0.088561 2.973028 1.000000 -0.099426 -0.391602 3.058952 1.000000 -0.133937 -0.816765 3.094381 1.000000 -0.164364 -0.918591 3.051019 1.000000 0.114739 0.083614 2.985288 1.000000 0.113281 -0.423096 3.080436 1.000000 0.123876 -0.852380 3.090814 1.000000 0.142452 -0.955007 3.047864 1.000000
31264602635 0.033975 0.172443 2.986159 1.000000 0.034886 0.229749 3.014662 1.000000 0.051309 0.529109 3.008217 1.000000 0.031158 0.736816 2.963165 1.000000 -0.151498 0.467127 2.999881 1.000000 -0.297462 0.650615 2.942497 1.000000 -0.153407 0.814738 2.917122 1.000000 -0.098326 0.868642 2.912560 1.000000 0.236513 0.492899 3.029262 1.000000 0.409972 0.669372 2.986614 1.000000 0.230003 0.784558 2.926759 1.000000 0.175893 0.822832 2.887166 1.000000 -0.053757 0.087253 2.973025 1.000000 -0.094666 -0.486084 3.099964 1.000000 -0.136920 -0.859202 3.099932 1.000000 -0.171022 -0.939228 3.042860 1.000000 0.114622 0.082892 2.985026 1.000000 0.112793 -0.493164 3.098011 1.000000 0.124337 -0.874740 3.092505 1.000000 0.142435 -0.954775 3.047924 1.000000
31264636030 0.033527 0.170924 2.986214 1.000000 0.034322 0.228563 3.015651 1.000000 0.049409 0.530208 3.009049 1.000000 0.059540 0.697021 2.942650 1.000000 -0.151551 0.466988 2.999903 1.000000 -0.303608 0.635114 2.950059 1.000000 -0.167491 0.805411 2.919598 1.000000 -0.114539 0.861234 2.913522 1.000000 0.238696 0.492275 3.028923 1.000000 0.413946 0.664244 2.987899 1.000000 0.239346 0.786964 2.926961 1.000000 0.185251 0.825227 2.887379 1.000000 -0.054502 0.085116 2.972092 1.000000 -0.094731 -0.486108 3.099865 1.000000 -0.137317 -0.861081 3.099461 1.000000 -0.171353 -0.939658 3.042861 1.000000 0.114632 0.079791 2.985102 1.000000 0.112545 -0.493488 3.097822 1.000000 0.123745 -0.875886 3.092691 1.000000 0.142405 -0.954816 3.048816 1.000000
31264669389 0.033657 0.170167 2.986096 1.000000 0.034282 0.227697 3.016134 1.000000 0.048514 0.529276 3.008203 1.000000 0.057692 0.697021 2.944714 1.000000 -0.152465 0.467274 3.000241 1.000000 -0.308587 0.623567 2.954631 1.000000 -0.185088 0.803153 2.923753 1.000000 -0.129336 0.855841 2.915416 1.000000 0.239687 0.491382 3.029037 1.000000 0.419686 0.657338 2.988023 1.000000 0.253520 0.792273 2.930161 1.000000 0.199440 0.830525 2.890590 1.000000 -0.054507 0.083556 2.971707 1.000000 -0.094642 -0.486664 3.099401 1.000000 -0.137437 -0.866121 3.099480 1.000000 -0.170808 -0.942288 3.043796 1.000000 0.115363 0.078416 2.984987 1.000000 0.112433 -0.493636 3.098191 1.000000 0.124393 -0.875896 3.092800 1.000000 0.142407 -0.954914 3.048810 1.000000
31264702765 0.034306 0.167479 2.985520 1.000000 0.034644 0.225198 3.016479 1.000000 0.048239 0.528623 3.008432 1.000000 0.057826 0.697174 2.945909 1.000000 -0.152842 0.466911 3.000457 1.000000 -0.319526 0.625394 2.953878 1.000000 -0.184694 0.796760 2.924545 1.000000 -0.129248 0.849956 2.917744 1.000000 0.241980 0.490048 3.029173 1.000000 0.424921 0.652342 2.990374 1.000000 0.289629 0.821143 2.945432 1.000000 0.235565 0.859383 2.905873 1.000000 -0.054306 0.080699 2.970838 1.000000 -0.095105 -0.487986 3.099826 1.000000 -0.137504 -0.867529 3.096467 1.000000 -0.171012 -0.944526 3.044441 1.000000 0.117438 0.073501 2.983131 1.000000 0.112443 -0.493640 3.098185 1.000000 0.124614 -0.875782 3.093031 1.000000 0.142664 -0.956072 3.052679 1.000000
31264736081 0.036173 0.162661 2.984942 1.000000 0.036289 0.220877 3.016712 1.000000 0.048974 0.527550 3.008387 1.000000 0.057401 0.696411 2.945863 1.000000 -0.152935 0.465875 3.001042 1.000000 -0.330894 0.604828 2.958707 1.000000 -0.204810 0.782203 2.924638 1.000000 -0.173239 0.801334 2.925940 1.000000 0.246734 0.488311 3.029947 1.000000 0.431035 0.646796 2.993565 1.000000 0.291653 0.811688 2.946059 1.000000 0.237594 0.849924 2.906504 1.000000 -0.052398 0.075201 2.970045 1.000000 -0.095434 -0.488579 3.100076 1.000000 -0.138260 -0.868210 3.093160 1.000000 -0.169963 -0.947923 3.047566 1.000000 0.119329 0.067141 2.982051 1.000000 0.112458 -0.493859 3.098516 1.000000 0.124601 -0.875871 3.093878 1.000000 0.142306 -0.956114 3.052501 1.000000
31264769497 0.036866 0.160289 2.983536 1.000000 0.036690 0.218850 3.015932 1.000000 0.048534 0.527262 3.006998 1.000000 0.055462 0.696925 2.945797 1.000000 -0.152061 0.458708 3.000772 1.000000 -0.335428 0.596406 2.961401 1.000000 -0.229729 0.787238 2.934277 1.000000 -0.152874 0.856835 2.922552 1.000000 0.247753 0.487462 3.030213 1.000000 0.445781 0.614352 2.995625 1.000000 0.351060 0.811008 2.970718 1.000000 0.305778 0.871102 2.953790 1.000000 -0.052090 0.072210 2.968834 1.000000 -0.095495 -0.488934 3.099646 1.000000 -0.138310 -0.868262 3.093294 1.000000 -0.170263 -0.948511 3.048270 1.000000 0.120784 0.065543 2.980689 1.000000 0.112486 -0.493617 3.098066 1.000000 0.124847 -0.875627 3.093071 1.000000 0.142194 -0.956292 3.050636 1.000000
31264802783 0.037977 0.154205 2.982660 1.000000 0.037392 0.213454 3.016106 1.000000 0.047839 0.525847 3.007566 1.000000 0.050219 0.694277 2.945379 1.000000 -0.151680 0.454581 3.001785 1.000000 -0.342783 0.584005 2.965370 1.000000 -0.242253 0.777211 2.933873 1.000000 -0.167434 0.848836 2.921319 1.000000 0.247629 0.485838 3.030462 1.000000 0.450656 0.600890 2.997932 1.000000 0.360115 0.799139 2.968317 1.000000 0.329482 0.868659 2.955070 1.000000 -0.050094 0.065517 2.968703 1.000000 -0.095542 -0.487752 3.098672 1.000000 -0.136564 -0.866181 3.096134 1.000000 -0.170793 -0.946129 3.047491 1.000000 0.121884 0.061918 2.978605 1.000000 0.112437 -0.493602 3.098063 1.000000 0.125066 -0.875261 3.094541 1.000000 0.141658 -0.955634 3.050088 1.000000
31264836119 0.037121 0.144907 2.981143 1.000000 0.036294 0.205269 3.016033 1.000000 0.046483 0.523836 3.008597 1.000000 0.047736 0.682618 2.947878 1.000000 -0.150640 0.451044 3.003016 1.000000 -0.354848 0.569205 2.964989 1.000000 -0.253974 0.762070 2.932111 1.000000 -0.180297 0.834794 2.919103 1.000000 0.242806 0.470941 3.031092 1.000000 0.455974 0.570049 3.005796 1.000000 0.356689 0.817383 2.973084 1.000000 0.312256 0.888184 2.976991 1.000000 -0.049592 0.059234 2.967071 1.000000 -0.096335 -0.487935 3.098008 1.000000 -0.137450 -0.867739 3.094782 1.000000 -0.170521 -0.945722 3.046525 1.000000 0.120441 0.055256 2.976644 1.000000 0.104629 -0.492455 3.097257 1.000000 0.124927 -0.874731 3.094885 1.000000 0.141357 -0.954892 3.049300 1.000000
31264869498 0.037207 0.145345 2.979436 1.000000 0.036289 0.204991 3.015810 1.000000 0.046070 0.522702 3.008828 1.000000 0.045016 0.673478 2.945096 1.000000 -0.150376 0.449754 3.003931 1.000000 -0.361895 0.554501 2.964851 1.000000 -0.301742 0.762248 2.920489 1.000000 -0.228804 0.836838 2.919734 1.000000 0.242205 0.468805 3.031610 1.000000 0.460619 0.554591 3.008008 1.000000 0.409715 0.766074 2.974008 1.000000 0.361894 0.858750 2.971042 1.000000 -0.049999 0.059680 2.963377 1.000000 -0.094055 -0.424316 3.070645 1.000000 -0.133604 -0.850862 3.092893 1.000000 -0.166730 -0.942461 3.045353 1.000000 0.121089 0.056220 2.974308 1.000000 0.103762 -0.497070 3.100868 1.000000 0.123739 -0.872820 3.092592 1.000000 0.140652 -0.955570 3.049792 1.000000
31264902856 0.037078 0.141895 2.978317 1.000000 0.036265 0.202289 3.015603 1.000000 0.046315 0.522886 3.008335 1.000000 0.043472 0.685602 2.944842 1.000000 -0.151074 0.448931 3.005526 1.000000 -0.367432 0.496338 2.978423 1.000000 -0.318476 0.712129 2.927319 1.000000 -0.258819 0.797685 2.925138 1.000000 0.243737 0.465783 3.033208 1.000000 0.463267 0.508774 3.011480 1.000000 0.432848 0.724558 2.978209 1.000000 0.396139 0.822172 2.975481 1.000000 -0.050165 0.056299 2.962213 1.000000 -0.097900 -0.484375 3.092132 1.000000 -0.133586 -0.856899 3.099323 1.000000 -0.168167 -0.941725 3.042838 1.000000 0.120208 0.049314 2.973506 1.000000 0.105257 -0.498209 3.101070 1.000000 0.124357 -0.872917 3.093267 1.000000 0.140323 -0.954278 3.052356 1.000000
31264936194 0.036757 0.136611 2.976826 1.000000 0.036072 0.198354 3.015018 1.000000 0.046273 0.523461 3.007462 1.000000 0.044149 0.688989 2.945822 1.000000 -0.149326 0.446437 3.007881 1.000000 -0.367906 0.484607 2.979373 1.000000 -0.362681 0.697274 2.916605 1.000000 -0.308828 0.786501 2.921141 1.000000 0.243713 0.462151 3.034381 1.000000 0.466889 0.492850 3.016119 1.000000 0.458146 0.709387 2.971176 1.000000 0.436234 0.811137 2.978178 1.000000 -0.049935 0.052600 2.961120 1.000000 -0.098015 -0.484631 3.092134 1.000000 -0.134224 -0.851373 3.099389 1.000000 -0.168555 -0.941405 3.042390 1.000000 0.119303 0.044791 2.972816 1.000000 0.105814 -0.500322 3.102114 1.000000 0.124444 -0.872867 3.093405 1.000000 0.140383 -0.954155 3.052261 1.000000
31264969595 0.036231 0.131859 2.976209 1.000000 0.035598 0.194620 3.015041 1.000000 0.046110 0.523890 3.006812 1.000000 0.044694 0.690036 2.945786 1.000000 -0.147806 0.442798 3.009689 1.000000 -0.368759 0.461004 2.982768 1.000000 -0.368124 0.673732 2.920172 1.000000 -0.376926 0.745136 2.892540 1.000000 0.244634 0.459798 3.036109 1.000000 0.469946 0.475550 3.021695 1.000000 0.477070 0.711605 2.964967 1.000000 0.480713 0.802246 2.963320 1.000000 -0.050183 0.047037 2.960786 1.000000 -0.097254 -0.489973 3.094853 1.000000 -0.134208 -0.854024 3.099875 1.000000 -0.170103 -0.941846 3.042127 1.000000 0.118492 0.040709 2.972560 1.000000 0.106802 -0.501050 3.101771 1.000000 0.124495 -0.872614 3.093071 1.000000 0.141047 -0.952070 3.048242 1.000000
31265002846 0.037120 0.129091 2.976531 1.000000 0.036372 0.192024 3.015933 1.000000 0.046123 0.523867 3.006799 1.000000 0.045283 0.692045 2.944911 1.000000 -0.146067 0.438958 3.011601 1.000000 -0.395932 0.445486 2.980879 1.000000 -0.390198 0.662947 2.925935 1.000000 -0.371118 0.732884 2.899891 1.000000 0.244482 0.457965 3.037196 1.000000 0.468734 0.461406 3.028067 1.000000 0.514767 0.692583 2.967045 1.000000 0.521193 0.768939 2.959174 1.000000 -0.048959 0.044784 2.961257 1.000000 -0.096692 -0.492195 3.097871 1.000000 -0.134065 -0.854406 3.101054 1.000000 -0.170959 -0.941785 3.041691 1.000000 0.119211 0.038404 2.972926 1.000000 0.107699 -0.501608 3.101793 1.000000 0.125307 -0.873917 3.091577 1.000000 0.140580 -0.952449 3.049198 1.000000
31265036263 0.036926 0.126097 2.977328 1.000000 0.036151 0.189518 3.016859 1.000000 0.046172 0.523782 3.006385 1.000000 0.045654 0.692549 2.944988 1.000000 -0.144921 0.436702 3.013142 1.000000 -0.399034 0.434772 2.984419 1.000000 -0.420439 0.655726 2.923068 1.000000 -0.421920 0.731480 2.909222 1.000000 0.243278 0.454013 3.039038 1.000000 0.468748 0.426824 3.044445 1.000000 0.546390 0.669804 2.974163 1.000000 0.564473 0.744415 2.967931 1.000000 -0.048938 0.042647 2.962202 1.000000 -0.072556 -0.508624 3.107147 1.000000 -0.134704 -0.856427 3.103039 1.000000 -0.171096 -0.941531 3.041975 1.000000 0.118700 0.035662 2.974377 1.000000 0.108651 -0.502172 3.100806 1.000000 0.125381 -0.873229 3.094467 1.000000 0.139536 -0.953083 3.050151 1.000000
31265069589 0.036090 0.121488 2.977701 1.000000 0.035523 0.185715 3.017581 1.000000 0.046142 0.523759 3.006383 1.000000 0.045662 0.692860 2.945329 1.000000 -0.143373 0.433089 3.013390 1.000000 -0.403090 0.408910 2.991518 1.000000 -0.460054 0.638402 2.939226 1.000000 -0.471039 0.711370 2.917210 1.000000 0.238916 0.444879 3.037440 1.000000 0.448730 0.374023 3.072181 1.000000 0.566895 0.571533 2.991643 1.000000 0.593823 0.671353 2.978796 1.000000 -0.049227 0.040098 2.962933 1.000000 -0.071404 -0.507992 3.106594 1.000000 -0.134726 -0.857061 3.103317 1.000000 -0.171073 -0.940946 3.041626 1.000000 0.117496 0.032341 2.974581 1.000000 0.109463 -0.503669 3.101012 1.000000 0.125325 -0.873071 3.094538 1.000000 0.139582 -0.952575 3.049453 1.000000
31265102962 0.036056 0.117119 2.978470 1.000000 0.035451 0.182018 3.018490 1.000000 0.046325 0.523601 3.006373 1.000000 0.045325 0.696801 2.945956 1.000000 -0.140625 0.429154 3.012982 1.000000 -0.341064 0.344238 3.013589 1.000000 -0.498332 0.491502 2.965218 1.000000 -0.521966 0.590630 2.943595 1.000000 0.238058 0.442481 3.038355 1.000000 0.451478 0.366467 3.072968 1.000000 0.609247 0.505905 3.002143 1.000000 0.651268 0.598083 2.977854 1.000000 -0.049124 0.036806 2.964161 1.000000 -0.070608 -0.509220 3.106799 1.000000 -0.135606 -0.859550 3.104787 1.000000 -0.170245 -0.941656 3.043526 1.000000 0.117028 0.029176 2.975291 1.000000 0.109679 -0.503860 3.101264 1.000000 0.124972 -0.872583 3.094443 1.000000 0.140316 -0.953117 3.050257 1.000000
31265136300 0.035425 0.111548 2.977439 1.000000 0.034663 0.177151 3.018320 1.000000 0.046120 0.523206 3.006789 1.000000 0.045637 0.696679 2.946012 1.000000 -0.138526 0.424414 3.012056 1.000000 -0.346625 0.335387 3.016315 1.000000 -0.496338 0.491455 2.971138 1.000000 -0.527477 0.584454 2.936029 1.000000 0.234157 0.431863 3.037933 1.000000 0.452227 0.356243 3.074390 1.000000 0.609831 0.493987 2.999296 1.000000 0.672000 0.576812 2.988066 1.000000 -0.049037 0.033172 2.963317 1.000000 -0.086714 -0.499991 3.101333 1.000000 -0.135632 -0.859339 3.104697 1.000000 -0.169812 -0.940201 3.044118 1.000000 0.115836 0.024692 2.974010 1.000000 0.109726 -0.503921 3.101294 1.000000 0.125339 -0.873027 3.094133 1.000000 0.141110 -0.953556 3.050909 1.000000
31265169757 0.034579 0.106172 2.976726 1.000000 0.033981 0.172658 3.017905 1.000000 0.046258 0.522978 3.006330 1.000000 0.045660 0.696658 2.944964 1.000000 -0.137498 0.421654 3.011091 1.000000 -0.352647 0.319062 3.020532 1.000000 -0.528070 0.492623 2.969583 1.000000 -0.553041 0.579555 2.917913 1.000000 0.232323 0.427210 3.037167 1.000000 0.462002 0.329675 3.080140 1.000000 0.656896 0.421311 3.031427 1.000000 0.720120 0.496960 2.997805 1.000000 -0.049659 0.027565 2.963868 1.000000 -0.077466 -0.503950 3.102479 1.000000 -0.136818 -0.861389 3.101628 1.000000 -0.170486 -0.940109 3.044449 1.000000 0.114456 0.020900 2.972930 1.000000 0.110405 -0.505151 3.102557 1.000000 0.125365 -0.873011 3.094187 1.000000 0.141636 -0.954120 3.051132 1.000000
31265203001 0.034409 0.103758 2.976127 1.000000 0.033869 0.170374 3.017406 1.000000 0.046243 0.522382 3.004964 1.000000 0.046130 0.700913 2.946641 1.000000 -0.136611 0.419219 3.010419 1.000000 -0.347714 0.295493 3.028094 1.000000 -0.569824 0.463135 2.934032 1.000000 -0.643861 0.519015 2.907064 1.000000 0.231216 0.421645 3.035247 1.000000 0.455429 0.303399 3.084378 1.000000 0.655482 0.381822 3.032833 1.000000 0.735351 0.436499 2.994290 1.000000 -0.049717 0.025083 2.963495 1.000000 -0.084697 -0.501640 3.101500 1.000000 -0.136240 -0.859256 3.102447 1.000000 -0.170709 -0.939995 3.044880 1.000000 0.114134 0.019043 2.972645 1.000000 0.110846 -0.507813 3.102413 1.000000 0.125311 -0.873554 3.093917 1.000000 0.142341 -0.954118 3.050840 1.000000
31265236330 0.034172 0.099440 2.975210 1.000000 0.033769 0.166533 3.016899 1.000000 0.046510 0.521812 3.004654 1.000000 0.047099 0.700293 2.945101 1.000000 -0.134705 0.414000 3.009002 1.000000 -0.322200 0.262086 3.043977 1.000000 -0.524887 0.329911 2.986515 1.000000 -0.527415 0.358569 2.974822 1.000000 0.228549 0.414889 3.033075 1.000000 0.444794 0.283310 3.086704 1.000000 0.654591 0.332536 3.038799 1.000000 0.653809 0.348877 3.018018 1.000000 -0.049696 0.021986 2.962411 1.000000 -0.087187 -0.500813 3.101153 1.000000 -0.137239 -0.859055 3.102888 1.000000 -0.168939 -0.940708 3.047297 1.000000 0.113378 0.015547 2.972212 1.000000 0.110723 -0.507551 3.101566 1.000000 0.125085 -0.873266 3.095768 1.000000 0.141359 -0.953603 3.049796 1.000000
31265269690 0.033928 0.096889 2.974482 1.000000 0.033637 0.164481 3.016097 1.000000 0.047707 0.521399 3.002318 1.000000 0.048534 0.703619 2.944982 1.000000 -0.133778 0.412568 3.008074 1.000000 -0.309052 0.250709 3.046816 1.000000 -0.521326 0.277312 2.990319 1.000000 -0.587036 0.315394 2.977588 1.000000 0.227932 0.412839 3.032777 1.000000 0.428951 0.249363 3.089365 1.000000 0.645343 0.263426 3.051247 1.000000 0.737438 0.296706 3.015671 1.000000 -0.049839 0.020186 2.961861 1.000000 -0.089194 -0.497263 3.099659 1.000000 -0.136708 -0.861597 3.101062 1.000000 -0.168895 -0.942269 3.047926 1.000000 0.112529 0.012884 2.972006 1.000000 0.110246 -0.507120 3.101845 1.000000 0.125017 -0.872965 3.095922 1.000000 0.141059 -0.953534 3.048802 1.000000
31265303062 0.033872 0.093066 2.973517 1.000000 0.033715 0.161680 3.014757 1.000000 0.049631 0.521422 2.999122 1.000000 0.049379 0.704904 2.942568 1.000000 -0.132213 0.410608 3.006140 1.000000 -0.270599 0.236412 3.055758 1.000000 -0.484437 0.231627 2.999096 1.000000 -0.566895 0.257324 2.984819 1.000000 0.227439 0.410786 3.032129 1.000000 0.393590 0.230497 3.095007 1.000000 0.609347 0.220494 3.050368 1.000000 0.685553 0.216524 3.040103 1.000000 -0.049875 0.017051 2.961229 1.000000 -0.090856 -0.498401 3.099729 1.000000 -0.137183 -0.864488 3.101169 1.000000 -0.168968 -0.947896 3.054893 1.000000 0.111815 0.009499 2.971707 1.000000 0.110749 -0.507091 3.102063 1.000000 0.124986 -0.872737 3.095520 1.000000 0.140862 -0.953394 3.048949 1.000000
31265336426 0.034542 0.091705 2.973218 1.000000 0.034290 0.160251 3.014189 1.000000 0.050141 0.520489 2.998385 1.000000 0.052294 0.702282 2.939148 1.000000 -0.131120 0.408913 3.004888 1.000000 -0.267114 0.231943 3.056035 1.000000 -0.477531 0.185496 3.008162 1.000000 -0.578613 0.200216 2.987746 1.000000 0.226732 0.409399 3.031691 1.000000 0.385167 0.223725 3.094393 1.000000 0.594028 0.166876 3.053246 1.000000 0.669786 0.176769 3.043711 1.000000 -0.048941 0.015860 2.960679 1.000000 -0.091320 -0.497837 3.099251 1.000000 -0.137127 -0.864742 3.101353 1.000000 -0.169376 -0.941773 3.048090 1.000000 0.112218 0.008440 2.971798 1.000000 0.111282 -0.510517 3.104272 1.000000 0.124517 -0.872900 3.097534 1.000000 0.141034 -0.953474 3.049069 1.000000
31265369901 0.034980 0.090987 2.972915 1.000000 0.034528 0.159694 3.013650 1.000000 0.050155 0.520548 2.997710 1.000000 0.052744 0.701572 2.939503 1.000000 -0.130351 0.407868 3.004471 1.000000 -0.280139 0.209376 3.056429 1.000000 -0.487459 0.150881 3.008111 1.000000 -0.560438 0.135343 2.989141 1.000000 0.226935 0.408567 3.032245 1.000000 0.366152 0.207849 3.093898 1.000000 0.561420 0.111007 3.069283 1.000000 0.635460 0.108389 3.048342 1.000000 -0.048195 0.015019 2.960011 1.000000 -0.091601 -0.497282 3.099119 1.000000 -0.136942 -0.866855 3.101386 1.000000 -0.169607 -0.944889 3.048756 1.000000 0.112662 0.007577 2.971903 1.000000 0.111286 -0.510524 3.104327 1.000000 0.125857 -0.868736 3.098135 1.000000 0.140993 -0.952878 3.049850 1.000000
31265403260 0.035124 0.090190 2.972817 1.000000 0.034729 0.159056 3.013273 1.000000 0.050336 0.520491 2.997158 1.000000 0.054817 0.699452 2.939340 1.000000 -0.130182 0.407615 3.004622 1.000000 -0.264628 0.202913 3.057653 1.000000 -0.451221 0.093990 3.013481 1.000000 -0.548408 0.060701 2.996330 1.000000 0.226918 0.407789 3.031916 1.000000 0.361178 0.192429 3.094894 1.000000 0.549746 0.082788 3.073773 1.000000 0.617160 0.048018 3.060637 1.000000 -0.048041 0.013998 2.960059 1.000000 -0.091800 -0.497284 3.099054 1.000000 -0.138152 -0.870121 3.096781 1.000000 -0.169813 -0.946999 3.051263 1.000000 0.112767 0.006931 2.971871 1.000000 0.111505 -0.511083 3.104753 1.000000 0.125752 -0.869427 3.098904 1.000000 0.141099 -0.952927 3.050040 1.000000
31265436406 0.035519 0.089669 2.972929 1.000000 0.035130 0.158579 3.013109 1.000000 0.050359 0.520262 2.996956 1.000000 0.056102 0.697743 2.940064 1.000000 -0.130057 0.407035 3.005061 1.000000 -0.255895 0.194753 3.059047 1.000000 -0.437012 0.062988 3.012170 1.000000 -0.529575 0.019204 2.992959 1.000000 0.226832 0.407337 3.031695 1.000000 0.357041 0.168644 3.095418 1.000000 0.528736 0.033918 3.077705 1.000000 0.579102 0.010109 3.066858 1.000000 -0.047512 0.013483 2.960349 1.000000 -0.093117 -0.499958 3.100291 1.000000 -0.138373 -0.870087 3.096706 1.000000 -0.169682 -0.947432 3.050743 1.000000 0.113239 0.006281 2.971970 1.000000 0.111643 -0.511036 3.104820 1.000000 0.125799 -0.869466 3.099053 1.000000 0.140520 -0.952695 3.051598 1.000000
31265458074 0.035858 0.088537 2.973196 1.000000 0.035447 0.157689 3.013089 1.000000 0.050357 0.520230 2.996948 1.000000 0.056560 0.697318 2.939812 1.000000 -0.129648 0.406929 3.005390 1.000000 -0.250415 0.173856 3.058715 1.000000 -0.407013 0.025177 3.013362 1.000000 -0.467736 -0.021772 3.007507 1.000000 0.226672 0.406570 3.031443 1.000000 0.352994 0.162563 3.093222 1.000000 0.487070 -0.009666 3.085067 1.000000 0.550170 -0.049757 3.066711 1.000000 -0.046982 0.012214 2.960895 1.000000 -0.073064 -0.512573 3.105538 1.000000 -0.140088 -0.875560 3.096350 1.000000 -0.169993 -0.950119 3.050742 1.000000 0.113485 0.005604 2.972106 1.000000 0.112138 -0.510799 3.104728 1.000000 0.125680 -0.869725 3.099261 1.000000 0.140685 -0.952754 3.050678 1.000000
31265489045 0.036001 0.088378 2.973233 1.000000 0.035654 0.157547 3.012889 1.000000 0.050431 0.520159 2.996810 1.000000 0.058082 0.698009 2.940564 1.000000 -0.129320 0.406609 3.005975 1.000000 -0.246875 0.167554 3.057148 1.000000 -0.390780 -0.000821 3.023697 1.000000 -0.458518 -0.078009 3.006366 1.000000 0.226434 0.406458 3.031462 1.000000 0.340917 0.148370 3.088680 1.000000 0.470781 -0.024842 3.104042 1.000000 0.525996 -0.113079 3.100541 1.000000 -0.046685 0.012132 2.961030 1.000000 -0.086899 -0.500955 3.102191 1.000000 -0.140437 -0.868556 3.093819 1.000000 -0.170725 -0.946760 3.045035 1.000000 0.113529 0.005516 2.972130 1.000000 0.112346 -0.510213 3.104405 1.000000 0.125347 -0.871541 3.098102 1.000000 0.141183 -0.953036 3.050211 1.000000
31265521951 0.036237 0.088088 2.973305 1.000000 0.035792 0.157361 3.012739 1.000000 0.050346 0.520220 2.996800 1.000000 0.060146 0.698906 2.941970 1.000000 -0.128913 0.406509 3.006006 1.000000 -0.244301 0.163801 3.052793 1.000000 -0.343219 -0.030903 3.041619 1.000000 -0.403139 -0.072759 3.017450 1.000000 0.226275 0.406477 3.031606 1.000000 0.332371 0.143215 3.087896 1.000000 0.433320 -0.047248 3.109824 1.000000 0.472672 -0.143561 3.104968 1.000000 -0.046070 0.012032 2.961578 1.000000 -0.088833 -0.501653 3.102150 1.000000 -0.140382 -0.868359 3.093949 1.000000 -0.170455 -0.948330 3.048975 1.000000 0.113733 0.005221 2.971938 1.000000 0.113495 -0.509490 3.104653 1.000000 0.125752 -0.871701 3.098467 1.000000 0.141041 -0.953360 3.052358 1.000000
31265554672 0.036347 0.087587 2.973672 1.000000 0.035979 0.156913 3.012940 1.000000 0.050870 0.520197 2.997223 1.000000 0.060307 0.698960 2.943463 1.000000 -0.128774 0.406369 3.006169 1.000000 -0.236396 0.148644 3.045593 1.000000 -0.320581 -0.052675 3.042446 1.000000 -0.361938 -0.141718 3.007677 1.000000 0.226064 0.406253 3.031779 1.000000 0.318419 0.143711 3.080134 1.000000 0.409912 -0.089005 3.109834 1.000000 0.438907 -0.188983 3.113245 1.000000 -0.045949 0.011382 2.961806 1.000000 -0.089443 -0.501309 3.102642 1.000000 -0.139667 -0.867808 3.095942 1.000000 -0.170162 -0.948790 3.049760 1.000000 0.113671 0.005004 2.972358 1.000000 0.112465 -0.508417 3.104185 1.000000 0.125725 -0.871788 3.098979 1.000000 0.141403 -0.953453 3.051667 1.000000
31265586305 0.036613 0.086749 2.973874 1.000000 0.036084 0.156299 3.012943 1.000000 0.050817 0.520209 2.997275 1.000000 0.060730 0.698696 2.944577 1.000000 -0.127564 0.406105 3.005540 1.000000 -0.229866 0.144040 3.040123 1.000000 -0.307506 -0.059653 3.041735 1.000000 -0.328728 -0.160497 3.026644 1.000000 0.225902 0.405655 3.031771 1.000000 0.308852 0.133112 3.081128 1.000000 0.375222 -0.084911 3.109836 1.000000 0.397235 -0.186434 3.102348 1.000000 -0.045448 0.010694 2.961858 1.000000 -0.086451 -0.502462 3.102479 1.000000 -0.138829 -0.866424 3.097553 1.000000 -0.172206 -0.947489 3.044957 1.000000 0.113791 0.004568 2.972655 1.000000 0.112610 -0.509926 3.105772 1.000000 0.125759 -0.871643 3.099153 1.000000 0.141584 -0.953402 3.051611 1.000000
31265617718 0.037413 0.086134 2.974824 1.000000 0.036946 0.155601 3.013853 1.000000 0.051699 0.519736 2.998548 1.000000 0.061285 0.698852 2.948995 1.000000 -0.126797 0.406062 3.005637 1.000000 -0.216661 0.132169 3.035921 1.000000 -0.269326 -0.079657 3.033417 1.000000 -0.289757 -0.181443 3.025082 1.000000 0.225894 0.405567 3.031773 1.000000 0.300515 0.132009 3.083963 1.000000 0.336608 -0.081896 3.104658 1.000000 0.368397 -0.181032 3.107629 1.000000 -0.044467 0.010368 2.962339 1.000000 -0.089491 -0.497303 3.100935 1.000000 -0.136834 -0.843317 3.105823 1.000000 -0.169358 -0.937208 3.048503 1.000000 0.114302 0.003977 2.974055 1.000000 0.113125 -0.509959 3.105789 1.000000 0.125441 -0.872429 3.097243 1.000000 0.140592 -0.953201 3.048300 1.000000
31265661382 0.037780 0.085190 2.975671 1.000000 0.037480 0.154665 3.014746 1.000000 0.052852 0.519505 3.000068 1.000000 0.062078 0.698686 2.952631 1.000000 -0.125656 0.406244 3.006049 1.000000 -0.208214 0.130731 3.033093 1.000000 -0.258550 -0.081896 3.025557 1.000000 -0.267448 -0.181705 2.997172 1.000000 0.225712 0.405254 3.031593 1.000000 0.287939 0.134019 3.082970 1.000000 0.307146 -0.082748 3.090262 1.000000 0.317161 -0.185421 3.075954 1.000000 -0.043994 0.009684 2.962803 1.000000 -0.090994 -0.499872 3.101197 1.000000 -0.137601 -0.860065 3.095816 1.000000 -0.172251 -0.945832 3.041916 1.000000 0.114268 0.003498 2.974979 1.000000 0.112484 -0.511522 3.106567 1.000000 0.125401 -0.872686 3.097273 1.000000 0.140596 -0.952881 3.048771 1.000000
31265694518 0.038107 0.084504 2.976950 1.000000 0.037909 0.153882 3.016097 1.000000 0.053609 0.518742 3.001682 1.000000 0.063959 0.699402 2.956275 1.000000 -0.124617 0.406501 3.006384 1.000000 -0.196928 0.124821 3.026899 1.000000 -0.221313 -0.096863 2.990702 1.000000 -0.222656 -0.197021 2.969217 1.000000 0.226217 0.404449 3.031611 1.000000 0.281446 0.130187 3.085713 1.000000 0.297190 -0.087648 3.082312 1.000000 0.291298 -0.188388 3.056566 1.000000 -0.043536 0.009065 2.963560 1.000000 -0.091902 -0.499420 3.100386 1.000000 -0.137363 -0.860206 3.095650 1.000000 -0.172225 -0.943902 3.042120 1.000000 0.114229 0.002800 2.976858 1.000000 0.107283 -0.512219 3.106357 1.000000 0.125268 -0.873016 3.096920 1.000000 0.140965 -0.953745 3.050235 1.000000
31265727379 0.038212 0.083914 2.978496 1.000000 0.038007 0.153423 3.017459 1.000000 0.053720 0.518652 3.002562 1.000000 0.064535 0.700611 2.958956 1.000000 -0.123588 0.406679 3.006665 1.000000 -0.188207 0.129416 3.019315 1.000000 -0.211154 -0.089319 2.976147 1.000000 -0.214824 -0.192773 2.964405 1.000000 0.226337 0.404164 3.032018 1.000000 0.271037 0.128645 3.084908 1.000000 0.283344 -0.089565 3.065030 1.000000 0.283852 -0.192407 3.048382 1.000000 -0.043195 0.008809 2.964192 1.000000 -0.092468 -0.499882 3.100863 1.000000 -0.137457 -0.853066 3.102650 1.000000 -0.172186 -0.942968 3.043273 1.000000 0.113779 0.001911 2.980116 1.000000 0.108418 -0.512604 3.105981 1.000000 0.125236 -0.873156 3.096853 1.000000 0.142893 -0.954718 3.051693 1.000000
31265761333 0.039172 0.083679 2.980598 1.000000 0.038652 0.153274 3.019228 1.000000 0.053827 0.518562 3.003746 1.000000 0.064676 0.700700 2.962955 1.000000 -0.122077 0.406951 3.006258 1.000000 -0.182368 0.133056 3.012533 1.000000 -0.198057 -0.081342 2.959181 1.000000 -0.196643 -0.184569 2.944895 1.000000 0.227482 0.403711 3.033007 1.000000 0.265998 0.127944 3.083978 1.000000 0.274245 -0.093076 3.055645 1.000000 0.260231 -0.193240 3.030489 1.000000 -0.041913 0.008476 2.965423 1.000000 -0.092472 -0.499879 3.100896 1.000000 -0.137429 -0.855196 3.101554 1.000000 -0.172205 -0.942976 3.043270 1.000000 0.114794 0.001619 2.983633 1.000000 0.107874 -0.512074 3.105979 1.000000 0.125258 -0.873138 3.096821 1.000000 0.142883 -0.954715 3.051720 1.000000
31265794454 0.040083 0.083286 2.981890 1.000000 0.039197 0.152859 3.020164 1.000000 0.053892 0.517805 3.004388 1.000000 0.065151 0.699831 2.963155 1.000000 -0.119641 0.407176 3.005840 1.000000 -0.178233 0.134659 3.004734 1.000000 -0.193960 -0.079884 2.952009 1.000000 -0.190040 -0.183280 2.939247 1.000000 0.229211 0.402820 3.034442 1.000000 0.263267 0.128158 3.080483 1.000000 0.268733 -0.098851 3.046840 1.000000 0.257361 -0.200520 3.026762 1.000000 -0.040582 0.008089 2.966516 1.000000 -0.092692 -0.499411 3.100596 1.000000 -0.137320 -0.852646 3.102464 1.000000 -0.172056 -0.942791 3.043393 1.000000 0.115745 0.001234 2.985289 1.000000 0.110635 -0.509205 3.106522 1.000000 0.125829 -0.872384 3.096937 1.000000 0.142916 -0.954693 3.050183 1.000000
31265827540 0.040592 0.083201 2.982195 1.000000 0.039531 0.152798 3.020293 1.000000 0.054032 0.517827 3.004721 1.000000 0.065268 0.699563 2.963942 1.000000 -0.118384 0.407341 3.005609 1.000000 -0.173075 0.136228 2.993647 1.000000 -0.181043 -0.078153 2.937698 1.000000 -0.176329 -0.181065 2.921504 1.000000 0.230268 0.402136 3.035340 1.000000 0.260570 0.129174 3.075817 1.000000 0.263149 -0.097461 3.029391 1.000000 0.254943 -0.200497 3.015556 1.000000 -0.039781 0.007901 2.966820 1.000000 -0.092743 -0.499414 3.100657 1.000000 -0.136460 -0.845281 3.106964 1.000000 -0.170084 -0.937168 3.047016 1.000000 0.116167 0.001261 2.985481 1.000000 0.110689 -0.509914 3.106457 1.000000 0.125805 -0.872895 3.096582 1.000000 0.144440 -0.962781 3.046264 1.000000
31265860476 0.041716 0.082822 2.982769 1.000000 0.040140 0.152511 3.020533 1.000000 0.054044 0.517707 3.004814 1.000000 0.065690 0.698999 2.963878 1.000000 -0.117061 0.407563 3.005410 1.000000 -0.169841 0.134404 2.978772 1.000000 -0.174887 -0.081404 2.930024 1.000000 -0.168377 -0.183727 2.910800 1.000000 0.230640 0.401723 3.037433 1.000000 0.258105 0.128894 3.069442 1.000000 0.261647 -0.102207 3.020895 1.000000 0.253183 -0.205410 3.008267 1.000000 -0.037869 0.007444 2.967538 1.000000 -0.093239 -0.498859 3.100591 1.000000 -0.135834 -0.849265 3.104729 1.000000 -0.171445 -0.940505 3.044910 1.000000 0.117241 0.001249 2.986041 1.000000 0.110751 -0.509848 3.106317 1.000000 0.125750 -0.872904 3.096775 1.000000 0.143522 -0.959951 3.044347 1.000000
31265894343 0.042474 0.082658 2.983155 1.000000 0.040762 0.152252 3.020819 1.000000 0.054283 0.517144 3.005575 1.000000 0.065998 0.698076 2.962793 1.000000 -0.116509 0.407711 3.005514 1.000000 -0.168780 0.133353 2.974642 1.000000 -0.172189 -0.080920 2.917298 1.000000 -0.162356 -0.181102 2.889756 1.000000 0.231134 0.401534 3.038288 1.000000 0.258833 0.129546 3.068212 1.000000 0.261312 -0.102646 3.014058 1.000000 0.252814 -0.206125 3.003497 1.000000 -0.037027 0.007179 2.967815 1.000000 -0.093778 -0.496409 3.099049 1.000000 -0.136806 -0.856876 3.099081 1.000000 -0.170122 -0.944673 3.044419 1.000000 0.118104 0.001254 2.986330 1.000000 0.111295 -0.509569 3.106281 1.000000 0.125967 -0.872249 3.097438 1.000000 0.142906 -0.958135 3.044460 1.000000
31265927310 0.043036 0.082409 2.984100 1.000000 0.041218 0.151761 3.021960 1.000000 0.054347 0.516127 3.007985 1.000000 0.065990 0.697671 2.962142 1.000000 -0.116368 0.408227 3.005827 1.000000 -0.169060 0.133238 2.970871 1.000000 -0.172148 -0.080092 2.909030 1.000000 -0.159760 -0.178663 2.877075 1.000000 0.231324 0.401293 3.039345 1.000000 0.260824 0.127503 3.066184 1.000000 0.261689 -0.104488 3.008924 1.000000 0.248471 -0.205816 2.987740 1.000000 -0.036554 0.006655 2.968412 1.000000 -0.096680 -0.505040 3.102073 1.000000 -0.137976 -0.860827 3.098671 1.000000 -0.170782 -0.945536 3.041707 1.000000 0.118840 0.001269 2.987217 1.000000 0.102090 -0.510081 3.108695 1.000000 0.126460 -0.871695 3.099550 1.000000 0.142340 -0.957864 3.045030 1.000000
31265960493 0.043642 0.082194 2.984902 1.000000 0.041777 0.151575 3.022714 1.000000 0.054788 0.516013 3.008476 1.000000 0.065906 0.697287 2.961616 1.000000 -0.116133 0.408207 3.005728 1.000000 -0.169410 0.133494 2.969533 1.000000 -0.171641 -0.077868 2.899601 1.000000 -0.157213 -0.175646 2.866113 1.000000 0.231476 0.401299 3.039714 1.000000 0.262212 0.125385 3.062861 1.000000 0.261878 -0.104289 3.002291 1.000000 0.247199 -0.204820 2.978453 1.000000 -0.036004 0.006402 2.968868 1.000000 -0.096568 -0.504434 3.101850 1.000000 -0.138691 -0.849094 3.103054 1.000000 -0.170039 -0.942082 3.043482 1.000000 0.119466 0.001104 2.988383 1.000000 0.102155 -0.510160 3.108914 1.000000 0.126028 -0.874742 3.101105 1.000000 0.142139 -0.957685 3.045177 1.000000
31265994574 0.044271 0.081860 2.985684 1.000000 0.042202 0.151090 3.023498 1.000000 0.054081 0.514726 3.009566 1.000000 0.065970 0.696604 2.961363 1.000000 -0.115711 0.408162 3.005790 1.000000 -0.169982 0.133937 2.967205 1.000000 -0.172245 -0.074296 2.886596 1.000000 -0.156490 -0.173293 2.857598 1.000000 0.231466 0.401302 3.039784 1.000000 0.263995 0.123785 3.057297 1.000000 0.263029 -0.101516 2.996827 1.000000 0.247141 -0.200983 2.969564 1.000000 -0.034939 0.006024 2.969768 1.000000 -0.096352 -0.503183 3.101886 1.000000 -0.138551 -0.848161 3.102193 1.000000 -0.169945 -0.941223 3.042734 1.000000 0.120165 0.001045 2.989022 1.000000 0.101592 -0.510859 3.109326 1.000000 0.126424 -0.873800 3.099752 1.000000 0.142484 -0.957558 3.047023 1.000000
31266027458 0.044398 0.081548 2.986303 1.000000 0.042258 0.150709 3.024236 1.000000 0.053722 0.514352 3.010542 1.000000 0.065915 0.696596 2.960696 1.000000 -0.115160 0.408248 3.006075 1.000000 -0.170645 0.134548 2.964142 1.000000 -0.172348 -0.073426 2.882631 1.000000 -0.155197 -0.171665 2.851913 1.000000 0.231384 0.401427 3.040090 1.000000 0.265225 0.124705 3.054761 1.000000 0.264702 -0.099548 2.994755 1.000000 0.248147 -0.198040 2.964523 1.000000 -0.034616 0.005725 2.970408 1.000000 -0.068414 -0.504849 3.109452 1.000000 -0.138244 -0.847515 3.102121 1.000000 -0.168294 -0.936426 3.035971 1.000000 0.120218 0.001011 2.989378 1.000000 0.100507 -0.510914 3.109120 1.000000 0.126780 -0.873471 3.099539 1.000000 0.142472 -0.957535 3.047023 1.000000
31266060310 0.044983 0.081592 2.987217 1.000000 0.042733 0.150696 3.025035 1.000000 0.053829 0.514046 3.010903 1.000000 0.065971 0.696447 2.961354 1.000000 -0.115186 0.408242 3.006087 1.000000 -0.170764 0.134703 2.963887 1.000000 -0.172336 -0.072927 2.881244 1.000000 -0.155071 -0.171442 2.851502 1.000000 0.231319 0.401870 3.040232 1.000000 0.267074 0.124642 3.052332 1.000000 0.266604 -0.094929 2.992797 1.000000 0.250224 -0.193458 2.962602 1.000000 -0.033841 0.005388 2.971767 1.000000 -0.082230 -0.502516 3.106544 1.000000 -0.138841 -0.852872 3.098385 1.000000 -0.169457 -0.938311 3.034752 1.000000 0.120841 0.001324 2.990066 1.000000 0.105353 -0.511680 3.112013 1.000000 0.126636 -0.873519 3.099888 1.000000 0.143353 -0.957115 3.049076 1.000000
31266094496 0.045114 0.081292 2.987834 1.000000 0.042920 0.150394 3.025599 1.000000 0.054219 0.513666 3.011284 1.000000 0.065985 0.696444 2.961389 1.000000 -0.115059 0.408254 3.006228 1.000000 -0.171118 0.134738 2.963324 1.000000 -0.172843 -0.072539 2.879547 1.000000 -0.156001 -0.171289 2.850362 1.000000 0.231082 0.402319 3.040369 1.000000 0.267915 0.124050 3.047596 1.000000 0.267411 -0.099318 2.987732 1.000000 0.252062 -0.197245 2.955145 1.000000 -0.033616 0.005037 2.972640 1.000000 -0.085669 -0.503545 3.106919 1.000000 -0.139662 -0.854193 3.097514 1.000000 -0.169621 -0.942814 3.045197 1.000000 0.120806 0.001282 2.990435 1.000000 0.104021 -0.511104 3.111987 1.000000 0.126593 -0.873449 3.099972 1.000000 0.143312 -0.956759 3.049452 1.000000
31266127367 0.045158 0.081113 2.988647 1.000000 0.043008 0.150204 3.026346 1.000000 0.054788 0.513333 3.011951 1.000000 0.065287 0.695932 2.960847 1.000000 -0.115049 0.408253 3.006236 1.000000 -0.171312 0.134621 2.962902 1.000000 -0.174588 -0.072003 2.877200 1.000000 -0.159406 -0.171137 2.848423 1.000000 0.230446 0.403183 3.040850 1.000000 0.268290 0.124306 3.046082 1.000000 0.267760 -0.099578 2.986734 1.000000 0.254385 -0.197474 2.953214 1.000000 -0.033502 0.005062 2.973541 1.000000 -0.088358 -0.501702 3.105640 1.000000 -0.138075 -0.849298 3.100234 1.000000 -0.170382 -0.942169 3.043648 1.000000 0.120590 0.001192 2.991172 1.000000 0.105918 -0.511030 3.111166 1.000000 0.126347 -0.874446 3.097724 1.000000 0.143148 -0.955879 3.049372 1.000000
31266160394 0.044923 0.080904 2.988844 1.000000 0.042897 0.149992 3.026551 1.000000 0.055300 0.513071 3.012478 1.000000 0.065240 0.695653 2.960980 1.000000 -0.114928 0.408301 3.006248 1.000000 -0.171609 0.134659 2.962519 1.000000 -0.176840 -0.072082 2.877179 1.000000 -0.164745 -0.171866 2.849212 1.000000 0.230071 0.403432 3.040732 1.000000 0.268562 0.124500 3.044447 1.000000 0.268868 -0.099328 2.986124 1.000000 0.256353 -0.197295 2.952490 1.000000 -0.033719 0.005016 2.973818 1.000000 -0.090908 -0.502319 3.105722 1.000000 -0.137976 -0.852701 3.100588 1.000000 -0.170738 -0.942253 3.044276 1.000000 0.119977 0.001071 2.991202 1.000000 0.105002 -0.511561 3.110983 1.000000 0.126411 -0.875147 3.096339 1.000000 0.143190 -0.956838 3.049872 1.000000
31266194322 0.044532 0.080652 2.989135 1.000000 0.042602 0.149664 3.027013 1.000000 0.055677 0.512772 3.013712 1.000000 0.065352 0.695223 2.960621 1.000000 -0.114665 0.408384 3.006262 1.000000 -0.174455 0.130294 2.960704 1.000000 -0.184177 -0.077038 2.877456 1.000000 -0.172913 -0.177751 2.852669 1.000000 0.229827 0.403722 3.040806 1.000000 0.269049 0.123928 3.042593 1.000000 0.269792 -0.099626 2.985303 1.000000 0.257839 -0.197853 2.952242 1.000000 -0.034082 0.004906 2.974039 1.000000 -0.093393 -0.506703 3.107743 1.000000 -0.137885 -0.868229 3.095577 1.000000 -0.171197 -0.944758 3.043531 1.000000 0.119286 0.001008 2.991344 1.000000 0.104091 -0.512916 3.111143 1.000000 0.126408 -0.875196 3.096392 1.000000 0.143467 -0.955159 3.052576 1.000000
31266227445 0.044166 0.080408 2.989558 1.000000 0.042301 0.149365 3.027431 1.000000 0.055628 0.511943 3.013779 1.000000 0.065241 0.694531 2.961124 1.000000 -0.114526 0.408344 3.006155 1.000000 -0.175541 0.127788 2.960307 1.000000 -0.188758 -0.079548 2.877541 1.000000 -0.181389 -0.181802 2.857863 1.000000 0.229443 0.404056 3.040686 1.000000 0.269334 0.124517 3.041352 1.000000 0.271535 -0.099587 2.985977 1.000000 0.265609 -0.199202 2.955333 1.000000 -0.034419 0.004893 2.974499 1.000000 -0.067741 -0.511029 3.109300 1.000000 -0.138893 -0.841165 3.111129 1.000000 -0.166641 -0.930742 3.044818 1.000000 0.118702 0.000800 2.991839 1.000000 0.103435 -0.511720 3.111598 1.000000 0.125862 -0.875120 3.096102 1.000000 0.143359 -0.955110 3.052930 1.000000
31266260379 0.043614 0.080324 2.989635 1.000000 0.041838 0.149269 3.027447 1.000000 0.055296 0.511520 3.013379 1.000000 0.065250 0.694465 2.960986 1.000000 -0.114219 0.408505 3.006354 1.000000 -0.176475 0.127033 2.960725 1.000000 -0.192011 -0.080927 2.880221 1.000000 -0.186728 -0.183994 2.864138 1.000000 0.229269 0.404041 3.040742 1.000000 0.269289 0.125259 3.040392 1.000000 0.272398 -0.099574 2.986092 1.000000 0.273850 -0.201219 2.962098 1.000000 -0.035151 0.005519 2.975085 1.000000 -0.084841 -0.501479 3.103442 1.000000 -0.138004 -0.840170 3.111851 1.000000 -0.167483 -0.931016 3.048033 1.000000 0.117810 0.000447 2.991631 1.000000 0.103168 -0.513507 3.112028 1.000000 0.126502 -0.874276 3.099782 1.000000 0.142201 -0.954113 3.052180 1.000000
31266293537 0.043041 0.079876 2.989745 1.000000 0.041496 0.148928 3.027433 1.000000 0.055832 0.510966 3.012976 1.000000 0.065627 0.693635 2.961844 1.000000 -0.113897 0.408601 3.006362 1.000000 -0.178629 0.124852 2.961782 1.000000 -0.197225 -0.086082 2.889090 1.000000 -0.193920 -0.189390 2.873700 1.000000 0.228852 0.403904 3.040822 1.000000 0.269401 0.125649 3.039300 1.000000 0.272916 -0.099269 2.986175 1.000000 0.275971 -0.201147 2.963116 1.000000 -0.035636 0.005489 2.975191 1.000000 -0.089268 -0.503001 3.104856 1.000000 -0.137668 -0.841364 3.108652 1.000000 -0.168359 -0.933090 3.046670 1.000000 0.116622 -0.000158 2.991913 1.000000 0.107481 -0.511092 3.111361 1.000000 0.127586 -0.875299 3.099046 1.000000 0.141970 -0.954576 3.051034 1.000000
31266327332 0.042766 0.079885 2.989885 1.000000 0.041343 0.148915 3.027537 1.000000 0.056092 0.510947 3.013258 1.000000 0.065695 0.693724 2.961936 1.000000 -0.113714 0.408640 3.006501 1.000000 -0.181559 0.122102 2.963892 1.000000 -0.201563 -0.089068 2.895395 1.000000 -0.200569 -0.193357 2.888915 1.000000 0.228637 0.404407 3.040903 1.000000 0.269509 0.125467 3.038538 1.000000 0.277835 -0.095448 2.987815 1.000000 0.278515 -0.197494 2.965336 1.000000 -0.036034 0.005788 2.975393 1.000000 -0.092487 -0.500554 3.103483 1.000000 -0.137617 -0.841143 3.108091 1.000000 -0.168502 -0.933355 3.046911 1.000000 0.116138 -0.000197 2.991971 1.000000 0.108441 -0.511180 3.111161 1.000000 0.127579 -0.875335 3.099182 1.000000 0.141436 -0.955205 3.051008 1.000000
31266360507 0.041946 0.079259 2.990166 1.000000 0.040700 0.148367 3.027691 1.000000 0.055984 0.510657 3.013182 1.000000 0.065308 0.692075 2.961303 1.000000 -0.113619 0.408572 3.006387 1.000000 -0.183566 0.121756 2.967580 1.000000 -0.205310 -0.091944 2.906414 1.000000 -0.205551 -0.196207 2.898733 1.000000 0.227974 0.404579 3.040495 1.000000 0.269534 0.125484 3.038494 1.000000 0.281684 -0.098936 2.992583 1.000000 0.280427 -0.199894 2.965456 1.000000 -0.036893 0.005319 2.976021 1.000000 -0.093040 -0.501208 3.103830 1.000000 -0.137451 -0.841741 3.107497 1.000000 -0.169180 -0.935031 3.048400 1.000000 0.115288 -0.000506 2.992019 1.000000 0.108185 -0.511408 3.111410 1.000000 0.127631 -0.875188 3.098582 1.000000 0.141295 -0.955224 3.051000 1.000000
31266393494 0.041647 0.079074 2.990299 1.000000 0.040522 0.148209 3.027716 1.000000 0.056031 0.510531 3.013137 1.000000 0.065251 0.692078 2.961152 1.000000 -0.113361 0.408582 3.006543 1.000000 -0.185013 0.120861 2.970485 1.000000 -0.206809 -0.095618 2.913727 1.000000 -0.209773 -0.200077 2.916632 1.000000 0.227820 0.404559 3.040296 1.000000 0.269693 0.125687 3.038540 1.000000 0.285606 -0.090640 2.993159 1.000000 0.285328 -0.192965 2.971749 1.000000 -0.037261 0.005227 2.976350 1.000000 -0.093204 -0.501225 3.103979 1.000000 -0.139555 -0.849944 3.098822 1.000000 -0.170563 -0.939147 3.045412 1.000000 0.114934 -0.000587 2.992037 1.000000 0.105144 -0.512222 3.111529 1.000000 0.128638 -0.876063 3.095169 1.000000 0.141366 -0.955516 3.050988 1.000000
31266427353 0.041276 0.079373 2.990468 1.000000 0.040221 0.148372 3.027843 1.000000 0.055838 0.510282 3.013419 1.000000 0.064215 0.691033 2.960884 1.000000 -0.113455 0.408626 3.006643 1.000000 -0.186819 0.121772 2.974799 1.000000 -0.209162 -0.096014 2.929797 1.000000 -0.211668 -0.200458 2.926211 1.000000 0.227789 0.404588 3.040279 1.000000 0.269670 0.125759 3.038685 1.000000 0.285758 -0.090666 2.993783 1.000000 0.286194 -0.192931 2.972116 1.000000 -0.037820 0.006019 2.976456 1.000000 -0.098159 -0.479040 3.097317 1.000000 -0.139512 -0.849916 3.098852 1.000000 -0.172014 -0.948833 3.058580 1.000000 0.114669 -0.000599 2.992133 1.000000 0.104382 -0.511408 3.111290 1.000000 0.128474 -0.875453 3.096154 1.000000 0.141366 -0.955596 3.050983 1.000000
31266460231 0.040362 0.079716 2.990668 1.000000 0.039400 0.148591 3.027747 1.000000 0.054916 0.509195 3.012488 1.000000 0.062208 0.673774 2.950765 1.000000 -0.113324 0.408668 3.006633 1.000000 -0.187226 0.123123 2.976997 1.000000 -0.208964 -0.096390 2.931208 1.000000 -0.211167 -0.200851 2.928215 1.000000 0.227553 0.404694 3.040376 1.000000 0.270155 0.125422 3.038956 1.000000 0.286800 -0.091914 2.996742 1.000000 0.287896 -0.194006 2.974338 1.000000 -0.039195 0.007199 2.977274 1.000000 -0.106308 -0.436614 3.082342 1.000000 -0.108830 -0.740913 3.148689 1.000000 -0.138241 -0.839586 3.097677 1.000000 0.113909 -0.000439 2.992191 1.000000 0.110463 -0.475343 3.099837 1.000000 0.127534 -0.874910 3.095462 1.000000 0.139726 -0.954545 3.046767 1.000000
31266493474 0.040068 0.079748 2.990859 1.000000 0.039247 0.148615 3.027715 1.000000 0.055059 0.509082 3.012478 1.000000 0.062511 0.680762 2.952636 1.000000 -0.113144 0.408730 3.006623 1.000000 -0.187462 0.123282 2.980535 1.000000 -0.210216 -0.095808 2.938205 1.000000 -0.211738 -0.200294 2.935951 1.000000 0.227375 0.404794 3.040173 1.000000 0.270371 0.125474 3.039338 1.000000 0.288390 -0.091541 2.999356 1.000000 0.290606 -0.193967 2.978649 1.000000 -0.039482 0.007442 2.977568 1.000000 -0.097046 -0.507324 3.106024 1.000000 -0.135986 -0.851074 3.099649 1.000000 -0.169940 -0.942611 3.045046 1.000000 0.113315 -0.000453 2.992404 1.000000 0.115678 -0.505342 3.103151 1.000000 0.129339 -0.873582 3.096877 1.000000 0.140013 -0.954551 3.047539 1.000000
31266527337 0.039525 0.079640 2.991135 1.000000 0.038766 0.148610 3.027655 1.000000 0.054656 0.509158 3.012027 1.000000 0.063580 0.685813 2.955346 1.000000 -0.112681 0.409014 3.006813 1.000000 -0.187157 0.124510 2.984451 1.000000 -0.212460 -0.097227 2.942484 1.000000 -0.212019 -0.201636 2.936766 1.000000 0.227255 0.404818 3.040148 1.000000 0.271038 0.125081 3.040669 1.000000 0.289177 -0.091873 2.999961 1.000000 0.290565 -0.194626 2.980619 1.000000 -0.039796 0.007517 2.977857 1.000000 -0.097181 -0.507034 3.105861 1.000000 -0.136220 -0.849301 3.100025 1.000000 -0.170807 -0.943065 3.045315 1.000000 0.112518 -0.000572 2.992917 1.000000 0.116036 -0.504976 3.104182 1.000000 0.129282 -0.873476 3.096358 1.000000 0.140578 -0.955483 3.049462 1.000000
31266560490 0.039465 0.079488 2.991319 1.000000 0.038832 0.148573 3.027506 1.000000 0.054784 0.509207 3.011736 1.000000 0.063383 0.689048 2.956737 1.000000 -0.112385 0.409424 3.006778 1.000000 -0.186398 0.124014 2.988276 1.000000 -0.216912 -0.095886 2.948298 1.000000 -0.214886 -0.200180 2.940457 1.000000 0.226869 0.404813 3.039263 1.000000 0.271106 0.125154 3.040808 1.000000 0.289955 -0.092996 3.001206 1.000000 0.290713 -0.195403 2.979871 1.000000 -0.039777 0.007183 2.978235 1.000000 -0.085891 -0.516272 3.109160 1.000000 -0.138521 -0.866011 3.090005 1.000000 -0.174237 -0.946401 3.042610 1.000000 0.112394 -0.000537 2.993155 1.000000 0.115970 -0.507776 3.106211 1.000000 0.129369 -0.873555 3.097404 1.000000 0.140986 -0.955223 3.049829 1.000000
31266592359 0.039439 0.079125 2.991505 1.000000 0.038804 0.148392 3.027279 1.000000 0.054341 0.509153 3.011063 1.000000 0.063897 0.688861 2.956736 1.000000 -0.112237 0.409411 3.006762 1.000000 -0.187030 0.122282 2.994075 1.000000 -0.223565 -0.094326 2.953813 1.000000 -0.220282 -0.198218 2.941628 1.000000 0.226771 0.404867 3.038996 1.000000 0.271324 0.125369 3.040997 1.000000 0.290446 -0.093444 3.001934 1.000000 0.294701 -0.196018 2.981600 1.000000 -0.039582 0.006562 2.979103 1.000000 -0.091647 -0.507297 3.106789 1.000000 -0.137710 -0.859699 3.092884 1.000000 -0.173651 -0.943047 3.042207 1.000000 0.112403 -0.000648 2.993171 1.000000 0.115078 -0.508540 3.106491 1.000000 0.129275 -0.873227 3.098227 1.000000 0.141023 -0.955306 3.049351 1.000000
31266624072 0.039563 0.079252 2.991404 1.000000 0.038899 0.148496 3.026862 1.000000 0.053853 0.508785 3.010457 1.000000 0.060647 0.677303 2.957186 1.000000 -0.112396 0.409223 3.006741 1.000000 -0.186929 0.122106 2.996832 1.000000 -0.230459 -0.091540 2.957724 1.000000 -0.237363 -0.191033 2.945416 1.000000 0.226459 0.404665 3.038673 1.000000 0.272342 0.125078 3.043950 1.000000 0.295455 -0.093963 3.004775 1.000000 0.299455 -0.195735 2.980536 1.000000 -0.039379 0.006769 2.979052 1.000000 -0.096649 -0.465434 3.091266 1.000000 -0.137264 -0.860646 3.092734 1.000000 -0.172025 -0.943522 3.043606 1.000000 0.112789 -0.000516 2.992935 1.000000 0.106941 -0.499311 3.103310 1.000000 0.128855 -0.873526 3.098934 1.000000 0.140900 -0.954801 3.048817 1.000000
31266655925 0.039913 0.080298 2.991283 1.000000 0.039231 0.149006 3.026455 1.000000 0.054122 0.508018 3.010187 1.000000 0.060663 0.669881 2.951470 1.000000 -0.112542 0.409075 3.007389 1.000000 -0.189390 0.124030 3.000702 1.000000 -0.246743 -0.086669 2.964146 1.000000 -0.257876 -0.168767 2.942696 1.000000 0.226181 0.404697 3.038417 1.000000 0.272517 0.125284 3.044493 1.000000 0.299233 -0.091998 3.007823 1.000000 0.314971 -0.192943 2.984794 1.000000 -0.038967 0.008621 2.978751 1.000000 -0.109483 -0.436290 3.076602 1.000000 -0.129632 -0.744663 3.125387 1.000000 -0.151398 -0.848971 3.082346 1.000000 0.113181 0.000106 2.992868 1.000000 0.105438 -0.453567 3.088757 1.000000 0.128411 -0.872626 3.099038 1.000000 0.141209 -0.955702 3.050936 1.000000
31266688715 0.039934 0.080195 2.991417 1.000000 0.039360 0.149027 3.026215 1.000000 0.055515 0.508403 3.009880 1.000000 0.063100 0.678670 2.950778 1.000000 -0.112659 0.409016 3.007445 1.000000 -0.193406 0.130037 3.003524 1.000000 -0.254995 -0.079398 2.966054 1.000000 -0.267140 -0.181316 2.945032 1.000000 0.225998 0.404840 3.038207 1.000000 0.273916 0.126517 3.046412 1.000000 0.320955 -0.087338 3.015932 1.000000 0.328004 -0.188117 2.988171 1.000000 -0.039112 0.008140 2.979273 1.000000 -0.061462 -0.510742 3.113855 1.000000 -0.135254 -0.862793 3.109426 1.000000 -0.171247 -0.943246 3.042412 1.000000 0.113175 0.000106 2.992904 1.000000 0.112488 -0.510254 3.109949 1.000000 0.128334 -0.872670 3.098484 1.000000 0.141902 -0.955384 3.051815 1.000000
31266721403 0.039961 0.080262 2.991515 1.000000 0.039517 0.149116 3.025937 1.000000 0.055607 0.508395 3.009630 1.000000 0.063389 0.680945 2.950370 1.000000 -0.112953 0.408840 3.008001 1.000000 -0.198032 0.131827 3.005589 1.000000 -0.268929 -0.074685 2.968142 1.000000 -0.297759 -0.174519 2.954483 1.000000 0.225671 0.404700 3.037723 1.000000 0.276472 0.128508 3.049486 1.000000 0.340332 -0.082266 3.017482 1.000000 0.357304 -0.183209 2.994963 1.000000 -0.039096 0.008147 2.979414 1.000000 -0.087313 -0.497817 3.104734 1.000000 -0.138146 -0.854323 3.109428 1.000000 -0.171080 -0.941908 3.042692 1.000000 0.113232 0.000271 2.993084 1.000000 0.112615 -0.510347 3.109828 1.000000 0.127769 -0.873051 3.099637 1.000000 0.142048 -0.955203 3.050853 1.000000
31266753159 0.039985 0.080493 2.991571 1.000000 0.039597 0.149458 3.025661 1.000000 0.055635 0.509076 3.009485 1.000000 0.063708 0.682363 2.949566 1.000000 -0.113224 0.408808 3.008194 1.000000 -0.206817 0.137325 3.007532 1.000000 -0.294719 -0.061575 2.962871 1.000000 -0.322312 -0.160155 2.940419 1.000000 0.225418 0.405340 3.037721 1.000000 0.279818 0.131359 3.051754 1.000000 0.355446 -0.078316 3.023492 1.000000 0.374326 -0.174117 2.994619 1.000000 -0.039125 0.008511 2.979644 1.000000 -0.067386 -0.510239 3.111101 1.000000 -0.138299 -0.854740 3.108642 1.000000 -0.171266 -0.942386 3.041986 1.000000 0.113297 0.000380 2.993048 1.000000 0.113662 -0.509314 3.109513 1.000000 0.127612 -0.872867 3.100008 1.000000 0.141790 -0.954941 3.050853 1.000000
31266784823 0.039804 0.080850 2.991745 1.000000 0.039610 0.149819 3.025425 1.000000 0.055847 0.509321 3.009205 1.000000 0.063303 0.685391 2.949883 1.000000 -0.113880 0.408664 3.008734 1.000000 -0.218600 0.147285 3.009903 1.000000 -0.322008 -0.044523 2.962121 1.000000 -0.349443 -0.141397 2.932925 1.000000 0.224792 0.405763 3.037472 1.000000 0.290363 0.134935 3.057126 1.000000 0.379705 -0.084501 3.021055 1.000000 0.395260 -0.175995 2.997192 1.000000 -0.039513 0.008787 2.980149 1.000000 -0.086898 -0.503626 3.107839 1.000000 -0.138300 -0.855560 3.106867 1.000000 -0.171428 -0.942607 3.041699 1.000000 0.113094 0.000942 2.993106 1.000000 0.111400 -0.507403 3.109622 1.000000 0.127274 -0.873408 3.099077 1.000000 0.141783 -0.954946 3.050930 1.000000
31266827456 0.039670 0.081006 2.992136 1.000000 0.039580 0.150005 3.025355 1.000000 0.055827 0.509347 3.009184 1.000000 0.063591 0.686544 2.949883 1.000000 -0.114880 0.408407 3.009282 1.000000 -0.227437 0.155240 3.010819 1.000000 -0.338464 -0.032231 2.968791 1.000000 -0.382568 -0.103088 2.945839 1.000000 0.224560 0.406120 3.037687 1.000000 0.301182 0.141864 3.064313 1.000000 0.405623 -0.069775 3.027913 1.000000 0.435019 -0.162957 2.996669 1.000000 -0.039817 0.008750 2.980767 1.000000 -0.067446 -0.524303 3.113920 1.000000 -0.138089 -0.863195 3.101166 1.000000 -0.171407 -0.943213 3.041111 1.000000 0.113070 0.001050 2.993446 1.000000 0.108597 -0.507384 3.110172 1.000000 0.127444 -0.873325 3.099115 1.000000 0.141506 -0.954203 3.050001 1.000000
31266860276 0.039403 0.081300 2.992412 1.000000 0.039429 0.150266 3.025256 1.000000 0.055803 0.509330 3.009221 1.000000 0.063219 0.686410 2.949795 1.000000 -0.115295 0.407981 3.009639 1.000000 -0.238593 0.164455 3.011335 1.000000 -0.368892 -0.016258 2.967704 1.000000 -0.428334 -0.043994 2.926462 1.000000 0.224483 0.406114 3.037786 1.000000 0.317068 0.142501 3.071340 1.000000 0.432727 -0.043342 3.038136 1.000000 0.459558 -0.133031 2.990963 1.000000 -0.040379 0.009167 2.981128 1.000000 -0.090437 -0.502847 3.102704 1.000000 -0.137685 -0.862537 3.099899 1.000000 -0.170839 -0.942656 3.043946 1.000000 0.112984 0.001128 2.993598 1.000000 0.109089 -0.506447 3.109125 1.000000 0.127426 -0.872664 3.098365 1.000000 0.141472 -0.954167 3.050030 1.000000
31266894520 0.039158 0.081768 2.992530 1.000000 0.039375 0.150663 3.024762 1.000000 0.056032 0.508460 3.007533 1.000000 0.061066 0.684187 2.950058 1.000000 -0.116245 0.407655 3.010032 1.000000 -0.246258 0.183316 3.015396 1.000000 -0.392300 0.013642 2.967373 1.000000 -0.449951 -0.057404 2.953652 1.000000 0.224447 0.406089 3.037867 1.000000 0.334781 0.148363 3.075574 1.000000 0.454508 -0.034376 3.037978 1.000000 0.496847 -0.120053 2.994910 1.000000 -0.040983 0.009730 2.981321 1.000000 -0.091397 -0.495349 3.101726 1.000000 -0.138214 -0.862666 3.098510 1.000000 -0.168202 -0.947626 3.053710 1.000000 0.112885 0.001227 2.993853 1.000000 0.112632 -0.497736 3.103052 1.000000 0.127463 -0.871883 3.097716 1.000000 0.141820 -0.954069 3.051558 1.000000
31266927427 0.038802 0.082494 2.992855 1.000000 0.039180 0.151172 3.024490 1.000000 0.055836 0.508209 3.007444 1.000000 0.059532 0.669824 2.942094 1.000000 -0.117144 0.407445 3.010664 1.000000 -0.269657 0.193958 3.012795 1.000000 -0.417807 0.030077 2.976670 1.000000 -0.491989 -0.043518 2.968004 1.000000 0.224442 0.405933 3.037977 1.000000 0.344187 0.158160 3.076938 1.000000 0.493609 -0.002066 3.045534 1.000000 0.523438 -0.068298 3.018106 1.000000 -0.041891 0.010517 2.981605 1.000000 -0.092834 -0.445801 3.084571 1.000000 -0.137180 -0.863611 3.098037 1.000000 -0.167343 -0.937318 3.049591 1.000000 0.112921 0.001443 2.994195 1.000000 0.112711 -0.486122 3.100711 1.000000 0.126565 -0.872073 3.093872 1.000000 0.141354 -0.954229 3.051273 1.000000
31266961219 0.038503 0.083969 2.992889 1.000000 0.038957 0.152598 3.023887 1.000000 0.055944 0.508810 3.006789 1.000000 0.059816 0.676824 2.942813 1.000000 -0.118491 0.408135 3.010953 1.000000 -0.281785 0.198567 3.013273 1.000000 -0.456890 0.067057 2.980522 1.000000 -0.525584 -0.008649 2.957037 1.000000 0.224822 0.405817 3.038691 1.000000 0.364438 0.170931 3.080524 1.000000 0.513010 0.010966 3.041319 1.000000 0.578673 -0.062310 3.004976 1.000000 -0.042376 0.011060 2.981533 1.000000 -0.045203 -0.436117 3.091136 1.000000 -0.131634 -0.855935 3.101123 1.000000 -0.168073 -0.942837 3.052074 1.000000 0.112888 0.002377 2.994524 1.000000 0.113752 -0.493508 3.102817 1.000000 0.126641 -0.873329 3.097766 1.000000 0.141548 -0.954321 3.051379 1.000000
31266994541 0.038351 0.084522 2.992802 1.000000 0.039054 0.153205 3.023381 1.000000 0.056415 0.509411 3.006748 1.000000 0.060240 0.680016 2.943626 1.000000 -0.119515 0.408098 3.012862 1.000000 -0.302372 0.208988 3.010926 1.000000 -0.477318 0.076496 2.983865 1.000000 -0.560449 0.020067 2.953620 1.000000 0.225160 0.405867 3.039248 1.000000 0.401078 0.176375 3.083277 1.000000 0.552968 0.018753 3.049163 1.000000 0.598145 0.002117 3.031779 1.000000 -0.042903 0.011584 2.981457 1.000000 -0.091125 -0.492920 3.100199 1.000000 -0.137473 -0.864051 3.099175 1.000000 -0.169960 -0.941834 3.048235 1.000000 0.112861 0.002532 2.994432 1.000000 0.114419 -0.495798 3.104018 1.000000 0.126734 -0.873340 3.097866 1.000000 0.141528 -0.954316 3.051368 1.000000
31267027539 0.038177 0.086025 2.992704 1.000000 0.038985 0.154343 3.022788 1.000000 0.056527 0.509356 3.006376 1.000000 0.059815 0.682873 2.942763 1.000000 -0.121487 0.408787 3.013567 1.000000 -0.330985 0.221790 3.014709 1.000000 -0.521728 0.112359 2.998265 1.000000 -0.584473 0.081482 2.975138 1.000000 0.225295 0.406043 3.040063 1.000000 0.407892 0.182816 3.087382 1.000000 0.585740 0.055564 3.050822 1.000000 0.621066 0.029171 3.040114 1.000000 -0.043349 0.012257 2.981647 1.000000 -0.062073 -0.496856 3.103199 1.000000 -0.135895 -0.854068 3.102091 1.000000 -0.169918 -0.939911 3.045306 1.000000 0.112924 0.003639 2.994143 1.000000 0.114857 -0.498592 3.105525 1.000000 0.126814 -0.872833 3.098647 1.000000 0.141489 -0.954408 3.051615 1.000000
31267061480 0.037734 0.087687 2.992951 1.000000 0.038600 0.155680 3.022580 1.000000 0.056292 0.509351 3.006382 1.000000 0.059952 0.685123 2.944180 1.000000 -0.123184 0.410241 3.015094 1.000000 -0.342339 0.235285 3.015291 1.000000 -0.536988 0.132874 3.004405 1.000000 -0.602847 0.110139 2.988502 1.000000 0.225868 0.406895 3.041434 1.000000 0.427574 0.215747 3.087991 1.000000 0.601227 0.081369 3.061785 1.000000 0.645996 0.079651 3.047405 1.000000 -0.043873 0.012918 2.981749 1.000000 -0.082488 -0.500141 3.101268 1.000000 -0.136563 -0.877478 3.093483 1.000000 -0.170509 -0.948653 3.037604 1.000000 0.112812 0.004959 2.994394 1.000000 0.115055 -0.498539 3.105431 1.000000 0.126754 -0.873699 3.097495 1.000000 0.142195 -0.954157 3.050955 1.000000
31267094685 0.037561 0.088191 2.993034 1.000000 0.038389 0.156275 3.022235 1.000000 0.056035 0.509666 3.006206 1.000000 0.059776 0.686086 2.944436 1.000000 -0.124606 0.410186 3.014954 1.000000 -0.366027 0.255373 3.021832 1.000000 -0.570075 0.173451 3.001732 1.000000 -0.638672 0.152588 2.992718 1.000000 0.226046 0.406993 3.041813 1.000000 0.429164 0.228850 3.086967 1.000000 0.624546 0.127774 3.071736 1.000000 0.663891 0.119340 3.054746 1.000000 -0.044360 0.013375 2.981674 1.000000 -0.084336 -0.497631 3.100504 1.000000 -0.136534 -0.872210 3.094229 1.000000 -0.171332 -0.947318 3.039759 1.000000 0.112852 0.005032 2.994565 1.000000 0.115199 -0.498576 3.105182 1.000000 0.125700 -0.874142 3.094648 1.000000 0.142232 -0.954134 3.051033 1.000000
31267128632 0.037160 0.088882 2.992563 1.000000 0.037986 0.156835 3.021343 1.000000 0.054877 0.508860 3.005154 1.000000 0.059218 0.680751 2.946621 1.000000 -0.127092 0.410125 3.014802 1.000000 -0.371044 0.272117 3.021665 1.000000 -0.580994 0.206545 3.003343 1.000000 -0.627930 0.206543 2.996624 1.000000 0.226123 0.406311 3.041553 1.000000 0.446472 0.250249 3.083337 1.000000 0.645671 0.157604 3.082044 1.000000 0.697266 0.163208 3.064984 1.000000 -0.045219 0.014022 2.980831 1.000000 -0.087596 -0.496700 3.098178 1.000000 -0.136663 -0.872258 3.094317 1.000000 -0.171844 -0.945588 3.040400 1.000000 0.112848 0.005057 2.994509 1.000000 0.115022 -0.497840 3.104033 1.000000 0.125236 -0.874762 3.100307 1.000000 0.141567 -0.952542 3.047816 1.000000
31267161300 0.036311 0.092318 2.991607 1.000000 0.037084 0.159155 3.020238 1.000000 0.053641 0.508175 3.004706 1.000000 0.056500 0.671833 2.947609 1.000000 -0.129656 0.410866 3.014679 1.000000 -0.386992 0.294250 3.024472 1.000000 -0.602898 0.252289 3.004970 1.000000 -0.677226 0.263278 2.985800 1.000000 0.227606 0.405320 3.041937 1.000000 0.456756 0.267631 3.082548 1.000000 0.671073 0.219718 3.083057 1.000000 0.710393 0.210857 3.068874 1.000000 -0.046798 0.015745 2.979112 1.000000 -0.091599 -0.476495 3.095709 1.000000 -0.132046 -0.836058 3.109499 1.000000 -0.163661 -0.926863 3.046537 1.000000 0.113075 0.006609 2.994280 1.000000 0.115534 -0.492137 3.102721 1.000000 0.125433 -0.874729 3.099442 1.000000 0.141836 -0.952776 3.047270 1.000000
31267205745 0.036242 0.094173 2.990589 1.000000 0.036844 0.160595 3.019172 1.000000 0.053392 0.508068 3.004534 1.000000 0.056290 0.672591 2.944452 1.000000 -0.134665 0.412465 3.013908 1.000000 -0.418503 0.330985 3.026072 1.000000 -0.635745 0.295837 3.014781 1.000000 -0.740568 0.291662 3.013120 1.000000 0.229476 0.405458 3.042655 1.000000 0.474546 0.300727 3.094278 1.000000 0.691532 0.269741 3.100820 1.000000 0.750977 0.255127 3.087445 1.000000 -0.047852 0.017020 2.977154 1.000000 -0.091725 -0.478899 3.096275 1.000000 -0.134698 -0.853315 3.099557 1.000000 -0.167652 -0.940763 3.039307 1.000000 0.113573 0.006874 2.993823 1.000000 0.115158 -0.492197 3.102220 1.000000 0.124699 -0.874009 3.090351 1.000000 0.141281 -0.952935 3.047699 1.000000
31267238727 0.036210 0.099129 2.990243 1.000000 0.036848 0.164686 3.019084 1.000000 0.053210 0.508579 3.005350 1.000000 0.055625 0.678477 2.938191 1.000000 -0.139920 0.417039 3.015522 1.000000 -0.419499 0.353414 3.030279 1.000000 -0.638981 0.366382 3.006634 1.000000 -0.743505 0.375319 3.005080 1.000000 0.234177 0.408336 3.043613 1.000000 0.509766 0.336670 3.095768 1.000000 0.726057 0.323757 3.121301 1.000000 0.800052 0.328229 3.144069 1.000000 -0.049060 0.019440 2.975982 1.000000 -0.080311 -0.486699 3.100489 1.000000 -0.134297 -0.847953 3.102314 1.000000 -0.167577 -0.938851 3.040340 1.000000 0.114512 0.008772 2.993373 1.000000 0.115194 -0.492254 3.102310 1.000000 0.124720 -0.874010 3.090235 1.000000 0.141285 -0.952890 3.047546 1.000000
31267271590 0.036189 0.103251 2.990379 1.000000 0.036602 0.168345 3.019328 1.000000 0.053085 0.509312 3.006073 1.000000 0.056031 0.681929 2.937403 1.000000 -0.142152 0.419689 3.016228 1.000000 -0.430828 0.373054 3.036342 1.000000 -0.646261 0.416236 3.009355 1.000000 -0.750248 0.429771 3.012640 1.000000 0.238667 0.413771 3.047515 1.000000 0.511505 0.354209 3.095769 1.000000 0.727136 0.384055 3.115402 1.000000 0.801129 0.388528 3.138170 1.000000 -0.049813 0.022186 2.975460 1.000000 -0.072992 -0.493021 3.102094 1.000000 -0.134485 -0.847834 3.102268 1.000000 -0.168072 -0.938482 3.040083 1.000000 0.115078 0.010784 2.993306 1.000000 0.114999 -0.492180 3.101935 1.000000 0.124751 -0.874034 3.090125 1.000000 0.141172 -0.952755 3.048124 1.000000
31267303483 0.036958 0.110044 2.990719 1.000000 0.036715 0.173825 3.020090 1.000000 0.051409 0.510462 3.008017 1.000000 0.054481 0.675569 2.941547 1.000000 -0.145285 0.423022 3.016820 1.000000 -0.426226 0.388966 3.037949 1.000000 -0.642334 0.458374 3.030805 1.000000 -0.745738 0.476008 3.029846 1.000000 0.240615 0.419144 3.049541 1.000000 0.509694 0.376212 3.098374 1.000000 0.716549 0.433932 3.133721 1.000000 0.790533 0.438404 3.156485 1.000000 -0.049477 0.026355 2.974892 1.000000 -0.081660 -0.489768 3.099556 1.000000 -0.134936 -0.851443 3.101007 1.000000 -0.167592 -0.942738 3.050402 1.000000 0.117493 0.017057 2.993053 1.000000 0.114851 -0.492242 3.101630 1.000000 0.126218 -0.871539 3.093578 1.000000 0.141388 -0.952370 3.046450 1.000000
31267345394 0.036105 0.120216 2.989500 1.000000 0.035768 0.181667 3.019491 1.000000 0.050953 0.510701 3.008265 1.000000 0.052617 0.667034 2.938401 1.000000 -0.147173 0.427051 3.016639 1.000000 -0.441633 0.437621 3.034707 1.000000 -0.649167 0.510766 3.029650 1.000000 -0.723692 0.529557 3.019459 1.000000 0.241522 0.423010 3.050626 1.000000 0.485849 0.398542 3.096264 1.000000 0.693346 0.459348 3.124709 1.000000 0.767880 0.480496 3.121824 1.000000 -0.051802 0.038229 2.972341 1.000000 -0.100073 -0.409196 3.069910 1.000000 -0.130661 -0.835775 3.090688 1.000000 -0.166165 -0.935537 3.048284 1.000000 0.117952 0.024812 2.991703 1.000000 0.111208 -0.482707 3.098250 1.000000 0.126325 -0.870979 3.094461 1.000000 0.140336 -0.951981 3.047583 1.000000
31267389440 0.036685 0.122000 2.989546 1.000000 0.036199 0.183440 3.019996 1.000000 0.050298 0.511257 3.009230 1.000000 0.052101 0.667677 2.939745 1.000000 -0.149136 0.431010 3.017690 1.000000 -0.439941 0.474079 3.040294 1.000000 -0.642159 0.558212 3.004071 1.000000 -0.716684 0.577002 2.993880 1.000000 0.246095 0.430408 3.051758 1.000000 0.500000 0.452637 3.095767 1.000000 0.703613 0.529297 3.156781 1.000000 0.803402 0.561446 3.153440 1.000000 -0.051534 0.038749 2.972219 1.000000 -0.082581 -0.489502 3.098251 1.000000 -0.132464 -0.864431 3.090899 1.000000 -0.167832 -0.939805 3.046646 1.000000 0.119152 0.026474 2.991420 1.000000 0.111919 -0.484484 3.097864 1.000000 0.125805 -0.871190 3.095159 1.000000 0.140417 -0.951899 3.047418 1.000000
31267422441 0.037818 0.127243 2.989833 1.000000 0.037172 0.187571 3.020687 1.000000 0.050662 0.511196 3.009826 1.000000 0.051669 0.666004 2.942241 1.000000 -0.152316 0.437492 3.018618 1.000000 -0.415147 0.493044 3.032345 1.000000 -0.608940 0.597441 3.012133 1.000000 -0.683464 0.616232 3.001941 1.000000 0.249520 0.444248 3.054713 1.000000 0.500000 0.470380 3.095767 1.000000 0.690533 0.577203 3.110659 1.000000 0.790322 0.609353 3.107319 1.000000 -0.051183 0.041158 2.972363 1.000000 -0.087440 -0.489885 3.098862 1.000000 -0.133392 -0.881655 3.093778 1.000000 -0.169225 -0.944562 3.043382 1.000000 0.120631 0.031544 2.990844 1.000000 0.108084 -0.485145 3.096866 1.000000 0.130905 -0.857512 3.107641 1.000000 0.140044 -0.950284 3.048984 1.000000
31267455439 0.038215 0.133110 2.989273 1.000000 0.037792 0.192384 3.020658 1.000000 0.051199 0.511364 3.010101 1.000000 0.050017 0.663780 2.940988 1.000000 -0.153962 0.441410 3.018485 1.000000 -0.409644 0.500798 3.031035 1.000000 -0.612793 0.655762 3.000529 1.000000 -0.690221 0.725645 3.011647 1.000000 0.249147 0.446834 3.053930 1.000000 0.491337 0.497164 3.100188 1.000000 0.675682 0.607800 3.134749 1.000000 0.775470 0.639949 3.131408 1.000000 -0.051663 0.046365 2.971717 1.000000 -0.097778 -0.433105 3.072856 1.000000 -0.132120 -0.855505 3.105651 1.000000 -0.167731 -0.941397 3.044902 1.000000 0.121281 0.037803 2.989671 1.000000 0.108433 -0.479072 3.095276 1.000000 0.130573 -0.859890 3.104200 1.000000 0.139250 -0.950399 3.049223 1.000000
31267488543 0.038105 0.133875 2.989357 1.000000 0.037585 0.193455 3.021111 1.000000 0.051391 0.512461 3.010438 1.000000 0.053158 0.670477 2.938314 1.000000 -0.154946 0.444034 3.017942 1.000000 -0.402958 0.508343 3.030281 1.000000 -0.586601 0.677521 3.000529 1.000000 -0.651533 0.759879 3.002051 1.000000 0.250432 0.451646 3.054983 1.000000 0.492718 0.518263 3.093332 1.000000 0.663198 0.646074 3.135856 1.000000 0.744891 0.710858 3.147276 1.000000 -0.051760 0.046972 2.971841 1.000000 -0.068848 -0.503418 3.106059 1.000000 -0.136055 -0.858877 3.100336 1.000000 -0.167671 -0.942663 3.045231 1.000000 0.121158 0.038129 2.989675 1.000000 0.111754 -0.488768 3.098462 1.000000 0.128910 -0.864514 3.102079 1.000000 0.139438 -0.950489 3.049865 1.000000
31267520623 0.038186 0.134235 2.989427 1.000000 0.037650 0.194256 3.021323 1.000000 0.051923 0.514667 3.009558 1.000000 0.053264 0.674143 2.937466 1.000000 -0.155071 0.446072 3.016713 1.000000 -0.387898 0.551255 3.025664 1.000000 -0.552806 0.695043 2.987277 1.000000 -0.617495 0.777275 2.979968 1.000000 0.250864 0.454573 3.054578 1.000000 0.485813 0.530815 3.100209 1.000000 0.685547 0.713379 3.113811 1.000000 0.762650 0.784168 3.120457 1.000000 -0.051590 0.047133 2.972116 1.000000 -0.068526 -0.502422 3.105063 1.000000 -0.135648 -0.853095 3.102147 1.000000 -0.168722 -0.941460 3.044832 1.000000 0.121117 0.038727 2.989843 1.000000 0.111910 -0.489071 3.098444 1.000000 0.128217 -0.867210 3.099182 1.000000 0.140000 -0.951195 3.051043 1.000000
31267563650 0.038266 0.135409 2.990107 1.000000 0.037740 0.195454 3.022290 1.000000 0.052421 0.515311 3.010660 1.000000 0.052393 0.677655 2.936587 1.000000 -0.155425 0.448295 3.016607 1.000000 -0.384819 0.554718 3.020489 1.000000 -0.555416 0.798156 2.987178 1.000000 -0.597357 0.859728 2.965761 1.000000 0.251503 0.455774 3.055028 1.000000 0.453142 0.541530 3.089821 1.000000 0.614680 0.690469 3.091394 1.000000 0.682455 0.769849 3.101607 1.000000 -0.051583 0.048151 2.972776 1.000000 -0.081976 -0.490871 3.098468 1.000000 -0.135917 -0.850261 3.103485 1.000000 -0.169036 -0.940883 3.045359 1.000000 0.121092 0.039403 2.990260 1.000000 0.112329 -0.489479 3.098895 1.000000 0.127896 -0.867670 3.098454 1.000000 0.140053 -0.951229 3.051036 1.000000
31267606770 0.037973 0.137273 2.990951 1.000000 0.037585 0.196821 3.023355 1.000000 0.052742 0.514968 3.011869 1.000000 0.052432 0.670533 2.940350 1.000000 -0.155705 0.452619 3.015912 1.000000 -0.379807 0.597674 3.002616 1.000000 -0.505296 0.777919 2.973047 1.000000 -0.541422 0.876411 2.971525 1.000000 0.251910 0.459684 3.053985 1.000000 0.489258 0.601074 3.099671 1.000000 0.621977 0.776623 3.094927 1.000000 0.669434 0.839844 3.094279 1.000000 -0.051838 0.051106 2.974423 1.000000 -0.089201 -0.470904 3.093152 1.000000 -0.137244 -0.866752 3.098963 1.000000 -0.168537 -0.943712 3.049622 1.000000 0.120528 0.040458 2.990367 1.000000 0.114513 -0.482210 3.095439 1.000000 0.127446 -0.867814 3.098382 1.000000 0.140262 -0.950127 3.048813 1.000000
31267639928 0.038736 0.142105 2.992692 1.000000 0.037859 0.200142 3.024696 1.000000 0.052269 0.514269 3.012189 1.000000 0.050584 0.667762 2.941047 1.000000 -0.156320 0.456286 3.015993 1.000000 -0.376126 0.605753 2.997974 1.000000 -0.472273 0.803491 2.971749 1.000000 -0.492882 0.906249 2.976552 1.000000 0.250092 0.470499 3.055510 1.000000 0.480475 0.652170 3.081761 1.000000 0.612015 0.827976 3.085976 1.000000 0.639488 0.899226 3.072485 1.000000 -0.050566 0.054332 2.976271 1.000000 -0.093506 -0.413330 3.078713 1.000000 -0.127912 -0.840891 3.087656 1.000000 -0.167161 -0.942147 3.050014 1.000000 0.121675 0.047813 2.992502 1.000000 0.115506 -0.475398 3.095029 1.000000 0.127780 -0.870635 3.091221 1.000000 0.140412 -0.950604 3.048021 1.000000
31267672924 0.039508 0.144310 2.993502 1.000000 0.038690 0.202394 3.026037 1.000000 0.053338 0.515025 3.014446 1.000000 0.049979 0.667377 2.941740 1.000000 -0.155003 0.458601 3.015119 1.000000 -0.373752 0.608312 2.993372 1.000000 -0.424944 0.821024 2.954567 1.000000 -0.433067 0.898144 2.953747 1.000000 0.249657 0.475078 3.055438 1.000000 0.474530 0.653320 3.080572 1.000000 0.586845 0.842814 3.067887 1.000000 0.622284 0.941567 3.067333 1.000000 -0.049033 0.056784 2.976108 1.000000 -0.095764 -0.465576 3.088478 1.000000 -0.131776 -0.879386 3.090760 1.000000 -0.167416 -0.944654 3.049713 1.000000 0.121591 0.050687 2.993855 1.000000 0.115736 -0.475936 3.096169 1.000000 0.127167 -0.871795 3.095502 1.000000 0.140377 -0.951509 3.050436 1.000000
31267705991 0.040340 0.146194 2.994436 1.000000 0.039362 0.203884 3.027133 1.000000 0.053913 0.514524 3.015303 1.000000 0.048356 0.665762 2.942225 1.000000 -0.153190 0.460282 3.014006 1.000000 -0.364933 0.643331 2.978572 1.000000 -0.412943 0.857516 2.946602 1.000000 -0.410580 0.961715 2.934534 1.000000 0.248032 0.479784 3.055383 1.000000 0.462543 0.649105 3.078366 1.000000 0.558120 0.846928 3.048933 1.000000 0.578418 0.921264 3.040192 1.000000 -0.047901 0.058626 2.976717 1.000000 -0.076029 -0.483017 3.098755 1.000000 -0.136063 -0.868118 3.090337 1.000000 -0.166861 -0.944412 3.051530 1.000000 0.122222 0.054531 2.995446 1.000000 0.115316 -0.467903 3.092067 1.000000 0.125532 -0.872932 3.092384 1.000000 0.140278 -0.951873 3.050077 1.000000
31267739294 0.040405 0.147077 2.995241 1.000000 0.039281 0.204819 3.028362 1.000000 0.053606 0.515097 3.016937 1.000000 0.048127 0.664544 2.942842 1.000000 -0.152745 0.461588 3.013366 1.000000 -0.356706 0.646688 2.974228 1.000000 -0.390904 0.863093 2.937825 1.000000 -0.375975 0.966942 2.938487 1.000000 0.247239 0.481664 3.055756 1.000000 0.450222 0.655396 3.072941 1.000000 0.526014 0.859748 3.027575 1.000000 0.561592 0.928649 3.028389 1.000000 -0.047362 0.060005 2.977729 1.000000 -0.093750 -0.421875 3.072847 1.000000 -0.133023 -0.848184 3.092157 1.000000 -0.164139 -0.943698 3.051365 1.000000 0.122052 0.055288 2.995919 1.000000 0.115158 -0.468267 3.092532 1.000000 0.125687 -0.872306 3.092087 1.000000 0.140103 -0.953591 3.049054 1.000000
31267772443 0.040668 0.148301 2.995804 1.000000 0.039226 0.206006 3.029856 1.000000 0.052173 0.517578 3.021023 1.000000 0.048094 0.677337 2.949195 1.000000 -0.150543 0.463676 3.012087 1.000000 -0.341491 0.636129 2.972108 1.000000 -0.354767 0.854562 2.933350 1.000000 -0.327370 0.955790 2.936420 1.000000 0.247565 0.486443 3.056207 1.000000 0.450447 0.667266 3.071681 1.000000 0.511449 0.875675 3.021245 1.000000 0.513168 0.977693 2.996816 1.000000 -0.046512 0.061773 2.978130 1.000000 -0.067322 -0.502930 3.106047 1.000000 -0.135771 -0.870049 3.097129 1.000000 -0.164194 -0.944243 3.052078 1.000000 0.122331 0.056660 2.995975 1.000000 0.112511 -0.481473 3.096591 1.000000 0.125367 -0.873116 3.092971 1.000000 0.140392 -0.953351 3.047727 1.000000
31267814633 0.039882 0.152591 2.996231 1.000000 0.038362 0.209603 3.031471 1.000000 0.052429 0.519175 3.023734 1.000000 0.048694 0.675156 2.949749 1.000000 -0.146334 0.466778 3.010870 1.000000 -0.333294 0.648744 2.965751 1.000000 -0.293323 0.864855 2.936919 1.000000 -0.255832 0.962613 2.943569 1.000000 0.247706 0.488213 3.056774 1.000000 0.440797 0.677584 3.064321 1.000000 0.470607 0.892127 3.010766 1.000000 0.464236 0.996207 2.999235 1.000000 -0.047735 0.070338 2.978989 1.000000 -0.096191 -0.397217 3.061119 1.000000 -0.135719 -0.822983 3.086131 1.000000 -0.125653 -0.866429 2.996747 1.000000 0.121082 0.060869 2.994609 1.000000 0.110840 -0.425049 3.078697 1.000000 0.126585 -0.853216 3.095891 1.000000 0.140325 -0.953537 3.048269 1.000000
31267870951 0.040763 0.153737 2.996750 1.000000 0.039084 0.210284 3.032892 1.000000 0.053461 0.518452 3.025375 1.000000 0.047465 0.670386 2.953152 1.000000 -0.145691 0.466878 3.010276 1.000000 -0.317264 0.641286 2.964073 1.000000 -0.260546 0.855022 2.933023 1.000000 -0.205629 0.944329 2.936566 1.000000 0.246537 0.488586 3.056198 1.000000 0.423282 0.707742 3.045335 1.000000 0.425703 0.923514 2.987590 1.000000 0.409461 1.026529 2.976258 1.000000 -0.046338 0.072411 2.978837 1.000000 -0.096305 -0.379433 3.054032 1.000000 -0.132831 -0.806944 3.064505 1.000000 -0.122736 -0.850312 2.975107 1.000000 0.121748 0.061823 2.995154 1.000000 0.107228 -0.408602 3.068239 1.000000 0.125714 -0.835760 3.093496 1.000000 0.138036 -0.943016 3.054308 1.000000
31267904320 0.040575 0.153765 2.997070 1.000000 0.038694 0.210177 3.034188 1.000000 0.052937 0.518645 3.026873 1.000000 0.047364 0.670421 2.953981 1.000000 -0.145680 0.468213 3.009606 1.000000 -0.293484 0.682570 2.949280 1.000000 -0.208946 0.885546 2.921679 1.000000 -0.152923 0.974190 2.924420 1.000000 0.245533 0.489091 3.056050 1.000000 0.419049 0.711642 3.041575 1.000000 0.383540 0.924246 2.982635 1.000000 0.368710 1.027546 2.971998 1.000000 -0.046499 0.072131 2.978799 1.000000 -0.061859 -0.490234 3.100170 1.000000 -0.138392 -0.871978 3.082808 1.000000 -0.167489 -0.944840 3.043188 1.000000 0.121495 0.062313 2.995865 1.000000 0.114990 -0.490234 3.102123 1.000000 0.125456 -0.870871 3.095562 1.000000 0.139371 -0.954651 3.049548 1.000000
31267937638 0.039364 0.153323 2.997868 1.000000 0.037364 0.209682 3.036129 1.000000 0.051610 0.519348 3.029542 1.000000 0.048110 0.671501 2.955776 1.000000 -0.145178 0.468541 3.009680 1.000000 -0.293247 0.680157 2.947887 1.000000 -0.202393 0.879768 2.913271 1.000000 -0.170734 0.949848 2.903435 1.000000 0.244870 0.489540 3.056462 1.000000 0.405915 0.715649 3.033573 1.000000 0.318604 0.965820 2.953640 1.000000 0.287725 1.032584 2.929160 1.000000 -0.048015 0.071102 2.979674 1.000000 -0.084487 -0.479515 3.098782 1.000000 -0.138614 -0.870835 3.088593 1.000000 -0.167232 -0.945517 3.044513 1.000000 0.120544 0.062597 2.996087 1.000000 0.114836 -0.489831 3.101928 1.000000 0.125615 -0.871361 3.095785 1.000000 0.139619 -0.954879 3.049854 1.000000
31267971059 0.038388 0.154320 2.998191 1.000000 0.036518 0.210341 3.037551 1.000000 0.052031 0.519633 3.030940 1.000000 0.049810 0.668520 2.959454 1.000000 -0.142850 0.468481 3.009812 1.000000 -0.287433 0.673856 2.949270 1.000000 -0.192428 0.870537 2.906916 1.000000 -0.112004 0.937809 2.904736 1.000000 0.245061 0.489688 3.056938 1.000000 0.402215 0.711023 3.031370 1.000000 0.279402 0.968516 2.931570 1.000000 0.252255 1.040352 2.921024 1.000000 -0.049336 0.072011 2.979850 1.000000 -0.094644 -0.465460 3.085489 1.000000 -0.139449 -0.839129 3.095936 1.000000 -0.165447 -0.940329 3.048245 1.000000 0.118726 0.064772 2.995791 1.000000 0.113767 -0.470476 3.095818 1.000000 0.130741 -0.861689 3.100532 1.000000 0.140257 -0.954485 3.052263 1.000000
31268004337 0.045144 0.160008 3.000075 1.000000 0.041445 0.214584 3.039862 1.000000 0.052352 0.519668 3.031184 1.000000 0.050239 0.667960 2.959082 1.000000 -0.141200 0.468161 3.009155 1.000000 -0.284302 0.666247 2.947658 1.000000 -0.182839 0.860248 2.909414 1.000000 -0.112695 0.893164 2.911516 1.000000 0.244973 0.489747 3.057054 1.000000 0.399600 0.708834 3.026681 1.000000 0.251420 0.957591 2.942448 1.000000 0.190255 1.002741 2.957559 1.000000 -0.043119 0.075623 2.980864 1.000000 -0.094593 -0.460488 3.085176 1.000000 -0.138276 -0.845617 3.095146 1.000000 -0.165371 -0.943406 3.044331 1.000000 0.131993 0.076146 2.999114 1.000000 0.111154 -0.449546 3.088253 1.000000 0.128257 -0.862697 3.097496 1.000000 0.140518 -0.954434 3.053106 1.000000
31268037756 0.044970 0.160605 3.000372 1.000000 0.041323 0.215268 3.040936 1.000000 0.053731 0.520698 3.032068 1.000000 0.052287 0.680479 2.961299 1.000000 -0.137985 0.468311 3.008948 1.000000 -0.282031 0.664197 2.946568 1.000000 -0.159949 0.846361 2.911746 1.000000 -0.119255 0.907082 2.904536 1.000000 0.246829 0.497736 3.058700 1.000000 0.397243 0.703927 3.019517 1.000000 0.213281 0.929687 2.942538 1.000000 0.179103 0.999168 2.945946 1.000000 -0.042645 0.076110 2.981143 1.000000 -0.095112 -0.477291 3.097334 1.000000 -0.138384 -0.849249 3.094236 1.000000 -0.166293 -0.943053 3.044140 1.000000 0.128522 0.077157 2.999386 1.000000 0.110544 -0.496136 3.101896 1.000000 0.127206 -0.865349 3.096585 1.000000 0.140953 -0.953436 3.053344 1.000000
31268071018 0.044294 0.161404 3.000270 1.000000 0.040596 0.216099 3.041472 1.000000 0.053541 0.521367 3.032032 1.000000 0.052457 0.681245 2.963413 1.000000 -0.134606 0.469010 3.008268 1.000000 -0.273201 0.662482 2.946045 1.000000 -0.145547 0.840079 2.906140 1.000000 -0.105957 0.835938 2.930193 1.000000 0.247657 0.501266 3.059343 1.000000 0.393155 0.699202 3.017402 1.000000 0.194953 0.910774 2.934773 1.000000 0.130731 0.946139 2.909685 1.000000 -0.042451 0.076943 2.981077 1.000000 -0.095115 -0.477328 3.097357 1.000000 -0.137869 -0.851192 3.097275 1.000000 -0.167648 -0.940762 3.041012 1.000000 0.125357 0.077967 2.998876 1.000000 0.110680 -0.495906 3.101757 1.000000 0.127169 -0.868967 3.098584 1.000000 0.141751 -0.953603 3.052695 1.000000
31268104429 0.042854 0.164384 3.000159 1.000000 0.039382 0.218728 3.042179 1.000000 0.053330 0.522475 3.032610 1.000000 0.053888 0.684136 2.963414 1.000000 -0.133737 0.470321 3.007926 1.000000 -0.265866 0.663916 2.942585 1.000000 -0.129524 0.835234 2.904816 1.000000 -0.103597 0.830591 2.929857 1.000000 0.248767 0.502715 3.059673 1.000000 0.391174 0.696104 3.016376 1.000000 0.241348 0.843926 2.938042 1.000000 0.181610 0.887581 2.915066 1.000000 -0.043642 0.079969 2.980658 1.000000 -0.072818 -0.491527 3.103727 1.000000 -0.137621 -0.853071 3.097351 1.000000 -0.167760 -0.939590 3.040375 1.000000 0.123818 0.079388 2.998373 1.000000 0.110921 -0.495052 3.101797 1.000000 0.127266 -0.870446 3.095965 1.000000 0.140675 -0.950773 3.041382 1.000000
31268154344 0.042392 0.165020 3.000014 1.000000 0.038795 0.219757 3.042577 1.000000 0.052313 0.526085 3.032377 1.000000 0.059379 0.695882 2.966967 1.000000 -0.133614 0.470385 3.007834 1.000000 -0.263650 0.666963 2.940527 1.000000 -0.125065 0.833526 2.887496 1.000000 -0.061133 0.875136 2.900994 1.000000 0.248705 0.502604 3.059508 1.000000 0.391632 0.695596 3.015741 1.000000 0.238173 0.839271 2.936643 1.000000 0.178442 0.882920 2.913669 1.000000 -0.043838 0.080866 2.980888 1.000000 -0.083699 -0.487738 3.102936 1.000000 -0.137551 -0.855850 3.097892 1.000000 -0.168494 -0.939880 3.040456 1.000000 0.123085 0.079753 2.997801 1.000000 0.110989 -0.495002 3.101520 1.000000 0.126861 -0.869577 3.100790 1.000000 0.140060 -0.950214 3.045024 1.000000
31268204528 0.041575 0.166118 2.999824 1.000000 0.038424 0.221006 3.042699 1.000000 0.051836 0.527225 3.031173 1.000000 0.056585 0.744095 2.985109 1.000000 -0.133479 0.470648 3.008291 1.000000 -0.260984 0.665999 2.939292 1.000000 -0.116010 0.828606 2.893375 1.000000 -0.052866 0.871436 2.906717 1.000000 0.245574 0.499259 3.055213 1.000000 0.385473 0.694591 3.007794 1.000000 0.220978 0.823668 2.925250 1.000000 0.161254 0.867312 2.902279 1.000000 -0.044368 0.082784 2.981437 1.000000 -0.086293 -0.487012 3.103188 1.000000 -0.137188 -0.853559 3.097843 1.000000 -0.168486 -0.938753 3.038505 1.000000 0.121639 0.080934 2.997358 1.000000 0.111062 -0.494529 3.101778 1.000000 0.127369 -0.869961 3.099070 1.000000 0.140518 -0.950640 3.044152 1.000000
31268237788 0.041239 0.169222 2.997524 1.000000 0.039664 0.232367 3.033171 1.000000 0.071472 0.560303 2.986843 1.000000 0.058188 0.791425 2.998907 1.000000 -0.133790 0.471613 3.008576 1.000000 -0.259650 0.667070 2.937620 1.000000 -0.112293 0.828048 2.894523 1.000000 -0.049732 0.871655 2.908046 1.000000 0.244514 0.498445 3.054120 1.000000 0.383516 0.693145 3.006415 1.000000 0.215471 0.818031 2.924766 1.000000 0.155752 0.861672 2.901797 1.000000 -0.046272 0.085960 2.981516 1.000000 -0.088458 -0.486442 3.102522 1.000000 -0.136736 -0.845764 3.101863 1.000000 -0.170605 -0.937361 3.041324 1.000000 0.120964 0.082916 2.997416 1.000000 0.111128 -0.494728 3.101461 1.000000 0.126987 -0.869978 3.099569 1.000000 0.140409 -0.950549 3.044611 1.000000
31268270480 0.040941 0.170741 2.998037 1.000000 0.039499 0.227988 3.034420 1.000000 0.042419 0.518066 3.027852 1.000000 0.053934 0.744272 3.011626 1.000000 -0.134063 0.472018 3.008744 1.000000 -0.258632 0.667434 2.936083 1.000000 -0.110753 0.827290 2.889850 1.000000 -0.045221 0.866717 2.902036 1.000000 0.243825 0.503209 3.053230 1.000000 0.382954 0.692127 3.005673 1.000000 0.213561 0.816549 2.926607 1.000000 0.153848 0.860186 2.903641 1.000000 -0.045898 0.086865 2.981648 1.000000 -0.090513 -0.486369 3.102023 1.000000 -0.135445 -0.850886 3.103051 1.000000 -0.171400 -0.939776 3.039723 1.000000 0.121037 0.084523 2.997493 1.000000 0.110883 -0.494851 3.101160 1.000000 0.126644 -0.870730 3.101642 1.000000 0.140348 -0.950484 3.044528 1.000000
31268304474 0.039442 0.171024 2.996401 1.000000 0.038859 0.232745 3.030159 1.000000 0.065247 0.561279 2.994648 1.000000 0.057406 0.791269 2.996028 1.000000 -0.134080 0.472050 3.008798 1.000000 -0.257911 0.667575 2.935469 1.000000 -0.108167 0.825407 2.888023 1.000000 -0.041894 0.863034 2.901750 1.000000 0.242937 0.495546 3.049155 1.000000 0.383522 0.690620 3.004978 1.000000 0.211582 0.809168 2.921858 1.000000 0.151873 0.852802 2.898893 1.000000 -0.047900 0.088027 2.980739 1.000000 -0.093077 -0.477079 3.099425 1.000000 -0.134652 -0.851986 3.103459 1.000000 -0.170140 -0.938001 3.041261 1.000000 0.117991 0.083967 2.996965 1.000000 0.109934 -0.470917 3.092021 1.000000 0.126531 -0.871286 3.102949 1.000000 0.140221 -0.950495 3.044441 1.000000
31268354521 0.038654 0.172209 2.995266 1.000000 0.038500 0.234920 3.025852 1.000000 0.063990 0.562474 2.993191 1.000000 0.059448 0.792538 2.994259 1.000000 -0.134512 0.473634 3.010357 1.000000 -0.258014 0.667310 2.935475 1.000000 -0.102855 0.820626 2.891950 1.000000 -0.036787 0.858020 2.907190 1.000000 0.244638 0.494355 3.048789 1.000000 0.384220 0.690262 3.003820 1.000000 0.209932 0.806582 2.922856 1.000000 0.150227 0.850212 2.899892 1.000000 -0.048780 0.088696 2.980699 1.000000 -0.094026 -0.478086 3.098868 1.000000 -0.135563 -0.854710 3.103004 1.000000 -0.167679 -0.938703 3.042613 1.000000 0.117515 0.084311 2.996825 1.000000 0.111467 -0.480208 3.096620 1.000000 0.126536 -0.871225 3.103355 1.000000 0.140269 -0.950485 3.044456 1.000000
31268404517 0.038871 0.172503 2.995374 1.000000 0.039135 0.230723 3.027728 1.000000 0.053802 0.513184 3.027839 1.000000 0.062926 0.739865 3.012470 1.000000 -0.134502 0.473627 3.010346 1.000000 -0.255602 0.658931 2.938885 1.000000 -0.107528 0.818779 2.893830 1.000000 -0.041601 0.856022 2.909991 1.000000 0.237613 0.491477 3.044054 1.000000 0.387447 0.687394 3.002675 1.000000 0.208712 0.800771 2.928725 1.000000 0.149012 0.844397 2.905764 1.000000 -0.048449 0.089597 2.980043 1.000000 -0.095054 -0.457881 3.090647 1.000000 -0.132016 -0.847581 3.103989 1.000000 -0.165845 -0.937134 3.043122 1.000000 0.118663 0.086408 2.996502 1.000000 0.111957 -0.447149 3.088203 1.000000 0.124648 -0.871177 3.097024 1.000000 0.140176 -0.950919 3.044495 1.000000
31268454536 0.038717 0.172835 2.995501 1.000000 0.038671 0.230988 3.029086 1.000000 0.052216 0.520916 3.025454 1.000000 0.054411 0.745993 3.002895 1.000000 -0.134711 0.474018 3.010332 1.000000 -0.256156 0.659992 2.937963 1.000000 -0.104659 0.816957 2.894870 1.000000 -0.038968 0.854435 2.911409 1.000000 0.240530 0.496496 3.045887 1.000000 0.386917 0.686086 3.001834 1.000000 0.208959 0.799838 2.926399 1.000000 0.149265 0.843460 2.903440 1.000000 -0.048488 0.089628 2.979955 1.000000 -0.096128 -0.476768 3.097906 1.000000 -0.134841 -0.857862 3.100036 1.000000 -0.166888 -0.944853 3.047146 1.000000 0.118581 0.086594 2.996527 1.000000 0.112550 -0.486944 3.099006 1.000000 0.125088 -0.871888 3.098091 1.000000 0.140243 -0.950871 3.046572 1.000000
31268521266 0.038687 0.172723 2.995553 1.000000 0.039051 0.230884 3.030475 1.000000 0.072461 0.535870 3.025753 1.000000 0.055281 0.758126 2.995609 1.000000 -0.134005 0.474949 3.010952 1.000000 -0.256379 0.660642 2.937907 1.000000 -0.103367 0.815944 2.894006 1.000000 -0.037655 0.853148 2.911039 1.000000 0.240349 0.496516 3.045855 1.000000 0.386403 0.685467 3.000460 1.000000 0.208737 0.796905 2.920258 1.000000 0.149048 0.840524 2.897301 1.000000 -0.048694 0.089736 2.979841 1.000000 -0.096539 -0.478038 3.095763 1.000000 -0.135138 -0.858510 3.099984 1.000000 -0.167870 -0.943140 3.045805 1.000000 0.116612 0.086349 2.996406 1.000000 0.113075 -0.489068 3.099232 1.000000 0.125098 -0.872084 3.098062 1.000000 0.140025 -0.950747 3.046447 1.000000
31268554591 0.038559 0.172682 2.995466 1.000000 0.038811 0.231702 3.030370 1.000000 0.060705 0.543003 3.016882 1.000000 0.053997 0.767532 2.992356 1.000000 -0.134063 0.475338 3.011062 1.000000 -0.257243 0.662107 2.937463 1.000000 -0.100660 0.814223 2.895841 1.000000 -0.035039 0.851460 2.913116 1.000000 0.240464 0.496235 3.045817 1.000000 0.385660 0.685273 2.999846 1.000000 0.208712 0.797205 2.918641 1.000000 0.149030 0.840819 2.895687 1.000000 -0.048708 0.089607 2.979798 1.000000 -0.097244 -0.493806 3.104194 1.000000 -0.137953 -0.893509 3.089634 1.000000 -0.171660 -0.949982 3.035381 1.000000 0.116539 0.086367 2.996378 1.000000 0.107523 -0.493150 3.100281 1.000000 0.125043 -0.872713 3.097783 1.000000 0.139908 -0.950602 3.046858 1.000000
31268604642 0.038954 0.173382 2.994867 1.000000 0.039304 0.234484 3.027580 1.000000 0.061129 0.552503 3.000937 1.000000 0.056824 0.779608 2.989451 1.000000 -0.133979 0.475397 3.011115 1.000000 -0.257675 0.662794 2.936552 1.000000 -0.099198 0.813386 2.897612 1.000000 -0.033640 0.850643 2.915045 1.000000 0.240884 0.505064 3.047293 1.000000 0.385240 0.685142 2.999432 1.000000 0.208810 0.797449 2.917578 1.000000 0.149134 0.841059 2.894626 1.000000 -0.048158 0.090096 2.979795 1.000000 -0.097056 -0.492240 3.102458 1.000000 -0.137209 -0.882856 3.087911 1.000000 -0.170825 -0.950389 3.038163 1.000000 0.116694 0.086946 2.996451 1.000000 0.107680 -0.492504 3.100256 1.000000 0.125097 -0.872694 3.097062 1.000000 0.139952 -0.950822 3.046999 1.000000
31268654698 0.038161 0.172843 2.995082 1.000000 0.038026 0.230631 3.029035 1.000000 0.053728 0.527181 3.021287 1.000000 0.054292 0.754326 3.006016 1.000000 -0.133782 0.475253 3.011188 1.000000 -0.257337 0.662120 2.937665 1.000000 -0.098219 0.812309 2.900563 1.000000 -0.032736 0.849524 2.918331 1.000000 0.240237 0.501397 3.047842 1.000000 0.385648 0.685135 2.999301 1.000000 0.209060 0.797037 2.917258 1.000000 0.149389 0.840643 2.894308 1.000000 -0.048411 0.090064 2.979534 1.000000 -0.098071 -0.483739 3.097979 1.000000 -0.138972 -0.877689 3.093240 1.000000 -0.169162 -0.949816 3.043871 1.000000 0.115304 0.086219 2.996350 1.000000 0.108380 -0.490991 3.099470 1.000000 0.125486 -0.871729 3.098190 1.000000 0.140262 -0.950231 3.046470 1.000000
31268704629 0.038195 0.173335 2.995445 1.000000 0.038066 0.230460 3.030398 1.000000 0.054815 0.526025 3.023164 1.000000 0.058726 0.753541 3.009349 1.000000 -0.133595 0.474780 3.011507 1.000000 -0.258211 0.660111 2.940125 1.000000 -0.099034 0.809751 2.900333 1.000000 -0.033623 0.847019 2.918223 1.000000 0.241160 0.501935 3.048363 1.000000 0.387994 0.681740 2.998934 1.000000 0.210320 0.796251 2.924463 1.000000 0.150656 0.839853 2.901516 1.000000 -0.048609 0.090639 2.979671 1.000000 -0.096876 -0.480275 3.095727 1.000000 -0.136463 -0.842821 3.109077 1.000000 -0.166395 -0.936569 3.049742 1.000000 0.115466 0.086495 2.996145 1.000000 0.109347 -0.489848 3.098873 1.000000 0.125464 -0.871331 3.099931 1.000000 0.140401 -0.950019 3.046495 1.000000
31268740712 0.038096 0.173609 2.995579 1.000000 0.038079 0.230174 3.031395 1.000000 0.054941 0.523852 3.024176 1.000000 0.054014 0.752861 3.016740 1.000000 -0.133381 0.474709 3.011704 1.000000 -0.258137 0.658480 2.940722 1.000000 -0.099356 0.808529 2.901039 1.000000 -0.033997 0.845825 2.919028 1.000000 0.238095 0.501547 3.046510 1.000000 0.389286 0.681724 2.999100 1.000000 0.210239 0.796065 2.928502 1.000000 0.150581 0.839662 2.905556 1.000000 -0.048718 0.092055 2.979471 1.000000 -0.097900 -0.404053 3.068821 1.000000 -0.134198 -0.811925 3.098228 1.000000 -0.160113 -0.911700 3.047371 1.000000 0.115336 0.087215 2.995994 1.000000 0.108765 -0.416016 3.078587 1.000000 0.125621 -0.844475 3.095301 1.000000 0.139743 -0.947983 3.047343 1.000000
31268788072 0.038560 0.173959 2.995708 1.000000 0.038688 0.231465 3.031768 1.000000 0.059843 0.538651 3.019557 1.000000 0.056051 0.764820 2.999781 1.000000 -0.133311 0.475239 3.012239 1.000000 -0.260094 0.660506 2.940412 1.000000 -0.097374 0.805946 2.899151 1.000000 -0.032045 0.843220 2.917254 1.000000 0.238035 0.501231 3.046755 1.000000 0.389198 0.682481 2.999783 1.000000 0.209642 0.794990 2.927270 1.000000 0.149991 0.838582 2.904327 1.000000 -0.048477 0.092367 2.979554 1.000000 -0.094849 -0.484375 3.098112 1.000000 -0.136040 -0.831923 3.101588 1.000000 -0.165093 -0.927633 3.044911 1.000000 0.116222 0.087788 2.996384 1.000000 0.106689 -0.489990 3.102018 1.000000 0.124451 -0.866365 3.091054 1.000000 0.141145 -0.952765 3.048195 1.000000
31268821386 0.041192 0.174418 2.996342 1.000000 0.040027 0.230905 3.032511 1.000000 0.053964 0.529114 3.020681 1.000000 0.061356 0.757724 3.011354 1.000000 -0.133320 0.474911 3.012227 1.000000 -0.260713 0.658619 2.943230 1.000000 -0.099860 0.804646 2.895226 1.000000 -0.034567 0.841886 2.913498 1.000000 0.235166 0.501761 3.046415 1.000000 0.391127 0.681004 2.999822 1.000000 0.211560 0.793408 2.927219 1.000000 0.151914 0.836996 2.904277 1.000000 -0.042091 0.093817 2.980175 1.000000 -0.101685 -0.414795 3.068808 1.000000 -0.139008 -0.841247 3.092394 1.000000 -0.170163 -0.938557 3.039679 1.000000 0.121214 0.089477 2.996973 1.000000 0.110140 -0.479486 3.096148 1.000000 0.126647 -0.865366 3.095716 1.000000 0.141021 -0.952133 3.047458 1.000000
31268857407 0.041206 0.174637 2.996673 1.000000 0.040196 0.230090 3.034013 1.000000 0.054441 0.524495 3.026406 1.000000 0.055984 0.733398 2.975022 1.000000 -0.133156 0.475022 3.012918 1.000000 -0.257736 0.651739 2.946416 1.000000 -0.102108 0.803328 2.898576 1.000000 -0.036849 0.840541 2.916967 1.000000 0.234276 0.501581 3.045983 1.000000 0.391919 0.681178 2.998934 1.000000 0.211260 0.794466 2.931638 1.000000 0.148434 0.837533 2.918230 1.000000 -0.042326 0.094444 2.980141 1.000000 -0.100799 -0.392361 3.060704 1.000000 -0.137058 -0.817374 3.095845 1.000000 -0.163837 -0.920976 3.053783 1.000000 0.121150 0.089676 2.996974 1.000000 0.115432 -0.446865 3.086417 1.000000 0.126866 -0.866163 3.093642 1.000000 0.140905 -0.951762 3.048555 1.000000
31268904875 0.040870 0.173279 2.996140 1.000000 0.040365 0.231584 3.032570 1.000000 0.067098 0.543509 3.009832 1.000000 0.057612 0.769496 2.992521 1.000000 -0.132557 0.476445 3.014369 1.000000 -0.257581 0.654511 2.945127 1.000000 -0.099416 0.803917 2.899498 1.000000 -0.034173 0.841127 2.917919 1.000000 0.234323 0.501003 3.046690 1.000000 0.390271 0.683385 2.999646 1.000000 0.209469 0.795210 2.929928 1.000000 0.146240 0.838004 2.917624 1.000000 -0.043340 0.092798 2.979441 1.000000 -0.094421 -0.479980 3.098095 1.000000 -0.139349 -0.855382 3.101495 1.000000 -0.168370 -0.937422 3.047176 1.000000 0.118880 0.087733 2.997768 1.000000 0.116164 -0.488561 3.101070 1.000000 0.126616 -0.867149 3.094255 1.000000 0.141022 -0.951816 3.048687 1.000000
31268925879 0.040765 0.173261 2.996140 1.000000 0.040249 0.229464 3.033216 1.000000 0.053827 0.525198 3.024430 1.000000 0.049752 0.753495 3.012776 1.000000 -0.131733 0.475618 3.015823 1.000000 -0.258062 0.655170 2.945697 1.000000 -0.098840 0.803304 2.899537 1.000000 -0.033609 0.840511 2.917974 1.000000 0.234233 0.498884 3.046811 1.000000 0.391285 0.681552 3.000546 1.000000 0.211148 0.792425 2.927032 1.000000 0.147666 0.835532 2.917481 1.000000 -0.043624 0.092999 2.979409 1.000000 -0.097717 -0.458299 3.085600 1.000000 -0.138188 -0.863502 3.092956 1.000000 -0.167759 -0.945252 3.053088 1.000000 0.118902 0.087808 2.997015 1.000000 0.114129 -0.464925 3.093448 1.000000 0.127461 -0.839783 3.109263 1.000000 0.139359 -0.940422 3.054918 1.000000
31268954837 0.040017 0.172031 2.996814 1.000000 0.039399 0.227342 3.035093 1.000000 0.053578 0.523530 3.026578 1.000000 0.056771 0.752308 3.016726 1.000000 -0.131882 0.475337 3.016246 1.000000 -0.258367 0.654510 2.945397 1.000000 -0.116536 0.807604 2.862794 1.000000 -0.051379 0.844837 2.881411 1.000000 0.233302 0.497605 3.046895 1.000000 0.391498 0.681356 3.000071 1.000000 0.211151 0.792819 2.928371 1.000000 0.147263 0.835656 2.920522 1.000000 -0.043888 0.092539 2.979438 1.000000 -0.096913 -0.448514 3.082395 1.000000 -0.135578 -0.876715 3.086129 1.000000 -0.168200 -0.946874 3.050928 1.000000 0.117543 0.086582 2.997288 1.000000 0.110462 -0.448116 3.086771 1.000000 0.120793 -0.818592 3.111926 1.000000 0.135757 -0.921049 3.061879 1.000000
31268988106 0.039981 0.172573 2.996634 1.000000 0.039399 0.229696 3.034149 1.000000 0.054516 0.536946 3.015813 1.000000 0.057011 0.765633 3.005270 1.000000 -0.132123 0.475830 3.016684 1.000000 -0.262294 0.659174 2.943245 1.000000 -0.093354 0.798288 2.908315 1.000000 -0.028202 0.835517 2.926930 1.000000 0.233402 0.497543 3.046913 1.000000 0.391670 0.683425 2.999645 1.000000 0.210342 0.794708 2.930771 1.000000 0.145728 0.836739 2.924791 1.000000 -0.043406 0.095121 2.979338 1.000000 -0.069956 -0.515535 3.108867 1.000000 -0.136815 -0.886139 3.088402 1.000000 -0.169502 -0.950603 3.043685 1.000000 0.117196 0.086267 2.997504 1.000000 0.100037 -0.495605 3.101988 1.000000 0.125366 -0.876465 3.103478 1.000000 0.139973 -0.951606 3.047092 1.000000
31269038224 0.039697 0.173114 2.997105 1.000000 0.038911 0.229799 3.034864 1.000000 0.053129 0.536999 3.021018 1.000000 0.055327 0.763939 3.002819 1.000000 -0.132751 0.476584 3.016592 1.000000 -0.263137 0.660236 2.943583 1.000000 -0.092880 0.797616 2.908114 1.000000 -0.027735 0.834842 2.926727 1.000000 0.235395 0.506155 3.049595 1.000000 0.391324 0.683569 2.998946 1.000000 0.210195 0.794947 2.929691 1.000000 0.145310 0.836612 2.924217 1.000000 -0.043509 0.095110 2.979445 1.000000 -0.069733 -0.513855 3.108462 1.000000 -0.136895 -0.875575 3.098715 1.000000 -0.168774 -0.946975 3.045767 1.000000 0.116979 0.086582 2.997607 1.000000 0.106631 -0.491892 3.101223 1.000000 0.125415 -0.876076 3.101530 1.000000 0.140875 -0.952483 3.049197 1.000000
31269071494 0.039015 0.172131 2.997371 1.000000 0.038228 0.227996 3.035677 1.000000 0.052179 0.530466 3.024362 1.000000 0.055259 0.758864 3.012046 1.000000 -0.132589 0.476149 3.016727 1.000000 -0.263087 0.657381 2.944993 1.000000 -0.096809 0.798600 2.904278 1.000000 -0.031671 0.835823 2.922889 1.000000 0.234761 0.502673 3.048975 1.000000 0.391249 0.683379 2.999177 1.000000 0.209865 0.794617 2.930551 1.000000 0.144802 0.836041 2.925467 1.000000 -0.044261 0.093731 2.980044 1.000000 -0.094497 -0.474388 3.096354 1.000000 -0.136947 -0.872752 3.096280 1.000000 -0.168608 -0.947027 3.047351 1.000000 0.116112 0.086011 2.997144 1.000000 0.110072 -0.487597 3.099488 1.000000 0.125649 -0.875953 3.101680 1.000000 0.141313 -0.952499 3.048959 1.000000
31269121567 0.039108 0.172184 2.997404 1.000000 0.038368 0.227502 3.036455 1.000000 0.052342 0.527684 3.027648 1.000000 0.059403 0.756484 3.017261 1.000000 -0.132550 0.475109 3.016904 1.000000 -0.260937 0.650947 2.946550 1.000000 -0.102887 0.800489 2.901780 1.000000 -0.037754 0.837708 2.920390 1.000000 0.235836 0.499272 3.048517 1.000000 0.391595 0.682878 2.998485 1.000000 0.207536 0.796831 2.946866 1.000000 0.142056 0.837688 2.942763 1.000000 -0.044532 0.093587 2.979705 1.000000 -0.100403 -0.384033 3.059005 1.000000 -0.133482 -0.809029 3.096987 1.000000 -0.160695 -0.913872 3.058440 1.000000 0.117212 0.086269 2.996925 1.000000 0.113211 -0.525761 3.123600 1.000000 0.126457 -0.880701 3.094193 1.000000 0.141019 -0.953233 3.050936 1.000000
31269155035 0.040729 0.172614 2.997635 1.000000 0.041849 0.228154 3.037680 1.000000 0.076338 0.531535 3.029079 1.000000 0.059516 0.757384 3.008294 1.000000 -0.132643 0.475651 3.017013 1.000000 -0.261518 0.652745 2.946295 1.000000 -0.102948 0.801556 2.900840 1.000000 -0.037821 0.838772 2.919448 1.000000 0.235785 0.499051 3.048425 1.000000 0.387868 0.683093 2.995996 1.000000 0.204674 0.796997 2.940432 1.000000 0.139101 0.837692 2.936331 1.000000 -0.044507 0.093674 2.979765 1.000000 -0.095154 -0.483887 3.098061 1.000000 -0.137268 -0.856913 3.103184 1.000000 -0.169313 -0.945167 3.047069 1.000000 0.117758 0.086589 2.996811 1.000000 0.118846 -0.490829 3.104333 1.000000 0.126702 -0.879670 3.095083 1.000000 0.141710 -0.953301 3.049504 1.000000
31269188255 0.039562 0.171978 2.997713 1.000000 0.040020 0.226610 3.038331 1.000000 0.058257 0.520910 3.028213 1.000000 0.048050 0.736572 2.983746 1.000000 -0.132334 0.475202 3.017638 1.000000 -0.262106 0.647203 2.948241 1.000000 -0.136456 0.818864 2.879702 1.000000 -0.071338 0.856075 2.898307 1.000000 0.234855 0.498421 3.048248 1.000000 0.391677 0.680219 2.996614 1.000000 0.208969 0.794128 2.939128 1.000000 0.143369 0.834764 2.935063 1.000000 -0.044806 0.093694 2.979935 1.000000 -0.094727 -0.408203 3.074619 1.000000 -0.131508 -0.836306 3.083952 1.000000 -0.124581 -0.879521 2.994078 1.000000 0.115737 0.085618 2.996307 1.000000 0.116814 -0.472881 3.096734 1.000000 0.126843 -0.876392 3.097468 1.000000 0.141648 -0.953434 3.049739 1.000000
31269220890 0.042743 0.173116 2.998697 1.000000 0.041736 0.226968 3.039632 1.000000 0.057226 0.520763 3.029097 1.000000 0.050614 0.738124 2.980935 1.000000 -0.131921 0.474009 3.017370 1.000000 -0.261223 0.646427 2.948342 1.000000 -0.113733 0.803971 2.893477 1.000000 -0.048625 0.841175 2.912079 1.000000 0.234928 0.497433 3.047809 1.000000 0.392895 0.680289 2.996826 1.000000 0.210333 0.795221 2.941547 1.000000 0.144714 0.835806 2.937508 1.000000 -0.041772 0.094196 2.980924 1.000000 -0.094396 -0.409524 3.075292 1.000000 -0.130600 -0.837785 3.082925 1.000000 -0.162105 -0.933315 3.044615 1.000000 0.124287 0.088799 2.996794 1.000000 0.112214 -0.458381 3.090784 1.000000 0.127342 -0.873273 3.096494 1.000000 0.140840 -0.952891 3.049309 1.000000
31269243101 0.042985 0.173046 2.998629 1.000000 0.042579 0.227443 3.039795 1.000000 0.068344 0.528245 3.027367 1.000000 0.051829 0.748628 2.988505 1.000000 -0.131925 0.474343 3.016737 1.000000 -0.259026 0.648272 2.947215 1.000000 -0.110844 0.805565 2.894003 1.000000 -0.045745 0.842765 2.912603 1.000000 0.234888 0.497268 3.047771 1.000000 0.393174 0.680907 2.996959 1.000000 0.210327 0.793392 2.936710 1.000000 0.144699 0.833945 2.932702 1.000000 -0.041953 0.093973 2.980886 1.000000 -0.067932 -0.504883 3.107807 1.000000 -0.136311 -0.868628 3.094114 1.000000 -0.162978 -0.937300 3.044682 1.000000 0.124149 0.088799 2.996776 1.000000 0.113588 -0.472749 3.093659 1.000000 0.127822 -0.872758 3.097198 1.000000 0.141147 -0.953255 3.049446 1.000000
31269288295 0.042956 0.173205 2.998616 1.000000 0.042668 0.227571 3.039969 1.000000 0.062929 0.527948 3.026835 1.000000 0.061169 0.752116 2.997466 1.000000 -0.132024 0.475205 3.017515 1.000000 -0.259130 0.650446 2.947208 1.000000 -0.108983 0.805705 2.893498 1.000000 -0.043889 0.842901 2.912096 1.000000 0.235889 0.496752 3.046623 1.000000 0.394009 0.681202 2.997092 1.000000 0.211861 0.791220 2.929054 1.000000 0.146221 0.831745 2.925073 1.000000 -0.042119 0.093954 2.980926 1.000000 -0.090095 -0.486037 3.097031 1.000000 -0.138750 -0.857189 3.101013 1.000000 -0.163717 -0.940508 3.049365 1.000000 0.124193 0.088869 2.996741 1.000000 0.114037 -0.474842 3.094600 1.000000 0.127918 -0.871469 3.097258 1.000000 0.141188 -0.952384 3.047807 1.000000
31269321740 0.042531 0.173081 2.998501 1.000000 0.042272 0.227227 3.040078 1.000000 0.061166 0.525344 3.027051 1.000000 0.046380 0.753218 3.012990 1.000000 -0.132037 0.475218 3.017518 1.000000 -0.259562 0.650075 2.947204 1.000000 -0.090581 0.788520 2.910315 1.000000 -0.025494 0.825713 2.928911 1.000000 0.236225 0.496561 3.046498 1.000000 0.395449 0.679554 2.997274 1.000000 0.213715 0.789854 2.928513 1.000000 0.148077 0.830368 2.924537 1.000000 -0.042945 0.093744 2.980919 1.000000 -0.091149 -0.486592 3.097498 1.000000 -0.134674 -0.836134 3.112984 1.000000 -0.164193 -0.930963 3.055106 1.000000 0.122901 0.088111 2.996079 1.000000 0.108590 -0.478066 3.095122 1.000000 0.128122 -0.871098 3.097478 1.000000 0.140966 -0.951930 3.047480 1.000000
31269354960 0.042473 0.173346 2.998525 1.000000 0.042148 0.226896 3.040561 1.000000 0.055056 0.521764 3.029574 1.000000 0.045878 0.749813 3.014726 1.000000 -0.131661 0.473321 3.017596 1.000000 -0.259670 0.650038 2.947089 1.000000 -0.093011 0.791130 2.909547 1.000000 -0.027929 0.828319 2.928142 1.000000 0.234558 0.495407 3.045840 1.000000 0.395311 0.677486 2.997015 1.000000 0.215065 0.795268 2.940088 1.000000 0.149423 0.835761 2.936124 1.000000 -0.042544 0.094892 2.980558 1.000000 -0.093303 -0.487667 3.096251 1.000000 -0.134107 -0.812478 3.113808 1.000000 -0.158361 -0.912483 3.062507 1.000000 0.122853 0.088333 2.996099 1.000000 0.110226 -0.463693 3.089088 1.000000 0.130599 -0.869627 3.093980 1.000000 0.141262 -0.952509 3.045915 1.000000
31269388349 0.041822 0.172726 2.998570 1.000000 0.041354 0.226428 3.041038 1.000000 0.053275 0.523033 3.029588 1.000000 0.055001 0.748341 3.003372 1.000000 -0.131667 0.473786 3.017198 1.000000 -0.259949 0.652291 2.944571 1.000000 -0.092322 0.792650 2.909751 1.000000 -0.027246 0.829836 2.928344 1.000000 0.235069 0.494719 3.045180 1.000000 0.395705 0.678320 2.996876 1.000000 0.214576 0.793238 2.936230 1.000000 0.148935 0.833723 2.932271 1.000000 -0.042863 0.094197 2.980446 1.000000 -0.086182 -0.486753 3.099257 1.000000 -0.136475 -0.860352 3.089767 1.000000 -0.168776 -0.948821 3.043986 1.000000 0.121600 0.087102 2.996408 1.000000 0.114076 -0.477228 3.097563 1.000000 0.129521 -0.870685 3.092764 1.000000 0.141801 -0.953013 3.044770 1.000000
31269421739 0.042130 0.172155 2.997714 1.000000 0.041741 0.228468 3.038784 1.000000 0.058628 0.541309 3.014692 1.000000 0.055275 0.768720 2.996147 1.000000 -0.131776 0.474654 3.016750 1.000000 -0.263495 0.655834 2.941439 1.000000 -0.091085 0.790822 2.910548 1.000000 -0.026016 0.828004 2.929139 1.000000 0.235242 0.494774 3.044844 1.000000 0.395695 0.678437 2.996830 1.000000 0.214401 0.792317 2.934423 1.000000 0.148767 0.832795 2.930468 1.000000 -0.043008 0.093428 2.980261 1.000000 -0.088087 -0.487059 3.099785 1.000000 -0.137932 -0.862903 3.088792 1.000000 -0.168705 -0.948716 3.044173 1.000000 0.121911 0.086647 2.996133 1.000000 0.114555 -0.480399 3.097673 1.000000 0.129183 -0.871122 3.093798 1.000000 0.141729 -0.953044 3.044870 1.000000
31269454429 0.042845 0.173449 2.997241 1.000000 0.042730 0.231794 3.036115 1.000000 0.058070 0.547968 3.010552 1.000000 0.055262 0.775963 2.994196 1.000000 -0.132848 0.475521 3.016280 1.000000 -0.266262 0.656434 2.939922 1.000000 -0.092642 0.790071 2.910938 1.000000 -0.027582 0.827248 2.929526 1.000000 0.237333 0.498425 3.044397 1.000000 0.395735 0.679321 2.996718 1.000000 0.213804 0.790724 2.931181 1.000000 0.148177 0.831195 2.927228 1.000000 -0.042905 0.093493 2.980409 1.000000 -0.076834 -0.494010 3.101895 1.000000 -0.137778 -0.863049 3.089021 1.000000 -0.169656 -0.946223 3.041722 1.000000 0.123149 0.087718 2.996329 1.000000 0.114313 -0.483102 3.099217 1.000000 0.128720 -0.871438 3.093995 1.000000 0.141743 -0.952938 3.045555 1.000000
31269476626 0.042351 0.172911 2.996458 1.000000 0.042415 0.231924 3.033929 1.000000 0.058508 0.549692 3.009224 1.000000 0.055407 0.778009 2.994081 1.000000 -0.133247 0.476494 3.015614 1.000000 -0.267418 0.656648 2.939178 1.000000 -0.096159 0.792279 2.903219 1.000000 -0.031104 0.829453 2.921805 1.000000 0.237346 0.497620 3.043988 1.000000 0.395714 0.679672 2.996470 1.000000 0.213264 0.790462 2.931518 1.000000 0.147641 0.830929 2.927567 1.000000 -0.043158 0.093086 2.980189 1.000000 -0.086984 -0.483052 3.097545 1.000000 -0.137849 -0.862709 3.089269 1.000000 -0.168540 -0.947373 3.048918 1.000000 0.121585 0.086549 2.995946 1.000000 0.114652 -0.483934 3.099052 1.000000 0.128387 -0.871252 3.094362 1.000000 0.141458 -0.952625 3.044043 1.000000
31269521803 0.042287 0.172153 2.996106 1.000000 0.042889 0.231944 3.032045 1.000000 0.066284 0.550937 3.006390 1.000000 0.055527 0.779157 2.991692 1.000000 -0.133355 0.476745 3.015489 1.000000 -0.267720 0.657767 2.938576 1.000000 -0.098558 0.795907 2.902187 1.000000 -0.033508 0.833078 2.920772 1.000000 0.237181 0.495579 3.043012 1.000000 0.395593 0.679728 2.996553 1.000000 0.213611 0.790504 2.930017 1.000000 0.147993 0.830966 2.926068 1.000000 -0.043808 0.091177 2.980632 1.000000 -0.091629 -0.490637 3.098564 1.000000 -0.139671 -0.869324 3.086448 1.000000 -0.169358 -0.946257 3.039436 1.000000 0.120533 0.086099 2.995913 1.000000 0.114704 -0.484415 3.098946 1.000000 0.128377 -0.871277 3.094400 1.000000 0.141459 -0.952538 3.043990 1.000000
31269555127 0.042206 0.172306 2.996202 1.000000 0.042765 0.230094 3.032757 1.000000 0.060297 0.536529 3.023555 1.000000 0.056065 0.761790 2.996636 1.000000 -0.134304 0.476716 3.014623 1.000000 -0.268499 0.657494 2.938149 1.000000 -0.099586 0.795923 2.901828 1.000000 -0.034543 0.833091 2.920412 1.000000 0.237338 0.495071 3.042587 1.000000 0.395428 0.680860 2.996162 1.000000 0.212667 0.790565 2.930149 1.000000 0.147054 0.831023 2.926200 1.000000 -0.044152 0.091350 2.980574 1.000000 -0.092939 -0.486443 3.097204 1.000000 -0.138528 -0.857790 3.095693 1.000000 -0.169787 -0.945232 3.038724 1.000000 0.120624 0.086156 2.995714 1.000000 0.114786 -0.484579 3.098882 1.000000 0.129973 -0.863309 3.101266 1.000000 0.140734 -0.951876 3.045712 1.000000
31269588461 0.043017 0.172977 2.994881 1.000000 0.044473 0.236205 3.026161 1.000000 0.074249 0.568604 2.983737 1.000000 0.056681 0.781374 2.991175 1.000000 -0.135932 0.478342 3.013102 1.000000 -0.270851 0.657329 2.938412 1.000000 -0.102521 0.796206 2.900734 1.000000 -0.037483 0.833371 2.919317 1.000000 0.237390 0.493848 3.042391 1.000000 0.395448 0.680999 2.996029 1.000000 0.213062 0.790888 2.929180 1.000000 0.147455 0.831341 2.925232 1.000000 -0.044174 0.091408 2.980622 1.000000 -0.069711 -0.491956 3.100464 1.000000 -0.138319 -0.858054 3.095853 1.000000 -0.170176 -0.944560 3.038507 1.000000 0.121325 0.086487 2.995325 1.000000 0.114705 -0.485221 3.099562 1.000000 0.128071 -0.867576 3.098045 1.000000 0.142582 -0.956021 3.055136 1.000000
31269621787 0.042914 0.172814 2.994894 1.000000 0.044417 0.233582 3.025871 1.000000 0.067708 0.548754 3.010203 1.000000 0.057295 0.778492 3.001814 1.000000 -0.137181 0.477394 3.012153 1.000000 -0.271843 0.657453 2.938269 1.000000 -0.105776 0.799314 2.902451 1.000000 -0.050719 0.852054 2.914396 1.000000 0.238085 0.493215 3.042247 1.000000 0.397004 0.680497 2.996024 1.000000 0.215914 0.791656 2.927495 1.000000 0.150310 0.832106 2.923548 1.000000 -0.044463 0.090544 2.980721 1.000000 -0.083000 -0.490050 3.101209 1.000000 -0.138873 -0.847687 3.097534 1.000000 -0.169747 -0.942567 3.040359 1.000000 0.120893 0.086079 2.995075 1.000000 0.114617 -0.486230 3.100230 1.000000 0.128136 -0.867451 3.098019 1.000000 0.141837 -0.955562 3.053544 1.000000
31269655138 0.042590 0.172277 2.995305 1.000000 0.043347 0.230465 3.028615 1.000000 0.056888 0.537856 3.025590 1.000000 0.059199 0.765506 3.006813 1.000000 -0.137332 0.477200 3.011995 1.000000 -0.276772 0.655423 2.936678 1.000000 -0.115951 0.803979 2.906863 1.000000 -0.057926 0.854841 2.907797 1.000000 0.239044 0.493458 3.041828 1.000000 0.402147 0.678725 2.994021 1.000000 0.221105 0.790937 2.927554 1.000000 0.155506 0.831383 2.923608 1.000000 -0.044337 0.089887 2.980389 1.000000 -0.087738 -0.488223 3.100172 1.000000 -0.139230 -0.854088 3.092881 1.000000 -0.170564 -0.943727 3.038845 1.000000 0.120585 0.085104 2.995143 1.000000 0.114523 -0.486433 3.100209 1.000000 0.128321 -0.867712 3.098142 1.000000 0.141816 -0.955562 3.053378 1.000000
31269688524 0.041451 0.171466 2.995894 1.000000 0.041261 0.228707 3.031273 1.000000 0.053590 0.536030 3.027961 1.000000 0.080688 0.719482 2.962155 1.000000 -0.137714 0.475089 3.010694 1.000000 -0.279696 0.655771 2.934806 1.000000 -0.119614 0.806029 2.922370 1.000000 -0.061053 0.855283 2.912449 1.000000 0.240606 0.493935 3.041740 1.000000 0.405621 0.679642 2.993501 1.000000 0.225118 0.792564 2.926761 1.000000 0.159523 0.833007 2.922815 1.000000 -0.044865 0.089267 2.980234 1.000000 -0.089287 -0.487886 3.100129 1.000000 -0.138624 -0.856655 3.092609 1.000000 -0.171036 -0.943880 3.039677 1.000000 0.119651 0.083368 2.995167 1.000000 0.113849 -0.488812 3.100585 1.000000 0.127924 -0.868865 3.097381 1.000000 0.141649 -0.955525 3.053622 1.000000
31269721865 0.041150 0.169945 2.996065 1.000000 0.040848 0.226902 3.033024 1.000000 0.052836 0.535408 3.028869 1.000000 0.074303 0.699892 2.949991 1.000000 -0.138109 0.472963 3.009710 1.000000 -0.284984 0.644547 2.936104 1.000000 -0.139716 0.809153 2.922769 1.000000 -0.084368 0.861813 2.911988 1.000000 0.241360 0.492354 3.039222 1.000000 0.407192 0.678111 2.993203 1.000000 0.232193 0.800171 2.928331 1.000000 0.166605 0.840609 2.924386 1.000000 -0.045017 0.087801 2.979817 1.000000 -0.090332 -0.487207 3.100409 1.000000 -0.138777 -0.859098 3.091491 1.000000 -0.172034 -0.944491 3.039256 1.000000 0.119924 0.081147 2.994640 1.000000 0.110428 -0.490743 3.101509 1.000000 0.127705 -0.870025 3.099617 1.000000 0.140665 -0.954325 3.052691 1.000000
31269755171 0.040641 0.168886 2.996122 1.000000 0.040406 0.225732 3.034359 1.000000 0.053749 0.534766 3.029285 1.000000 0.067989 0.697653 2.957085 1.000000 -0.138215 0.471527 3.008677 1.000000 -0.288520 0.639555 2.938714 1.000000 -0.149100 0.809074 2.921410 1.000000 -0.093196 0.861042 2.910205 1.000000 0.241900 0.491923 3.039006 1.000000 0.408730 0.677411 2.992997 1.000000 0.237736 0.805061 2.928287 1.000000 0.172153 0.845495 2.924342 1.000000 -0.045754 0.086662 2.979514 1.000000 -0.081782 -0.488682 3.101848 1.000000 -0.136327 -0.853741 3.100733 1.000000 -0.172205 -0.943209 3.039208 1.000000 0.119020 0.079509 2.994177 1.000000 0.111002 -0.490927 3.102055 1.000000 0.126650 -0.871231 3.100328 1.000000 0.140725 -0.954389 3.052787 1.000000
31269788550 0.040679 0.168510 2.996213 1.000000 0.040393 0.225056 3.035513 1.000000 0.054053 0.533760 3.029335 1.000000 0.067166 0.692262 2.957793 1.000000 -0.140351 0.470713 3.008139 1.000000 -0.293868 0.632835 2.940623 1.000000 -0.173820 0.816412 2.919001 1.000000 -0.117612 0.867843 2.906906 1.000000 0.242984 0.492072 3.038772 1.000000 0.414040 0.671229 2.993420 1.000000 0.249895 0.808951 2.932596 1.000000 0.184317 0.849383 2.928651 1.000000 -0.045415 0.085339 2.979092 1.000000 -0.071922 -0.493539 3.102787 1.000000 -0.136410 -0.852996 3.101797 1.000000 -0.172011 -0.940819 3.037764 1.000000 0.118958 0.078311 2.994283 1.000000 0.111086 -0.490939 3.102049 1.000000 0.125306 -0.875135 3.089664 1.000000 0.141418 -0.954196 3.051870 1.000000
31269821930 0.040681 0.168041 2.995920 1.000000 0.040435 0.224406 3.035836 1.000000 0.056190 0.530522 3.027079 1.000000 0.067313 0.691153 2.958911 1.000000 -0.142782 0.466424 3.006231 1.000000 -0.299630 0.626368 2.943414 1.000000 -0.202802 0.823098 2.920445 1.000000 -0.168355 0.891466 2.911026 1.000000 0.245595 0.491813 3.038000 1.000000 0.418231 0.664125 2.994470 1.000000 0.266854 0.815865 2.934044 1.000000 0.201282 0.856293 2.930099 1.000000 -0.046628 0.082984 2.978400 1.000000 -0.085133 -0.489491 3.102313 1.000000 -0.136601 -0.851721 3.101421 1.000000 -0.172058 -0.940896 3.038017 1.000000 0.119401 0.077309 2.993563 1.000000 0.111239 -0.491235 3.102422 1.000000 0.125397 -0.874954 3.089806 1.000000 0.141610 -0.954236 3.052341 1.000000
31269855326 0.042564 0.165672 2.995869 1.000000 0.041936 0.222305 3.036652 1.000000 0.056840 0.530312 3.027387 1.000000 0.066084 0.691212 2.956464 1.000000 -0.142413 0.462794 3.004555 1.000000 -0.305757 0.626575 2.941972 1.000000 -0.203390 0.820663 2.924590 1.000000 -0.136456 0.900691 2.922453 1.000000 0.246501 0.490891 3.037906 1.000000 0.426766 0.656937 2.995189 1.000000 0.277979 0.821318 2.938961 1.000000 0.214630 0.903184 2.952158 1.000000 -0.044779 0.078608 2.977481 1.000000 -0.088576 -0.483340 3.099064 1.000000 -0.137350 -0.860072 3.100635 1.000000 -0.171865 -0.940140 3.038383 1.000000 0.122491 0.075652 2.993554 1.000000 0.111396 -0.491306 3.102386 1.000000 0.125699 -0.869229 3.093370 1.000000 0.141608 -0.951625 3.051958 1.000000
31269888631 0.042722 0.153028 2.995468 1.000000 0.042069 0.212417 3.036851 1.000000 0.057038 0.529589 3.026904 1.000000 0.063393 0.691382 2.954964 1.000000 -0.142221 0.461349 3.003788 1.000000 -0.320158 0.615180 2.945144 1.000000 -0.218275 0.809427 2.925073 1.000000 -0.187075 0.818948 2.924251 1.000000 0.248084 0.490076 3.037818 1.000000 0.435519 0.650304 2.998377 1.000000 0.326815 0.837684 2.950129 1.000000 0.265187 0.921785 2.954275 1.000000 -0.044485 0.061014 2.978349 1.000000 -0.064761 -0.520909 3.115104 1.000000 -0.139205 -0.876032 3.094230 1.000000 -0.172619 -0.945913 3.037915 1.000000 0.122659 0.066016 2.992774 1.000000 0.111481 -0.491178 3.102360 1.000000 0.126440 -0.872134 3.094972 1.000000 0.142338 -0.953897 3.054805 1.000000
31269922006 0.042700 0.151951 2.994712 1.000000 0.041910 0.211226 3.036649 1.000000 0.056653 0.529434 3.026278 1.000000 0.060558 0.692511 2.952938 1.000000 -0.142198 0.461093 3.003474 1.000000 -0.330711 0.605815 2.950549 1.000000 -0.240408 0.805355 2.923874 1.000000 -0.187987 0.857558 2.920810 1.000000 0.248016 0.489314 3.037515 1.000000 0.444612 0.642115 2.997194 1.000000 0.339212 0.832989 2.959318 1.000000 0.329251 0.909241 2.953556 1.000000 -0.044748 0.060824 2.977578 1.000000 -0.064881 -0.515795 3.113322 1.000000 -0.138724 -0.874334 3.095302 1.000000 -0.170152 -0.946835 3.045282 1.000000 0.123407 0.064444 2.992037 1.000000 0.111797 -0.491406 3.102709 1.000000 0.127030 -0.871995 3.098078 1.000000 0.142484 -0.953594 3.051935 1.000000
31269955328 0.042660 0.150747 2.993897 1.000000 0.041802 0.209958 3.036297 1.000000 0.056470 0.529146 3.025395 1.000000 0.059794 0.692405 2.951661 1.000000 -0.142272 0.461086 3.003506 1.000000 -0.335828 0.601436 2.952965 1.000000 -0.258260 0.806496 2.930767 1.000000 -0.210338 0.846592 2.927488 1.000000 0.248063 0.489181 3.037513 1.000000 0.448908 0.637359 2.998170 1.000000 0.366931 0.839650 2.962523 1.000000 0.348134 0.914059 2.955099 1.000000 -0.044411 0.060569 2.976816 1.000000 -0.066704 -0.509730 3.107844 1.000000 -0.139092 -0.872652 3.096579 1.000000 -0.169893 -0.946349 3.047094 1.000000 0.122902 0.062082 2.991152 1.000000 0.112289 -0.493368 3.102142 1.000000 0.126905 -0.872530 3.098798 1.000000 0.142285 -0.952823 3.050138 1.000000
31269988671 0.043218 0.149876 2.993128 1.000000 0.042201 0.208943 3.036150 1.000000 0.056616 0.528880 3.025265 1.000000 0.057287 0.692982 2.949263 1.000000 -0.143242 0.459656 3.002899 1.000000 -0.351694 0.572382 2.957809 1.000000 -0.287611 0.794116 2.933298 1.000000 -0.233358 0.857471 2.929363 1.000000 0.248691 0.488831 3.037746 1.000000 0.455693 0.631766 2.998078 1.000000 0.397298 0.842359 2.965355 1.000000 0.348010 0.934206 2.961318 1.000000 -0.043623 0.059832 2.974893 1.000000 -0.085346 -0.495189 3.100922 1.000000 -0.139079 -0.872456 3.096807 1.000000 -0.169365 -0.946006 3.047282 1.000000 0.123806 0.060162 2.990454 1.000000 0.112554 -0.493824 3.102118 1.000000 0.126177 -0.872393 3.098053 1.000000 0.141787 -0.952388 3.048934 1.000000
31270022017 0.043980 0.148424 2.991771 1.000000 0.042793 0.207850 3.034649 1.000000 0.055811 0.528405 3.020573 1.000000 0.054969 0.693387 2.947088 1.000000 -0.145341 0.457819 3.003218 1.000000 -0.354020 0.563661 2.961757 1.000000 -0.299022 0.828446 2.933911 1.000000 -0.247382 0.919063 2.935695 1.000000 0.248832 0.488557 3.037725 1.000000 0.463243 0.629535 3.002136 1.000000 0.439424 0.847157 2.974486 1.000000 0.406065 0.945900 2.970216 1.000000 -0.042584 0.058444 2.973581 1.000000 -0.089354 -0.496744 3.101209 1.000000 -0.137699 -0.885108 3.098177 1.000000 -0.171361 -0.950451 3.040782 1.000000 0.125023 0.057948 2.989692 1.000000 0.109801 -0.494247 3.102530 1.000000 0.126113 -0.872676 3.098170 1.000000 0.141480 -0.952928 3.050858 1.000000
31270055417 0.043259 0.145084 2.989933 1.000000 0.041812 0.204830 3.033309 1.000000 0.054701 0.527836 3.020143 1.000000 0.052900 0.693674 2.945073 1.000000 -0.146977 0.454993 3.003481 1.000000 -0.361010 0.558152 2.963873 1.000000 -0.346191 0.793945 2.924254 1.000000 -0.302444 0.888295 2.932318 1.000000 0.248306 0.480076 3.038416 1.000000 0.464111 0.564453 3.019437 1.000000 0.457187 0.781705 2.976618 1.000000 0.445395 0.885246 2.981179 1.000000 -0.043059 0.056153 2.971814 1.000000 -0.078288 -0.504683 3.104680 1.000000 -0.137971 -0.882632 3.098041 1.000000 -0.171379 -0.950389 3.040789 1.000000 0.124657 0.053809 2.987607 1.000000 0.109676 -0.495862 3.103141 1.000000 0.126374 -0.872753 3.098467 1.000000 0.141445 -0.953939 3.054633 1.000000
31270088715 0.042779 0.142239 2.988176 1.000000 0.040897 0.202120 3.031809 1.000000 0.052418 0.526643 3.018647 1.000000 0.052357 0.693705 2.943604 1.000000 -0.148410 0.452971 3.004096 1.000000 -0.365723 0.505859 2.974517 1.000000 -0.386930 0.721464 2.927029 1.000000 -0.365498 0.823501 2.930064 1.000000 0.249935 0.471552 3.039646 1.000000 0.468221 0.558791 3.019439 1.000000 0.479748 0.774882 2.970427 1.000000 0.476898 0.879007 2.964971 1.000000 -0.043549 0.053841 2.970261 1.000000 -0.075661 -0.503929 3.104945 1.000000 -0.137737 -0.879587 3.096370 1.000000 -0.170515 -0.949696 3.045873 1.000000 0.125114 0.049365 2.985343 1.000000 0.110013 -0.495488 3.103017 1.000000 0.125941 -0.872943 3.097458 1.000000 0.141106 -0.953960 3.055379 1.000000
31270138723 0.042038 0.140770 2.985912 1.000000 0.040324 0.200614 3.029667 1.000000 0.051841 0.525675 3.016219 1.000000 0.051461 0.694018 2.943026 1.000000 -0.149284 0.451948 3.005223 1.000000 -0.382381 0.509276 2.974519 1.000000 -0.398023 0.725659 2.929125 1.000000 -0.385807 0.829127 2.924173 1.000000 0.250954 0.467448 3.039005 1.000000 0.475276 0.546210 3.022625 1.000000 0.513025 0.759234 2.973402 1.000000 0.513938 0.863302 2.966430 1.000000 -0.044635 0.052370 2.968710 1.000000 -0.084025 -0.496725 3.102571 1.000000 -0.137450 -0.871541 3.108667 1.000000 -0.170912 -0.948807 3.045728 1.000000 0.124537 0.047595 2.982281 1.000000 0.110547 -0.495731 3.102659 1.000000 0.125919 -0.873110 3.097596 1.000000 0.140996 -0.954309 3.054847 1.000000
31270188743 0.040959 0.133980 2.982559 1.000000 0.039034 0.194920 3.026421 1.000000 0.048608 0.523984 3.012303 1.000000 0.050677 0.693362 2.941708 1.000000 -0.146841 0.445772 3.007037 1.000000 -0.398362 0.465782 2.992016 1.000000 -0.472656 0.717285 2.947695 1.000000 -0.478113 0.793676 2.938965 1.000000 0.249210 0.463900 3.039119 1.000000 0.469727 0.470215 3.052645 1.000000 0.578613 0.721191 3.004336 1.000000 0.606586 0.820975 3.016026 1.000000 -0.044532 0.049111 2.966486 1.000000 -0.087138 -0.493744 3.100560 1.000000 -0.137816 -0.869599 3.108402 1.000000 -0.170872 -0.944802 3.044331 1.000000 0.123538 0.042096 2.980215 1.000000 0.111442 -0.498024 3.103374 1.000000 0.125825 -0.873383 3.097436 1.000000 0.140870 -0.954588 3.054424 1.000000
31270222149 0.040422 0.131321 2.981604 1.000000 0.038418 0.192482 3.025145 1.000000 0.047058 0.522287 3.009653 1.000000 0.049607 0.690879 2.940245 1.000000 -0.145697 0.442409 3.008426 1.000000 -0.363578 0.423279 2.998208 1.000000 -0.500136 0.684722 2.953277 1.000000 -0.497709 0.761097 2.943179 1.000000 0.248410 0.460760 3.039695 1.000000 0.470772 0.466332 3.055036 1.000000 0.606795 0.696532 3.020189 1.000000 0.629062 0.769433 3.008758 1.000000 -0.044842 0.047020 2.965492 1.000000 -0.068337 -0.502903 3.103979 1.000000 -0.136328 -0.855636 3.107836 1.000000 -0.171116 -0.942910 3.042082 1.000000 0.123106 0.039623 2.979917 1.000000 0.111394 -0.497999 3.103505 1.000000 0.126670 -0.874796 3.098648 1.000000 0.142593 -0.956455 3.057922 1.000000
31270255430 0.040270 0.128130 2.980463 1.000000 0.038226 0.190281 3.023388 1.000000 0.044305 0.522342 3.005472 1.000000 0.048685 0.691243 2.938899 1.000000 -0.144567 0.438889 3.010642 1.000000 -0.361874 0.411344 3.003008 1.000000 -0.527412 0.655433 2.958135 1.000000 -0.553426 0.727487 2.949640 1.000000 0.244945 0.456281 3.038939 1.000000 0.482984 0.462150 3.061059 1.000000 0.651367 0.680176 3.039493 1.000000 0.690848 0.745202 3.027107 1.000000 -0.044267 0.043735 2.965360 1.000000 -0.085082 -0.488266 3.103900 1.000000 -0.136572 -0.855378 3.108174 1.000000 -0.171284 -0.942876 3.042156 1.000000 0.123077 0.038534 2.979251 1.000000 0.111662 -0.498005 3.102852 1.000000 0.126793 -0.874781 3.098593 1.000000 0.142810 -0.956316 3.057821 1.000000
31270288837 0.039322 0.124963 2.980195 1.000000 0.037489 0.188024 3.022471 1.000000 0.044319 0.522359 3.004471 1.000000 0.048254 0.691476 2.936873 1.000000 -0.143858 0.437399 3.012192 1.000000 -0.362114 0.397491 3.009989 1.000000 -0.539721 0.525962 2.993383 1.000000 -0.590643 0.613002 2.966856 1.000000 0.241599 0.452155 3.040392 1.000000 0.487878 0.433398 3.069735 1.000000 0.683418 0.656370 3.052005 1.000000 0.741438 0.705532 3.039490 1.000000 -0.044878 0.041980 2.965847 1.000000 -0.068150 -0.513152 3.109993 1.000000 -0.137925 -0.864982 3.102178 1.000000 -0.172568 -0.945112 3.039024 1.000000 0.121664 0.035910 2.978856 1.000000 0.112241 -0.498229 3.102747 1.000000 0.127562 -0.874123 3.097366 1.000000 0.142857 -0.956343 3.057774 1.000000
31270322143 0.037734 0.119920 2.979598 1.000000 0.036296 0.184430 3.021470 1.000000 0.043701 0.522773 3.003911 1.000000 0.047652 0.692228 2.936589 1.000000 -0.141495 0.432825 3.013425 1.000000 -0.377641 0.378012 3.018257 1.000000 -0.551194 0.511457 2.993685 1.000000 -0.611618 0.593145 2.970271 1.000000 0.237853 0.446964 3.039337 1.000000 0.486311 0.413417 3.082144 1.000000 0.670325 0.531980 3.057154 1.000000 0.746224 0.603059 3.049444 1.000000 -0.045472 0.038847 2.965800 1.000000 -0.064874 -0.514627 3.110988 1.000000 -0.136972 -0.867128 3.100623 1.000000 -0.171454 -0.946941 3.042286 1.000000 0.119480 0.032506 2.978352 1.000000 0.112407 -0.499255 3.104011 1.000000 0.127199 -0.874300 3.096638 1.000000 0.142765 -0.956441 3.056765 1.000000
31270354900 0.037253 0.115804 2.978466 1.000000 0.036107 0.180933 3.020068 1.000000 0.043436 0.522736 3.003257 1.000000 0.047730 0.692723 2.936413 1.000000 -0.140256 0.428438 3.015468 1.000000 -0.364686 0.337782 3.034245 1.000000 -0.576172 0.479492 2.988715 1.000000 -0.643633 0.558932 2.992498 1.000000 0.235867 0.444266 3.038327 1.000000 0.487590 0.386047 3.083447 1.000000 0.691713 0.462705 3.047586 1.000000 0.745061 0.517959 3.041054 1.000000 -0.045597 0.035483 2.965990 1.000000 -0.063963 -0.513392 3.110409 1.000000 -0.136904 -0.867063 3.100574 1.000000 -0.171565 -0.946786 3.042474 1.000000 0.118474 0.029080 2.976144 1.000000 0.113040 -0.500860 3.104353 1.000000 0.126951 -0.874207 3.096709 1.000000 0.143468 -0.955119 3.056013 1.000000
31270376696 0.036510 0.112931 2.977036 1.000000 0.035685 0.178694 3.018207 1.000000 0.043366 0.523322 3.000893 1.000000 0.047867 0.696465 2.937061 1.000000 -0.139567 0.425569 3.016076 1.000000 -0.345750 0.321144 3.037624 1.000000 -0.555748 0.381375 3.006449 1.000000 -0.622941 0.417772 2.996494 1.000000 0.233589 0.441884 3.037062 1.000000 0.454102 0.348877 3.081951 1.000000 0.666252 0.403434 3.060580 1.000000 0.736969 0.421620 3.057842 1.000000 -0.046142 0.033408 2.966246 1.000000 -0.063506 -0.509379 3.108452 1.000000 -0.136123 -0.867901 3.099296 1.000000 -0.171334 -0.944931 3.041778 1.000000 0.117019 0.026381 2.973103 1.000000 0.113187 -0.503244 3.104679 1.000000 0.126664 -0.873642 3.097766 1.000000 0.143383 -0.955040 3.055941 1.000000
31270422349 0.035455 0.110865 2.976441 1.000000 0.035071 0.176948 3.017653 1.000000 0.043337 0.523364 3.001127 1.000000 0.046201 0.697717 2.935432 1.000000 -0.139339 0.423097 3.016495 1.000000 -0.337591 0.299522 3.049913 1.000000 -0.554588 0.328402 3.025667 1.000000 -0.624454 0.360584 3.021321 1.000000 0.231013 0.438280 3.035385 1.000000 0.440361 0.337913 3.085461 1.000000 0.658615 0.358158 3.072258 1.000000 0.731366 0.364907 3.072242 1.000000 -0.047291 0.031575 2.965993 1.000000 -0.086572 -0.501210 3.103843 1.000000 -0.136926 -0.867704 3.095597 1.000000 -0.171581 -0.945948 3.042597 1.000000 0.115582 0.024806 2.971700 1.000000 0.113106 -0.504196 3.105478 1.000000 0.127674 -0.869166 3.099546 1.000000 0.143213 -0.953435 3.056414 1.000000
31270455527 0.034364 0.106307 2.975261 1.000000 0.033985 0.172998 3.016328 1.000000 0.043122 0.523100 3.000609 1.000000 0.046581 0.697155 2.935128 1.000000 -0.139089 0.418147 3.015718 1.000000 -0.327789 0.276351 3.056108 1.000000 -0.546079 0.295380 3.037459 1.000000 -0.622781 0.302396 3.038105 1.000000 0.229306 0.433395 3.035430 1.000000 0.449195 0.314641 3.085744 1.000000 0.665385 0.281134 3.086083 1.000000 0.737448 0.269966 3.090582 1.000000 -0.048576 0.026397 2.964679 1.000000 -0.070567 -0.503887 3.107238 1.000000 -0.135984 -0.857126 3.101375 1.000000 -0.170626 -0.943877 3.041806 1.000000 0.114505 0.021716 2.971009 1.000000 0.113736 -0.505888 3.106793 1.000000 0.125870 -0.871186 3.096842 1.000000 0.143273 -0.953219 3.052752 1.000000
31270505560 0.033446 0.101562 2.974361 1.000000 0.033186 0.169178 3.015603 1.000000 0.043149 0.523083 3.000606 1.000000 0.046640 0.697460 2.935033 1.000000 -0.138385 0.413425 3.014582 1.000000 -0.319131 0.257578 3.060211 1.000000 -0.538050 0.253397 3.036987 1.000000 -0.587402 0.260010 3.029736 1.000000 0.228303 0.428682 3.035461 1.000000 0.451374 0.291887 3.089819 1.000000 0.668135 0.260762 3.086169 1.000000 0.740388 0.250387 3.089338 1.000000 -0.049860 0.021188 2.963879 1.000000 -0.086047 -0.511984 3.106410 1.000000 -0.137567 -0.881585 3.093024 1.000000 -0.170594 -0.949141 3.038784 1.000000 0.113400 0.018188 2.969895 1.000000 0.113794 -0.505887 3.106618 1.000000 0.127404 -0.861183 3.102893 1.000000 0.142995 -0.951908 3.053062 1.000000
31270555574 0.033550 0.097163 2.973600 1.000000 0.033304 0.165689 3.015153 1.000000 0.043171 0.523143 3.000687 1.000000 0.046208 0.697095 2.936057 1.000000 -0.137108 0.410617 3.012264 1.000000 -0.288818 0.211426 3.058523 1.000000 -0.496787 0.143343 3.058300 1.000000 -0.568814 0.119026 3.070613 1.000000 0.226516 0.413863 3.031144 1.000000 0.432475 0.221924 3.098589 1.000000 0.644047 0.164774 3.080450 1.000000 0.714571 0.145724 3.078789 1.000000 -0.049616 0.018915 2.963356 1.000000 -0.092761 -0.498417 3.099304 1.000000 -0.139156 -0.875840 3.094628 1.000000 -0.169413 -0.948111 3.041167 1.000000 0.113174 0.012984 2.968664 1.000000 0.114088 -0.505375 3.106306 1.000000 0.126489 -0.863757 3.103488 1.000000 0.143377 -0.952611 3.053894 1.000000
31270588309 0.033829 0.095791 2.973335 1.000000 0.033716 0.164050 3.015320 1.000000 0.044298 0.522626 3.002162 1.000000 0.046709 0.695268 2.937027 1.000000 -0.136205 0.407718 3.011235 1.000000 -0.266236 0.202187 3.055788 1.000000 -0.459915 0.101264 3.061632 1.000000 -0.531927 0.076953 3.073942 1.000000 0.226885 0.409939 3.029580 1.000000 0.400594 0.208058 3.099541 1.000000 0.597373 0.112533 3.100925 1.000000 0.611328 0.119324 3.107865 1.000000 -0.049549 0.017972 2.962952 1.000000 -0.093910 -0.487220 3.096819 1.000000 -0.132468 -0.834864 3.118558 1.000000 -0.163566 -0.925969 3.055659 1.000000 0.113412 0.011305 2.967973 1.000000 0.113562 -0.504013 3.104535 1.000000 0.126328 -0.864389 3.103714 1.000000 0.142592 -0.951554 3.051928 1.000000
31270610161 0.034010 0.095799 2.973133 1.000000 0.033847 0.163889 3.015478 1.000000 0.044246 0.522372 3.002559 1.000000 0.045219 0.689094 2.942061 1.000000 -0.135316 0.406678 3.011715 1.000000 -0.253553 0.193417 3.055140 1.000000 -0.426394 0.059455 3.057603 1.000000 -0.494141 0.025040 3.064897 1.000000 0.226916 0.408207 3.029599 1.000000 0.385797 0.189408 3.099542 1.000000 0.568499 0.068319 3.090990 1.000000 0.613281 0.039673 3.082475 1.000000 -0.049131 0.018664 2.961675 1.000000 -0.094982 -0.531161 3.109177 1.000000 -0.141968 -0.878906 3.076104 1.000000 -0.172758 -0.947880 3.037159 1.000000 0.113689 0.011164 2.967904 1.000000 0.113851 -0.469005 3.088549 1.000000 0.126284 -0.862341 3.095628 1.000000 0.142093 -0.951791 3.052925 1.000000
31270642068 0.033788 0.092617 2.973220 1.000000 0.033732 0.161303 3.015825 1.000000 0.044142 0.522403 3.002656 1.000000 0.045265 0.697258 2.946555 1.000000 -0.134300 0.405502 3.012521 1.000000 -0.245645 0.181766 3.050610 1.000000 -0.407959 0.010300 3.041461 1.000000 -0.464116 -0.039940 3.057133 1.000000 0.225656 0.407409 3.028908 1.000000 0.370602 0.175541 3.103334 1.000000 0.530424 0.025447 3.090297 1.000000 0.592999 -0.019312 3.092382 1.000000 -0.048806 0.015946 2.962168 1.000000 -0.095597 -0.511149 3.105814 1.000000 -0.132082 -0.844184 3.108900 1.000000 -0.167922 -0.934607 3.047564 1.000000 0.113154 0.009609 2.967835 1.000000 0.116725 -0.506053 3.098588 1.000000 0.125753 -0.864726 3.095197 1.000000 0.143455 -0.951588 3.047709 1.000000
31270674516 0.033535 0.091570 2.973626 1.000000 0.033527 0.160308 3.016595 1.000000 0.044056 0.522886 3.003871 1.000000 0.045478 0.698172 2.947330 1.000000 -0.133927 0.405241 3.012676 1.000000 -0.240273 0.164086 3.049489 1.000000 -0.368233 -0.013713 3.046245 1.000000 -0.419341 -0.071169 3.049208 1.000000 0.225052 0.406806 3.028757 1.000000 0.355316 0.155299 3.091192 1.000000 0.484848 -0.020931 3.093819 1.000000 0.554513 -0.098220 3.090235 1.000000 -0.048870 0.015365 2.962805 1.000000 -0.095523 -0.510324 3.105566 1.000000 -0.135058 -0.861186 3.102008 1.000000 -0.168191 -0.943405 3.048366 1.000000 0.112566 0.008515 2.967831 1.000000 0.116729 -0.505807 3.099200 1.000000 0.125579 -0.865873 3.095574 1.000000 0.142974 -0.951782 3.047105 1.000000
31270707327 0.033378 0.089941 2.974289 1.000000 0.033600 0.158847 3.017578 1.000000 0.044231 0.522957 3.004685 1.000000 0.045145 0.698490 2.947819 1.000000 -0.132375 0.405248 3.014186 1.000000 -0.236996 0.147296 3.045593 1.000000 -0.329743 -0.049958 3.056779 1.000000 -0.380846 -0.107409 3.059741 1.000000 0.224050 0.406866 3.028615 1.000000 0.332944 0.143138 3.084268 1.000000 0.454139 -0.047759 3.099937 1.000000 0.499275 -0.141512 3.096602 1.000000 -0.048529 0.013447 2.964055 1.000000 -0.095777 -0.511294 3.106218 1.000000 -0.137827 -0.870102 3.091340 1.000000 -0.170071 -0.952852 3.039601 1.000000 0.112073 0.008140 2.968028 1.000000 0.115349 -0.504940 3.101141 1.000000 0.125537 -0.866642 3.095585 1.000000 0.143043 -0.951534 3.047772 1.000000
31270739991 0.033788 0.088946 2.975205 1.000000 0.034018 0.157895 3.018603 1.000000 0.044392 0.522784 3.005002 1.000000 0.047620 0.699444 2.949205 1.000000 -0.131241 0.405337 3.015189 1.000000 -0.231015 0.140971 3.039921 1.000000 -0.303955 -0.080322 3.039514 1.000000 -0.355050 -0.137764 3.042476 1.000000 0.222863 0.407373 3.029124 1.000000 0.323727 0.139046 3.080166 1.000000 0.423601 -0.083138 3.103840 1.000000 0.454730 -0.182464 3.103962 1.000000 -0.047428 0.012817 2.965456 1.000000 -0.078265 -0.509807 3.104850 1.000000 -0.137848 -0.870120 3.091288 1.000000 -0.169670 -0.952123 3.039781 1.000000 0.111913 0.007615 2.968788 1.000000 0.115810 -0.506766 3.101694 1.000000 0.124883 -0.870207 3.095603 1.000000 0.142706 -0.951463 3.047859 1.000000
31270771649 0.034126 0.087891 2.976027 1.000000 0.034411 0.157099 3.019278 1.000000 0.044450 0.522790 3.004981 1.000000 0.048441 0.699271 2.949827 1.000000 -0.130757 0.405389 3.015777 1.000000 -0.222358 0.126998 3.033584 1.000000 -0.278157 -0.087272 3.032248 1.000000 -0.302763 -0.188407 3.030090 1.000000 0.221991 0.407318 3.028658 1.000000 0.310974 0.133492 3.075088 1.000000 0.397416 -0.119315 3.098404 1.000000 0.402588 -0.200439 3.096156 1.000000 -0.046686 0.011571 2.966725 1.000000 -0.084522 -0.509618 3.105912 1.000000 -0.138637 -0.869087 3.091047 1.000000 -0.169514 -0.951853 3.039722 1.000000 0.111887 0.007159 2.969729 1.000000 0.116264 -0.508380 3.102503 1.000000 0.124460 -0.871622 3.093977 1.000000 0.142468 -0.953003 3.051356 1.000000
31270814569 0.034764 0.085957 2.977694 1.000000 0.035063 0.155434 3.020584 1.000000 0.044815 0.522322 3.005128 1.000000 0.049616 0.699411 2.951590 1.000000 -0.129882 0.405340 3.016083 1.000000 -0.214972 0.124560 3.031041 1.000000 -0.250607 -0.091751 3.007802 1.000000 -0.263603 -0.194846 3.001428 1.000000 0.221670 0.407006 3.028576 1.000000 0.298774 0.129015 3.072972 1.000000 0.335126 -0.085847 3.085779 1.000000 0.363754 -0.185874 3.082144 1.000000 -0.045550 0.009122 2.968512 1.000000 -0.080275 -0.515501 3.107404 1.000000 -0.140404 -0.871863 3.090728 1.000000 -0.169871 -0.952167 3.038203 1.000000 0.111964 0.006228 2.972068 1.000000 0.114733 -0.509671 3.103201 1.000000 0.124600 -0.871187 3.094380 1.000000 0.141934 -0.952750 3.051291 1.000000
31270848535 0.034992 0.082653 2.979878 1.000000 0.035091 0.152663 3.021987 1.000000 0.044857 0.521282 3.005016 1.000000 0.051045 0.695840 2.953923 1.000000 -0.127503 0.405506 3.014136 1.000000 -0.204257 0.121154 3.026251 1.000000 -0.225919 -0.099050 2.987175 1.000000 -0.234136 -0.202060 2.974567 1.000000 0.221518 0.405642 3.027732 1.000000 0.282436 0.128406 3.066839 1.000000 0.307907 -0.089248 3.066188 1.000000 0.317267 -0.190787 3.045221 1.000000 -0.044833 0.006513 2.970857 1.000000 -0.088273 -0.516349 3.105190 1.000000 -0.140934 -0.872657 3.089976 1.000000 -0.169614 -0.952662 3.038519 1.000000 0.111594 0.003177 2.975136 1.000000 0.114913 -0.509169 3.103079 1.000000 0.124686 -0.870846 3.094697 1.000000 0.141486 -0.952282 3.050704 1.000000
31270881244 0.035060 0.081968 2.980805 1.000000 0.035108 0.151733 3.022560 1.000000 0.045347 0.518571 3.005317 1.000000 0.054032 0.691391 2.955758 1.000000 -0.126267 0.405103 3.013053 1.000000 -0.193541 0.125668 3.019702 1.000000 -0.209819 -0.089797 2.967773 1.000000 -0.204006 -0.191230 2.945093 1.000000 0.221554 0.404889 3.027494 1.000000 0.272230 0.127947 3.061967 1.000000 0.288903 -0.090895 3.044073 1.000000 0.287763 -0.190108 3.012570 1.000000 -0.044712 0.006330 2.971432 1.000000 -0.091265 -0.502915 3.101389 1.000000 -0.136271 -0.838049 3.117423 1.000000 -0.162028 -0.933304 3.058362 1.000000 0.111368 0.001996 2.976997 1.000000 0.114678 -0.508568 3.103181 1.000000 0.125642 -0.870524 3.098057 1.000000 0.141779 -0.951862 3.048748 1.000000
31270913616 0.035624 0.082360 2.981610 1.000000 0.035203 0.151892 3.022733 1.000000 0.044611 0.517561 3.005473 1.000000 0.053913 0.687937 2.954052 1.000000 -0.124694 0.405441 3.011657 1.000000 -0.181123 0.125944 3.003269 1.000000 -0.197941 -0.089581 2.951748 1.000000 -0.194947 -0.190826 2.927575 1.000000 0.221458 0.404883 3.027623 1.000000 0.266851 0.126552 3.057781 1.000000 0.269801 -0.091977 3.019271 1.000000 0.249177 -0.187736 2.983935 1.000000 -0.043653 0.006868 2.971812 1.000000 -0.103118 -0.439897 3.070679 1.000000 -0.139966 -0.863479 3.115534 1.000000 -0.166369 -0.941554 3.047384 1.000000 0.112295 0.003212 2.979382 1.000000 0.108970 -0.472448 3.091881 1.000000 0.124792 -0.871706 3.095629 1.000000 0.141309 -0.952743 3.047287 1.000000
31270948430 0.036689 0.082343 2.982826 1.000000 0.035853 0.152031 3.023075 1.000000 0.044672 0.517666 3.005258 1.000000 0.054413 0.689238 2.953633 1.000000 -0.124347 0.405597 3.011314 1.000000 -0.178329 0.128802 2.998721 1.000000 -0.185868 -0.084950 2.935863 1.000000 -0.179000 -0.186347 2.913177 1.000000 0.221993 0.404973 3.028481 1.000000 0.261393 0.130366 3.053415 1.000000 0.261136 -0.086994 3.009095 1.000000 0.247240 -0.186491 2.981703 1.000000 -0.042274 0.006710 2.973194 1.000000 -0.094360 -0.492676 3.100035 1.000000 -0.136649 -0.850921 3.107102 1.000000 -0.167380 -0.940818 3.045660 1.000000 0.113606 0.003068 2.981288 1.000000 0.115375 -0.501864 3.104806 1.000000 0.125417 -0.872050 3.095876 1.000000 0.141738 -0.952891 3.047664 1.000000
31270981653 0.037374 0.082285 2.983420 1.000000 0.036450 0.151994 3.023108 1.000000 0.045065 0.517474 3.005175 1.000000 0.055006 0.690126 2.953623 1.000000 -0.124070 0.405849 3.010722 1.000000 -0.175133 0.135635 2.992326 1.000000 -0.179522 -0.077993 2.928482 1.000000 -0.166490 -0.177865 2.902059 1.000000 0.222178 0.405078 3.028748 1.000000 0.258422 0.133866 3.049841 1.000000 0.252883 -0.083351 2.999115 1.000000 0.241300 -0.184232 2.976066 1.000000 -0.041585 0.006491 2.973737 1.000000 -0.058529 -0.515955 3.109169 1.000000 -0.137961 -0.864297 3.097091 1.000000 -0.168653 -0.944461 3.048434 1.000000 0.114226 0.003062 2.981978 1.000000 0.114136 -0.504465 3.107990 1.000000 0.126360 -0.872133 3.096796 1.000000 0.141330 -0.952943 3.050074 1.000000
31271014481 0.037621 0.081836 2.983993 1.000000 0.036673 0.151460 3.023368 1.000000 0.045057 0.516811 3.005876 1.000000 0.055043 0.690281 2.953625 1.000000 -0.123876 0.405718 3.010283 1.000000 -0.173314 0.137680 2.988764 1.000000 -0.173940 -0.073347 2.914780 1.000000 -0.154950 -0.172254 2.888355 1.000000 0.222173 0.405142 3.028715 1.000000 0.256035 0.135724 3.044793 1.000000 0.250439 -0.080539 2.993810 1.000000 0.232751 -0.180312 2.969850 1.000000 -0.041265 0.005997 2.974455 1.000000 -0.086852 -0.502215 3.103433 1.000000 -0.137985 -0.863887 3.096743 1.000000 -0.170109 -0.944544 3.046296 1.000000 0.114377 0.002796 2.982198 1.000000 0.107347 -0.509744 3.109571 1.000000 0.126958 -0.872750 3.100054 1.000000 0.141398 -0.952722 3.051535 1.000000
31271047290 0.037961 0.081740 2.984069 1.000000 0.036956 0.151178 3.023089 1.000000 0.044551 0.513920 3.005980 1.000000 0.056692 0.685146 2.958412 1.000000 -0.123721 0.405291 3.009475 1.000000 -0.172237 0.137846 2.983447 1.000000 -0.168693 -0.070838 2.901899 1.000000 -0.147554 -0.170432 2.880104 1.000000 0.221885 0.404517 3.028046 1.000000 0.256260 0.136761 3.040969 1.000000 0.256742 -0.077495 2.979520 1.000000 0.236679 -0.177338 2.957844 1.000000 -0.040977 0.005857 2.974564 1.000000 -0.092021 -0.481855 3.097318 1.000000 -0.138100 -0.875708 3.084799 1.000000 -0.174622 -0.957244 3.043510 1.000000 0.115138 0.002852 2.982103 1.000000 0.112122 -0.448264 3.078815 1.000000 0.125966 -0.876570 3.099296 1.000000 0.141262 -0.953826 3.053411 1.000000
31271081467 0.038498 0.081632 2.984529 1.000000 0.037303 0.150680 3.023743 1.000000 0.044685 0.512861 3.009049 1.000000 0.053445 0.679433 2.957706 1.000000 -0.123421 0.404873 3.007771 1.000000 -0.170777 0.139463 2.973066 1.000000 -0.160637 -0.066793 2.885078 1.000000 -0.139836 -0.167617 2.869525 1.000000 0.221751 0.404475 3.028147 1.000000 0.255998 0.138367 3.036947 1.000000 0.237427 -0.081509 2.965312 1.000000 0.215475 -0.178934 2.944901 1.000000 -0.040536 0.005687 2.974665 1.000000 -0.091398 -0.478913 3.099070 1.000000 -0.132080 -0.824707 3.111299 1.000000 -0.164007 -0.922026 3.058952 1.000000 0.115790 0.003021 2.982429 1.000000 0.111084 -0.496338 3.111768 1.000000 0.126267 -0.870989 3.096807 1.000000 0.141311 -0.953334 3.053128 1.000000
31271114601 0.039046 0.082572 2.984053 1.000000 0.037667 0.151062 3.023499 1.000000 0.045149 0.512388 3.009184 1.000000 0.051594 0.673793 2.957278 1.000000 -0.123180 0.404625 3.007435 1.000000 -0.169338 0.139985 2.964949 1.000000 -0.153550 -0.066269 2.872551 1.000000 -0.131174 -0.167638 2.864628 1.000000 0.221683 0.404478 3.028217 1.000000 0.255275 0.140578 3.032754 1.000000 0.237257 -0.073603 2.958078 1.000000 0.205291 -0.166385 2.923311 1.000000 -0.040242 0.007037 2.973585 1.000000 -0.089111 -0.440301 3.074453 1.000000 -0.138240 -0.868069 3.069696 1.000000 -0.172016 -0.945685 3.043671 1.000000 0.116659 0.004175 2.981772 1.000000 0.099889 -0.443809 3.089156 1.000000 0.123619 -0.872347 3.103751 1.000000 0.138065 -0.952324 3.049220 1.000000
31271146613 0.039713 0.081901 2.983977 1.000000 0.038010 0.150465 3.023487 1.000000 0.045126 0.512239 3.009245 1.000000 0.053173 0.678120 2.959184 1.000000 -0.122739 0.403899 3.006238 1.000000 -0.168394 0.140063 2.961029 1.000000 -0.152815 -0.065094 2.870926 1.000000 -0.128263 -0.165872 2.862017 1.000000 0.221958 0.404676 3.028560 1.000000 0.255100 0.140908 3.031606 1.000000 0.247550 -0.068123 2.951359 1.000000 0.220640 -0.164133 2.921418 1.000000 -0.039155 0.005237 2.973117 1.000000 -0.095032 -0.515625 3.111770 1.000000 -0.138822 -0.893452 3.084969 1.000000 -0.174560 -0.953635 3.036760 1.000000 0.117383 0.003895 2.981718 1.000000 0.094482 -0.504395 3.113724 1.000000 0.126965 -0.867617 3.097567 1.000000 0.139218 -0.952932 3.049471 1.000000
31271181154 0.040093 0.081806 2.983754 1.000000 0.038258 0.150348 3.023491 1.000000 0.045200 0.512569 3.009803 1.000000 0.054635 0.683748 2.958594 1.000000 -0.122734 0.403876 3.006166 1.000000 -0.166699 0.139830 2.956912 1.000000 -0.150062 -0.066065 2.864599 1.000000 -0.125205 -0.167068 2.860351 1.000000 0.221840 0.404897 3.028649 1.000000 0.255019 0.141484 3.030160 1.000000 0.248410 -0.068072 2.951437 1.000000 0.219163 -0.163522 2.921914 1.000000 -0.038531 0.005042 2.972624 1.000000 -0.094032 -0.511236 3.109265 1.000000 -0.134338 -0.872819 3.101368 1.000000 -0.170710 -0.944619 3.043948 1.000000 0.117767 0.003938 2.981299 1.000000 0.101418 -0.507028 3.113726 1.000000 0.126917 -0.867677 3.097571 1.000000 0.139700 -0.952790 3.049833 1.000000
31271214299 0.040480 0.081738 2.983430 1.000000 0.038478 0.150222 3.023477 1.000000 0.045596 0.512752 3.010301 1.000000 0.054440 0.686073 2.959204 1.000000 -0.122220 0.403694 3.005721 1.000000 -0.166526 0.140488 2.956062 1.000000 -0.149763 -0.065577 2.863007 1.000000 -0.123089 -0.165782 2.853822 1.000000 0.221851 0.405416 3.029294 1.000000 0.254961 0.141979 3.029147 1.000000 0.248435 -0.068082 2.952019 1.000000 0.218929 -0.163360 2.922216 1.000000 -0.037978 0.004912 2.971881 1.000000 -0.080540 -0.504228 3.108496 1.000000 -0.135236 -0.871514 3.099740 1.000000 -0.170282 -0.946030 3.045314 1.000000 0.118064 0.004092 2.980901 1.000000 0.101699 -0.505803 3.113071 1.000000 0.126746 -0.856289 3.104689 1.000000 0.139600 -0.950893 3.047728 1.000000
31271247409 0.040696 0.081742 2.983355 1.000000 0.038590 0.150124 3.023643 1.000000 0.045646 0.512461 3.010676 1.000000 0.053943 0.686835 2.960441 1.000000 -0.122191 0.403724 3.005674 1.000000 -0.166574 0.140439 2.955118 1.000000 -0.149191 -0.069223 2.858635 1.000000 -0.122699 -0.169574 2.850641 1.000000 0.221874 0.405891 3.029812 1.000000 0.255032 0.142651 3.027822 1.000000 0.248721 -0.067921 2.952347 1.000000 0.219747 -0.163573 2.923238 1.000000 -0.037698 0.004814 2.971620 1.000000 -0.069057 -0.506930 3.110099 1.000000 -0.135337 -0.870267 3.099402 1.000000 -0.169560 -0.945852 3.046122 1.000000 0.118312 0.004209 2.980788 1.000000 0.105382 -0.504198 3.110912 1.000000 0.125696 -0.863016 3.104969 1.000000 0.139627 -0.950941 3.047920 1.000000
31271281244 0.041018 0.081115 2.982996 1.000000 0.038812 0.149340 3.023764 1.000000 0.045512 0.511459 3.011564 1.000000 0.053379 0.686203 2.959505 1.000000 -0.121820 0.403317 3.005537 1.000000 -0.166472 0.139009 2.952838 1.000000 -0.149351 -0.069930 2.858547 1.000000 -0.125068 -0.170600 2.848002 1.000000 0.221870 0.405794 3.029915 1.000000 0.254639 0.142902 3.027303 1.000000 0.249627 -0.068592 2.954877 1.000000 0.222324 -0.164532 2.925123 1.000000 -0.037316 0.004179 2.971207 1.000000 -0.087168 -0.486980 3.101060 1.000000 -0.137001 -0.868719 3.095255 1.000000 -0.169345 -0.946335 3.046705 1.000000 0.118640 0.003789 2.980036 1.000000 0.104017 -0.504660 3.110382 1.000000 0.125944 -0.864560 3.105409 1.000000 0.139801 -0.951409 3.047814 1.000000
31271314341 0.041172 0.081781 2.982756 1.000000 0.038958 0.149642 3.023867 1.000000 0.046232 0.510894 3.011382 1.000000 0.051419 0.676126 2.958133 1.000000 -0.121847 0.403232 3.005572 1.000000 -0.166469 0.138988 2.952778 1.000000 -0.149547 -0.070506 2.858475 1.000000 -0.126610 -0.171542 2.848464 1.000000 0.221643 0.405769 3.030254 1.000000 0.254789 0.142337 3.026826 1.000000 0.250698 -0.069270 2.954703 1.000000 0.224585 -0.165822 2.925885 1.000000 -0.037363 0.004570 2.970993 1.000000 -0.043018 -0.477060 3.103831 1.000000 -0.137706 -0.866076 3.095356 1.000000 -0.170232 -0.941824 3.041728 1.000000 0.118751 0.005093 2.979631 1.000000 0.101830 -0.495927 3.106693 1.000000 0.126695 -0.865061 3.096168 1.000000 0.140864 -0.952563 3.049794 1.000000
31271347361 0.041213 0.081626 2.982871 1.000000 0.039020 0.149444 3.024302 1.000000 0.045802 0.510992 3.011947 1.000000 0.053406 0.685847 2.960034 1.000000 -0.121860 0.403408 3.006464 1.000000 -0.166317 0.139485 2.953668 1.000000 -0.150863 -0.069258 2.859130 1.000000 -0.129573 -0.170775 2.850487 1.000000 0.221841 0.405997 3.030577 1.000000 0.254771 0.141997 3.026179 1.000000 0.251000 -0.070168 2.956035 1.000000 0.226757 -0.167625 2.928684 1.000000 -0.037233 0.004224 2.971223 1.000000 -0.053233 -0.510289 3.113924 1.000000 -0.137756 -0.867570 3.097103 1.000000 -0.170474 -0.943507 3.042333 1.000000 0.118778 0.004985 2.979634 1.000000 0.099089 -0.503477 3.107961 1.000000 0.126737 -0.866359 3.096409 1.000000 0.141149 -0.952798 3.050363 1.000000
31271381657 0.041294 0.081673 2.983011 1.000000 0.039026 0.149460 3.024766 1.000000 0.045658 0.511333 3.012396 1.000000 0.054392 0.687373 2.960109 1.000000 -0.121822 0.403381 3.006370 1.000000 -0.166548 0.139713 2.954767 1.000000 -0.154157 -0.069242 2.864102 1.000000 -0.136586 -0.171597 2.857197 1.000000 0.221954 0.406840 3.031005 1.000000 0.254984 0.141515 3.026097 1.000000 0.253294 -0.071394 2.958653 1.000000 0.229155 -0.168678 2.930615 1.000000 -0.037121 0.004233 2.971228 1.000000 -0.094350 -0.512928 3.108417 1.000000 -0.137690 -0.868173 3.096698 1.000000 -0.173531 -0.948905 3.048252 1.000000 0.118832 0.005062 2.979947 1.000000 0.099111 -0.503453 3.107877 1.000000 0.127283 -0.866650 3.097554 1.000000 0.141470 -0.952885 3.050823 1.000000
31271413675 0.041383 0.081714 2.983275 1.000000 0.039076 0.149514 3.025264 1.000000 0.045823 0.511555 3.012536 1.000000 0.054333 0.688507 2.960799 1.000000 -0.121742 0.403562 3.006504 1.000000 -0.166874 0.139389 2.956154 1.000000 -0.159398 -0.067417 2.869101 1.000000 -0.143023 -0.169838 2.860503 1.000000 0.221965 0.407381 3.031590 1.000000 0.255170 0.140890 3.026241 1.000000 0.255827 -0.073479 2.964820 1.000000 0.233216 -0.170991 2.936316 1.000000 -0.036971 0.004284 2.971543 1.000000 -0.094386 -0.509325 3.108277 1.000000 -0.138167 -0.863417 3.098907 1.000000 -0.173704 -0.945263 3.044691 1.000000 0.118804 0.005111 2.980209 1.000000 0.099235 -0.505388 3.108270 1.000000 0.126805 -0.868895 3.100928 1.000000 0.141426 -0.953158 3.051546 1.000000
31271447288 0.041510 0.081937 2.983778 1.000000 0.039185 0.149781 3.025830 1.000000 0.046039 0.511937 3.012507 1.000000 0.055110 0.689896 2.960737 1.000000 -0.122079 0.404732 3.007124 1.000000 -0.168621 0.137921 2.958336 1.000000 -0.169027 -0.071470 2.878498 1.000000 -0.148831 -0.172015 2.860771 1.000000 0.222462 0.407602 3.032444 1.000000 0.255599 0.138500 3.026927 1.000000 0.250977 -0.084961 2.965324 1.000000 0.225248 -0.181865 2.937413 1.000000 -0.036858 0.004469 2.972115 1.000000 -0.094946 -0.508773 3.107286 1.000000 -0.138542 -0.864513 3.099015 1.000000 -0.173115 -0.946108 3.045336 1.000000 0.118836 0.005080 2.980818 1.000000 0.099114 -0.505484 3.108120 1.000000 0.126919 -0.869368 3.100254 1.000000 0.142228 -0.953965 3.051431 1.000000
31271481370 0.041459 0.082096 2.984231 1.000000 0.039163 0.150025 3.026226 1.000000 0.045800 0.512553 3.012240 1.000000 0.054510 0.690771 2.957207 1.000000 -0.122547 0.405606 3.007588 1.000000 -0.170572 0.138511 2.960364 1.000000 -0.170143 -0.071230 2.881582 1.000000 -0.152123 -0.172478 2.865623 1.000000 0.222725 0.407433 3.032548 1.000000 0.256115 0.136356 3.027015 1.000000 0.251259 -0.085315 2.966619 1.000000 0.228903 -0.183741 2.941258 1.000000 -0.036957 0.004573 2.972951 1.000000 -0.073770 -0.510056 3.107684 1.000000 -0.138894 -0.865583 3.098810 1.000000 -0.172779 -0.946411 3.045488 1.000000 0.118803 0.005001 2.981261 1.000000 0.100293 -0.506209 3.107755 1.000000 0.127313 -0.869531 3.100379 1.000000 0.142227 -0.953895 3.051408 1.000000
31271514513 0.041383 0.082048 2.984461 1.000000 0.039093 0.150016 3.026416 1.000000 0.045683 0.512533 3.012129 1.000000 0.054723 0.690975 2.957314 1.000000 -0.122691 0.405815 3.007500 1.000000 -0.172384 0.136916 2.960927 1.000000 -0.170869 -0.073309 2.883670 1.000000 -0.154292 -0.174990 2.868967 1.000000 0.222999 0.407123 3.032477 1.000000 0.257040 0.132842 3.027634 1.000000 0.255201 -0.095522 2.971746 1.000000 0.234361 -0.194162 2.945942 1.000000 -0.037107 0.004548 2.973348 1.000000 -0.069603 -0.512045 3.107753 1.000000 -0.138954 -0.865660 3.098599 1.000000 -0.171777 -0.946316 3.044788 1.000000 0.118731 0.004620 2.981601 1.000000 0.099082 -0.508658 3.108252 1.000000 0.127416 -0.870360 3.099277 1.000000 0.142198 -0.953963 3.051261 1.000000
31271548309 0.041313 0.081885 2.984867 1.000000 0.039026 0.149973 3.026611 1.000000 0.045652 0.512469 3.011831 1.000000 0.054449 0.690946 2.956970 1.000000 -0.122652 0.406344 3.007384 1.000000 -0.173376 0.136415 2.961948 1.000000 -0.174138 -0.075148 2.889171 1.000000 -0.161086 -0.177234 2.873763 1.000000 0.223030 0.407019 3.032542 1.000000 0.257853 0.129745 3.027562 1.000000 0.257503 -0.097366 2.972088 1.000000 0.239274 -0.197630 2.951012 1.000000 -0.037134 0.004406 2.974080 1.000000 -0.082252 -0.505622 3.106794 1.000000 -0.138808 -0.859167 3.098259 1.000000 -0.171342 -0.946911 3.045710 1.000000 0.118519 0.004290 2.982163 1.000000 0.099496 -0.508979 3.108425 1.000000 0.127358 -0.870731 3.100653 1.000000 0.141642 -0.953795 3.050707 1.000000
31271581368 0.041258 0.081906 2.984955 1.000000 0.038975 0.149997 3.026620 1.000000 0.045695 0.512413 3.011764 1.000000 0.054170 0.691176 2.956117 1.000000 -0.122665 0.406407 3.007347 1.000000 -0.175009 0.134012 2.962658 1.000000 -0.177421 -0.079091 2.895597 1.000000 -0.166621 -0.180877 2.876845 1.000000 0.223099 0.407120 3.032765 1.000000 0.259443 0.125782 3.029937 1.000000 0.259844 -0.098905 2.974500 1.000000 0.241636 -0.199277 2.953943 1.000000 -0.037183 0.004466 2.974101 1.000000 -0.075563 -0.508921 3.106472 1.000000 -0.138953 -0.859977 3.097920 1.000000 -0.170169 -0.946608 3.047045 1.000000 0.118315 0.004161 2.982469 1.000000 0.100400 -0.509019 3.108624 1.000000 0.127139 -0.870547 3.100391 1.000000 0.141603 -0.953766 3.050627 1.000000
31271614452 0.040965 0.081877 2.984941 1.000000 0.038786 0.150114 3.026406 1.000000 0.045796 0.512679 3.010648 1.000000 0.054194 0.691101 2.955029 1.000000 -0.122714 0.406384 3.007315 1.000000 -0.176559 0.132448 2.964612 1.000000 -0.179342 -0.080768 2.897917 1.000000 -0.170952 -0.182924 2.879985 1.000000 0.223079 0.407095 3.032796 1.000000 0.260188 0.125463 3.030723 1.000000 0.260981 -0.098701 2.975673 1.000000 0.253590 -0.200935 2.957744 1.000000 -0.037541 0.004600 2.974109 1.000000 -0.086111 -0.502495 3.104261 1.000000 -0.138604 -0.860936 3.094892 1.000000 -0.171124 -0.943954 3.042530 1.000000 0.117657 0.003814 2.982595 1.000000 0.103773 -0.510853 3.108972 1.000000 0.126540 -0.871126 3.099288 1.000000 0.141573 -0.953753 3.050961 1.000000
31271648502 0.039861 0.081396 2.985230 1.000000 0.037952 0.149761 3.026461 1.000000 0.045747 0.512552 3.010632 1.000000 0.054594 0.690924 2.955088 1.000000 -0.122705 0.406361 3.007347 1.000000 -0.178476 0.131541 2.966540 1.000000 -0.185736 -0.082471 2.903466 1.000000 -0.180759 -0.185655 2.890566 1.000000 0.222702 0.407204 3.033081 1.000000 0.260839 0.125410 3.030786 1.000000 0.269142 -0.098729 2.986593 1.000000 0.267450 -0.199279 2.959663 1.000000 -0.038449 0.004554 2.974203 1.000000 -0.092164 -0.510353 3.105903 1.000000 -0.138558 -0.864368 3.095108 1.000000 -0.171017 -0.944378 3.041838 1.000000 0.115657 0.002961 2.983255 1.000000 0.102309 -0.511869 3.109527 1.000000 0.126543 -0.871006 3.099429 1.000000 0.141718 -0.953167 3.047081 1.000000
31271681215 0.038687 0.081360 2.985382 1.000000 0.037135 0.149783 3.026209 1.000000 0.045794 0.512090 3.009758 1.000000 0.054603 0.690920 2.955103 1.000000 -0.122731 0.406536 3.007129 1.000000 -0.180487 0.130988 2.969127 1.000000 -0.192450 -0.084757 2.908269 1.000000 -0.189205 -0.187987 2.895206 1.000000 0.222391 0.407225 3.032977 1.000000 0.261580 0.125871 3.031434 1.000000 0.279240 -0.091433 2.989592 1.000000 0.284353 -0.193525 2.969873 1.000000 -0.039908 0.005306 2.974650 1.000000 -0.093024 -0.509765 3.105630 1.000000 -0.138631 -0.864249 3.094861 1.000000 -0.171511 -0.941702 3.042574 1.000000 0.113640 0.002376 2.983517 1.000000 0.105413 -0.513967 3.109625 1.000000 0.126824 -0.870726 3.101450 1.000000 0.140997 -0.953258 3.049036 1.000000
31271714383 0.037514 0.080966 2.985877 1.000000 0.036367 0.149605 3.026197 1.000000 0.045901 0.512063 3.009511 1.000000 0.053938 0.690920 2.954133 1.000000 -0.122766 0.406662 3.007094 1.000000 -0.183519 0.128814 2.971319 1.000000 -0.199727 -0.088798 2.915899 1.000000 -0.195544 -0.192145 2.904113 1.000000 0.221809 0.407389 3.032845 1.000000 0.263471 0.125790 3.032640 1.000000 0.287846 -0.094026 2.991920 1.000000 0.297334 -0.195388 2.970185 1.000000 -0.041235 0.005169 2.975488 1.000000 -0.095856 -0.514709 3.107798 1.000000 -0.140455 -0.871103 3.092150 1.000000 -0.171071 -0.946152 3.042111 1.000000 0.111966 0.001999 2.984070 1.000000 0.104433 -0.514203 3.109665 1.000000 0.126897 -0.870988 3.099572 1.000000 0.140990 -0.953204 3.048934 1.000000
31271748446 0.036763 0.080544 2.986062 1.000000 0.035798 0.149361 3.025919 1.000000 0.046065 0.511860 3.008943 1.000000 0.054059 0.690453 2.953614 1.000000 -0.122765 0.406722 3.006943 1.000000 -0.186589 0.128632 2.973921 1.000000 -0.207051 -0.094923 2.921733 1.000000 -0.201548 -0.198158 2.909137 1.000000 0.221210 0.407262 3.032945 1.000000 0.264923 0.126241 3.033926 1.000000 0.305485 -0.089524 3.007334 1.000000 0.326313 -0.188054 2.980793 1.000000 -0.041954 0.004953 2.975610 1.000000 -0.097169 -0.508222 3.106413 1.000000 -0.137757 -0.860217 3.092916 1.000000 -0.171320 -0.944711 3.041578 1.000000 0.110925 0.001618 2.984581 1.000000 0.105315 -0.514197 3.109965 1.000000 0.126846 -0.870840 3.099702 1.000000 0.140712 -0.952539 3.048400 1.000000
31271781525 0.036554 0.080421 2.986075 1.000000 0.035653 0.149337 3.025471 1.000000 0.046358 0.511403 3.007983 1.000000 0.053631 0.689624 2.949790 1.000000 -0.122770 0.406872 3.006915 1.000000 -0.190640 0.129118 2.980262 1.000000 -0.222565 -0.087029 2.935096 1.000000 -0.227343 -0.188668 2.912906 1.000000 0.220866 0.407217 3.032848 1.000000 0.268251 0.128230 3.036038 1.000000 0.325168 -0.084083 3.014106 1.000000 0.344631 -0.182302 2.985472 1.000000 -0.042238 0.004849 2.975688 1.000000 -0.067730 -0.520629 3.115617 1.000000 -0.139393 -0.863175 3.093138 1.000000 -0.170835 -0.944657 3.040651 1.000000 0.110745 0.001583 2.984633 1.000000 0.106622 -0.515397 3.110325 1.000000 0.126972 -0.870826 3.099812 1.000000 0.140576 -0.951500 3.047501 1.000000
31271815290 0.036431 0.080193 2.986169 1.000000 0.035469 0.149143 3.025030 1.000000 0.046151 0.510405 3.007073 1.000000 0.054598 0.688393 2.949254 1.000000 -0.122413 0.406531 3.006381 1.000000 -0.196522 0.126621 2.987127 1.000000 -0.233133 -0.087507 2.939068 1.000000 -0.244447 -0.188185 2.914792 1.000000 0.220523 0.407091 3.032757 1.000000 0.271823 0.130113 3.040475 1.000000 0.344731 -0.077330 3.019622 1.000000 0.366003 -0.175353 2.991472 1.000000 -0.042280 0.004856 2.975755 1.000000 -0.088819 -0.501719 3.106688 1.000000 -0.139035 -0.863053 3.094052 1.000000 -0.171028 -0.944519 3.040833 1.000000 0.110634 0.001277 2.984872 1.000000 0.108051 -0.514290 3.111010 1.000000 0.126497 -0.870976 3.101711 1.000000 0.140555 -0.951503 3.047489 1.000000
31271848416 0.036327 0.080323 2.986317 1.000000 0.035396 0.149280 3.024656 1.000000 0.046189 0.510424 3.006930 1.000000 0.055202 0.688650 2.947433 1.000000 -0.122481 0.406431 3.006271 1.000000 -0.204088 0.130572 2.991019 1.000000 -0.264819 -0.082635 2.944542 1.000000 -0.264700 -0.184140 2.921007 1.000000 0.219620 0.407732 3.032903 1.000000 0.276246 0.136567 3.041474 1.000000 0.375322 -0.089634 3.016740 1.000000 0.389731 -0.179907 2.987499 1.000000 -0.042402 0.005363 2.975895 1.000000 -0.090122 -0.499670 3.106536 1.000000 -0.137594 -0.851882 3.100931 1.000000 -0.171271 -0.943517 3.040266 1.000000 0.110471 0.001383 2.985293 1.000000 0.109095 -0.512607 3.110789 1.000000 0.126544 -0.870438 3.100862 1.000000 0.140630 -0.951416 3.047462 1.000000
31271881678 0.036186 0.080456 2.986410 1.000000 0.035362 0.149449 3.024168 1.000000 0.046287 0.509980 3.006015 1.000000 0.055486 0.688840 2.947893 1.000000 -0.122498 0.406343 3.006383 1.000000 -0.212171 0.133842 2.994048 1.000000 -0.278956 -0.078150 2.944172 1.000000 -0.303788 -0.171972 2.927590 1.000000 0.219456 0.407823 3.032834 1.000000 0.292413 0.136160 3.045739 1.000000 0.394935 -0.087320 3.021966 1.000000 0.432038 -0.179930 2.999701 1.000000 -0.042708 0.005892 2.976127 1.000000 -0.090995 -0.499200 3.106461 1.000000 -0.137622 -0.854060 3.097911 1.000000 -0.171566 -0.942867 3.039541 1.000000 0.110364 0.001412 2.985480 1.000000 0.109483 -0.511902 3.110412 1.000000 0.126640 -0.869959 3.101833 1.000000 0.140193 -0.951082 3.047404 1.000000
31271915164 0.036042 0.080610 2.986415 1.000000 0.035200 0.149792 3.023492 1.000000 0.045451 0.510575 3.004636 1.000000 0.053520 0.689699 2.944578 1.000000 -0.122675 0.406287 3.006517 1.000000 -0.222673 0.143272 2.997262 1.000000 -0.311177 -0.058016 2.943901 1.000000 -0.338487 -0.151973 2.907967 1.000000 0.218746 0.408182 3.032701 1.000000 0.298275 0.139383 3.048403 1.000000 0.427590 -0.085430 3.021193 1.000000 0.456260 -0.173893 2.988756 1.000000 -0.042896 0.006448 2.976430 1.000000 -0.091715 -0.500223 3.107033 1.000000 -0.136619 -0.851078 3.100669 1.000000 -0.171415 -0.942244 3.039774 1.000000 0.110340 0.001444 2.985475 1.000000 0.109477 -0.511331 3.110136 1.000000 0.126929 -0.869718 3.101013 1.000000 0.140833 -0.953973 3.048771 1.000000
31271948366 0.035733 0.081695 2.986475 1.000000 0.035106 0.150551 3.022924 1.000000 0.045580 0.510555 3.004506 1.000000 0.053395 0.689945 2.944359 1.000000 -0.123263 0.406162 3.006984 1.000000 -0.235901 0.155070 3.000087 1.000000 -0.336156 -0.037939 2.952985 1.000000 -0.377686 -0.112427 2.934097 1.000000 0.218562 0.408202 3.032485 1.000000 0.314084 0.145255 3.053298 1.000000 0.444177 -0.031782 3.053785 1.000000 0.477108 -0.123057 3.015727 1.000000 -0.043397 0.007383 2.976468 1.000000 -0.087905 -0.500979 3.106744 1.000000 -0.136751 -0.852707 3.101202 1.000000 -0.171594 -0.942294 3.039525 1.000000 0.110200 0.002382 2.985599 1.000000 0.110316 -0.510180 3.108444 1.000000 0.126631 -0.870534 3.100198 1.000000 0.140855 -0.953907 3.048472 1.000000
31271981402 0.035600 0.082326 2.986442 1.000000 0.035085 0.151037 3.022238 1.000000 0.045695 0.510193 3.003725 1.000000 0.053491 0.688756 2.943434 1.000000 -0.123684 0.405838 3.007363 1.000000 -0.260793 0.168334 3.000039 1.000000 -0.369369 -0.020889 2.953624 1.000000 -0.405854 -0.085396 2.928897 1.000000 0.218895 0.407392 3.032392 1.000000 0.340820 0.142428 3.066483 1.000000 0.470594 -0.035354 3.049066 1.000000 0.521917 -0.120746 3.018449 1.000000 -0.043748 0.007821 2.976477 1.000000 -0.089063 -0.501942 3.107311 1.000000 -0.136937 -0.847939 3.103211 1.000000 -0.170465 -0.939361 3.041956 1.000000 0.110304 0.002726 2.985659 1.000000 0.109451 -0.510913 3.107724 1.000000 0.126249 -0.871432 3.100119 1.000000 0.141475 -0.954206 3.049953 1.000000
31272015476 0.035494 0.082433 2.986507 1.000000 0.035139 0.151151 3.021706 1.000000 0.045481 0.509699 3.003361 1.000000 0.053490 0.688631 2.943412 1.000000 -0.124124 0.405187 3.008075 1.000000 -0.271024 0.174378 3.003939 1.000000 -0.398552 -0.001487 2.954866 1.000000 -0.451172 -0.056793 2.938004 1.000000 0.219713 0.406028 3.031926 1.000000 0.358186 0.150174 3.070081 1.000000 0.509766 -0.012741 3.049332 1.000000 0.562988 -0.096008 3.039567 1.000000 -0.044153 0.008086 2.976683 1.000000 -0.071660 -0.509289 3.112606 1.000000 -0.140084 -0.864084 3.096416 1.000000 -0.169498 -0.944280 3.044143 1.000000 0.110364 0.002612 2.985724 1.000000 0.110027 -0.510608 3.107524 1.000000 0.126281 -0.871528 3.100098 1.000000 0.141876 -0.953549 3.051053 1.000000
31272048511 0.035333 0.082866 2.986495 1.000000 0.035145 0.151643 3.020996 1.000000 0.045687 0.509916 3.002411 1.000000 0.054371 0.688025 2.940272 1.000000 -0.125007 0.405081 3.009080 1.000000 -0.288442 0.185491 3.005191 1.000000 -0.434942 0.024003 2.961160 1.000000 -0.501939 -0.053184 2.940502 1.000000 0.220815 0.405009 3.031902 1.000000 0.378790 0.161912 3.074634 1.000000 0.530414 0.002301 3.056364 1.000000 0.598633 -0.053864 3.047380 1.000000 -0.044669 0.008060 2.976673 1.000000 -0.084157 -0.500127 3.106541 1.000000 -0.140971 -0.865811 3.099339 1.000000 -0.169101 -0.944830 3.045200 1.000000 0.110486 0.002873 2.985852 1.000000 0.110358 -0.511786 3.107284 1.000000 0.126125 -0.871916 3.099862 1.000000 0.142567 -0.953215 3.053788 1.000000
31272081248 0.035254 0.084886 2.986471 1.000000 0.035326 0.153227 3.020186 1.000000 0.045927 0.510017 3.001699 1.000000 0.054480 0.687929 2.940133 1.000000 -0.127109 0.405556 3.011336 1.000000 -0.299372 0.198069 3.005592 1.000000 -0.472004 0.062315 2.975766 1.000000 -0.544845 -0.007613 2.949619 1.000000 0.222286 0.404581 3.032228 1.000000 0.402738 0.180084 3.082679 1.000000 0.563015 0.029140 3.063596 1.000000 0.646993 -0.032635 3.060311 1.000000 -0.045394 0.009169 2.976875 1.000000 -0.085586 -0.498778 3.103896 1.000000 -0.136945 -0.856903 3.104024 1.000000 -0.169505 -0.944161 3.046053 1.000000 0.110926 0.003508 2.985833 1.000000 0.112103 -0.508603 3.106939 1.000000 0.126214 -0.871759 3.101691 1.000000 0.142582 -0.953269 3.053962 1.000000
31272115482 0.035090 0.085169 2.986489 1.000000 0.035349 0.153452 3.019588 1.000000 0.046089 0.509645 3.001384 1.000000 0.054798 0.687664 2.940035 1.000000 -0.129361 0.406043 3.012426 1.000000 -0.322600 0.218958 3.001172 1.000000 -0.500318 0.089262 2.977191 1.000000 -0.543457 0.065247 2.957537 1.000000 0.222968 0.404576 3.032408 1.000000 0.414621 0.189941 3.084077 1.000000 0.599524 0.070443 3.078110 1.000000 0.684853 0.010636 3.073097 1.000000 -0.046122 0.009101 2.976912 1.000000 -0.088777 -0.502552 3.103329 1.000000 -0.138307 -0.879189 3.095596 1.000000 -0.169305 -0.947704 3.040788 1.000000 0.110965 0.003521 2.985848 1.000000 0.107633 -0.508067 3.107840 1.000000 0.126159 -0.871872 3.101687 1.000000 0.142418 -0.953320 3.053890 1.000000
31272147081 0.034853 0.087184 2.986100 1.000000 0.035195 0.155213 3.018243 1.000000 0.046435 0.509566 2.999104 1.000000 0.054406 0.688174 2.939369 1.000000 -0.130195 0.406234 3.012665 1.000000 -0.346169 0.238916 3.009635 1.000000 -0.536304 0.127947 2.988141 1.000000 -0.601597 0.099488 2.958617 1.000000 0.223471 0.404710 3.032780 1.000000 0.433796 0.208076 3.083942 1.000000 0.622021 0.094233 3.082807 1.000000 0.669922 0.083984 3.076679 1.000000 -0.046793 0.010510 2.976908 1.000000 -0.077794 -0.512811 3.106990 1.000000 -0.137902 -0.884733 3.102122 1.000000 -0.169604 -0.948271 3.039985 1.000000 0.111145 0.004342 2.985689 1.000000 0.109745 -0.506854 3.106485 1.000000 0.125790 -0.871999 3.101256 1.000000 0.142555 -0.953270 3.053665 1.000000
31272208801 0.034801 0.091345 2.985051 1.000000 0.034855 0.158084 3.016678 1.000000 0.046296 0.509205 2.998609 1.000000 0.054516 0.687737 2.939024 1.000000 -0.133133 0.406775 3.012566 1.000000 -0.385986 0.285645 3.009794 1.000000 -0.591330 0.205771 2.996601 1.000000 -0.640625 0.202759 2.980976 1.000000 0.227584 0.406745 3.035670 1.000000 0.465088 0.254150 3.080107 1.000000 0.665500 0.171436 3.106146 1.000000 0.707031 0.145630 3.092304 1.000000 -0.047651 0.012344 2.975756 1.000000 -0.075436 -0.514283 3.107220 1.000000 -0.138237 -0.882252 3.100572 1.000000 -0.170060 -0.947802 3.038917 1.000000 0.112118 0.006316 2.985073 1.000000 0.111878 -0.505646 3.105941 1.000000 0.125992 -0.872855 3.100389 1.000000 0.143108 -0.954423 3.053834 1.000000
31272241866 0.034734 0.094107 2.984493 1.000000 0.034884 0.160469 3.015732 1.000000 0.046472 0.509302 2.998608 1.000000 0.054930 0.687836 2.937080 1.000000 -0.138222 0.408441 3.012465 1.000000 -0.413516 0.303667 3.009795 1.000000 -0.623833 0.238064 3.001539 1.000000 -0.698200 0.251090 2.985883 1.000000 0.229195 0.406788 3.036030 1.000000 0.474885 0.263679 3.086549 1.000000 0.688440 0.228958 3.115192 1.000000 0.743652 0.188232 3.104023 1.000000 -0.049029 0.014076 2.974153 1.000000 -0.083320 -0.513043 3.105141 1.000000 -0.137725 -0.882413 3.099534 1.000000 -0.170733 -0.948966 3.037867 1.000000 0.112782 0.007312 2.984928 1.000000 0.112288 -0.505667 3.105763 1.000000 0.125495 -0.874881 3.096794 1.000000 0.143040 -0.955124 3.053452 1.000000
31272274371 0.034151 0.096411 2.984437 1.000000 0.034358 0.162451 3.015329 1.000000 0.045952 0.509351 2.998813 1.000000 0.055073 0.682087 2.936753 1.000000 -0.142170 0.409656 3.013546 1.000000 -0.423568 0.325587 3.011153 1.000000 -0.640078 0.284399 2.996423 1.000000 -0.670898 0.297119 2.982930 1.000000 0.230389 0.407207 3.035977 1.000000 0.484739 0.293504 3.084538 1.000000 0.700092 0.283192 3.117086 1.000000 0.776855 0.237183 3.109883 1.000000 -0.050148 0.014836 2.973548 1.000000 -0.074828 -0.500270 3.104538 1.000000 -0.136572 -0.879790 3.098075 1.000000 -0.171809 -0.952293 3.045624 1.000000 0.113279 0.008852 2.984956 1.000000 0.112813 -0.502894 3.104353 1.000000 0.125744 -0.874113 3.097496 1.000000 0.142766 -0.954840 3.052521 1.000000
31272306131 0.034833 0.104501 2.984691 1.000000 0.034816 0.168322 3.015454 1.000000 0.046099 0.509104 2.999499 1.000000 0.050872 0.666452 2.934149 1.000000 -0.144022 0.411953 3.012743 1.000000 -0.422743 0.348709 3.007550 1.000000 -0.643075 0.343933 2.989739 1.000000 -0.719799 0.351332 2.987547 1.000000 0.234064 0.410331 3.036496 1.000000 0.504280 0.312018 3.088473 1.000000 0.718103 0.288360 3.123342 1.000000 0.791504 0.300537 3.143086 1.000000 -0.051247 0.020909 2.971943 1.000000 -0.096114 -0.428067 3.066120 1.000000 -0.136051 -0.854249 3.088137 1.000000 -0.171521 -0.952071 3.045565 1.000000 0.115511 0.014241 2.985440 1.000000 0.111338 -0.466432 3.090267 1.000000 0.125096 -0.871755 3.092240 1.000000 0.140566 -0.954897 3.050714 1.000000
31272348060 0.034680 0.108461 2.985587 1.000000 0.034417 0.172488 3.016271 1.000000 0.044617 0.510744 3.001112 1.000000 0.050785 0.670526 2.932086 1.000000 -0.148622 0.416602 3.012567 1.000000 -0.436906 0.385215 3.004346 1.000000 -0.657018 0.397091 2.987209 1.000000 -0.731298 0.417724 2.987209 1.000000 0.236632 0.415363 3.036226 1.000000 0.513264 0.334801 3.087498 1.000000 0.724341 0.341747 3.137581 1.000000 0.794428 0.336043 3.151440 1.000000 -0.051724 0.023397 2.972415 1.000000 -0.099365 -0.494629 3.096240 1.000000 -0.138665 -0.882957 3.090813 1.000000 -0.170960 -0.952961 3.043889 1.000000 0.116483 0.017048 2.985906 1.000000 0.104651 -0.490095 3.097334 1.000000 0.126061 -0.869991 3.095299 1.000000 0.141137 -0.954391 3.050196 1.000000
31272391949 0.035358 0.112886 2.985421 1.000000 0.034799 0.176350 3.016067 1.000000 0.044442 0.511246 3.001493 1.000000 0.050096 0.674182 2.930448 1.000000 -0.150593 0.419713 3.010803 1.000000 -0.424485 0.404897 3.004065 1.000000 -0.638809 0.456190 2.983662 1.000000 -0.684082 0.455322 2.977070 1.000000 0.238842 0.419796 3.036057 1.000000 0.522554 0.368668 3.086305 1.000000 0.733955 0.387338 3.132934 1.000000 0.779297 0.385986 3.141132 1.000000 -0.051579 0.027263 2.971674 1.000000 -0.096519 -0.484496 3.093507 1.000000 -0.138668 -0.874416 3.091232 1.000000 -0.170487 -0.945465 3.040341 1.000000 0.118093 0.020548 2.985749 1.000000 0.108345 -0.486707 3.096359 1.000000 0.126287 -0.854450 3.097733 1.000000 0.141314 -0.952360 3.051156 1.000000
31272424085 0.035922 0.120311 2.985845 1.000000 0.035224 0.182181 3.016766 1.000000 0.044626 0.511692 3.003111 1.000000 0.048222 0.671913 2.927950 1.000000 -0.154383 0.426756 3.009816 1.000000 -0.437947 0.434564 3.003959 1.000000 -0.642833 0.514689 2.975611 1.000000 -0.718571 0.504590 2.965513 1.000000 0.241848 0.425298 3.036620 1.000000 0.516078 0.397663 3.084536 1.000000 0.726985 0.432113 3.125746 1.000000 0.767096 0.423241 3.134160 1.000000 -0.051965 0.032321 2.971182 1.000000 -0.096593 -0.484571 3.093543 1.000000 -0.138347 -0.873869 3.091076 1.000000 -0.169530 -0.945576 3.045756 1.000000 0.119604 0.026848 2.985540 1.000000 0.108851 -0.487020 3.096564 1.000000 0.126928 -0.857840 3.100654 1.000000 0.140745 -0.951773 3.050548 1.000000
31272455928 0.035682 0.125041 2.985081 1.000000 0.035058 0.186000 3.016434 1.000000 0.044775 0.511859 3.003697 1.000000 0.044812 0.666011 2.926990 1.000000 -0.157880 0.434527 3.009208 1.000000 -0.436210 0.460544 3.001113 1.000000 -0.642281 0.537248 2.971001 1.000000 -0.718004 0.527152 2.960904 1.000000 0.242512 0.431183 3.036972 1.000000 0.504746 0.411880 3.088995 1.000000 0.707698 0.483454 3.124002 1.000000 0.796875 0.502441 3.139178 1.000000 -0.052916 0.038777 2.969726 1.000000 -0.094384 -0.409680 3.067003 1.000000 -0.132418 -0.837902 3.069275 1.000000 -0.126043 -0.881962 2.979762 1.000000 0.119611 0.029845 2.984421 1.000000 0.108252 -0.477845 3.093855 1.000000 0.125370 -0.863948 3.096457 1.000000 0.142127 -0.952263 3.050933 1.000000
31272498790 0.035161 0.127483 2.984486 1.000000 0.034588 0.188440 3.015834 1.000000 0.044873 0.512406 3.003332 1.000000 0.043219 0.669731 2.923996 1.000000 -0.160552 0.438345 3.008945 1.000000 -0.439248 0.489576 3.001776 1.000000 -0.646402 0.563422 2.972049 1.000000 -0.728518 0.625908 2.957204 1.000000 0.243544 0.434365 3.037657 1.000000 0.492001 0.440445 3.073397 1.000000 0.700823 0.497057 3.118012 1.000000 0.788019 0.549587 3.140492 1.000000 -0.053654 0.040417 2.969795 1.000000 -0.096680 -0.489990 3.098190 1.000000 -0.131592 -0.837891 3.111355 1.000000 -0.163765 -0.930366 3.051055 1.000000 0.119197 0.031697 2.983420 1.000000 0.109778 -0.488414 3.097786 1.000000 0.125238 -0.865246 3.097838 1.000000 0.141738 -0.952119 3.048098 1.000000
31272531809 0.033302 0.145902 2.981881 1.000000 0.033379 0.200833 3.014507 1.000000 0.045042 0.511966 3.003655 1.000000 0.040218 0.664288 2.922379 1.000000 -0.162029 0.441614 3.008250 1.000000 -0.426413 0.498765 2.999684 1.000000 -0.613281 0.635742 2.957536 1.000000 -0.698760 0.692760 2.939958 1.000000 0.243803 0.440870 3.037647 1.000000 0.464607 0.442836 3.081429 1.000000 0.668379 0.522862 3.094869 1.000000 0.755464 0.575526 3.117440 1.000000 -0.057633 0.052734 2.968330 1.000000 -0.101624 -0.399658 3.063029 1.000000 -0.139220 -0.709997 3.097975 1.000000 -0.132597 -0.753781 3.008320 1.000000 0.118456 0.057953 2.975662 1.000000 0.128461 -0.398237 3.044404 1.000000 0.130006 -0.823282 3.089137 1.000000 0.138931 -0.932261 3.053536 1.000000
31272575991 0.033296 0.145843 2.981874 1.000000 0.033260 0.200811 3.014905 1.000000 0.046468 0.511578 3.004136 1.000000 0.040013 0.661865 2.922172 1.000000 -0.162045 0.443304 3.007079 1.000000 -0.394559 0.514644 2.998322 1.000000 -0.561351 0.656580 2.959437 1.000000 -0.635272 0.723200 2.928408 1.000000 0.243985 0.444160 3.038148 1.000000 0.451401 0.483909 3.075689 1.000000 0.656534 0.561935 3.083900 1.000000 0.726653 0.593188 3.090415 1.000000 -0.057666 0.052996 2.968211 1.000000 -0.092740 -0.439346 3.081487 1.000000 -0.141032 -0.866750 3.081877 1.000000 -0.161514 -0.944161 3.041169 1.000000 0.117707 0.056520 2.976052 1.000000 0.107178 -0.453857 3.084512 1.000000 0.126344 -0.862802 3.092841 1.000000 0.140844 -0.951946 3.047571 1.000000
31272608423 0.033491 0.144480 2.982322 1.000000 0.033185 0.200683 3.015302 1.000000 0.046853 0.512292 3.003921 1.000000 0.042839 0.672119 2.922739 1.000000 -0.161760 0.445547 3.006054 1.000000 -0.406907 0.560341 2.994269 1.000000 -0.553393 0.720692 2.942888 1.000000 -0.618194 0.800156 2.923968 1.000000 0.246520 0.449185 3.039298 1.000000 0.494629 0.520996 3.074242 1.000000 0.722656 0.690918 3.104019 1.000000 0.799213 0.760707 3.115862 1.000000 -0.057521 0.052746 2.968467 1.000000 -0.100220 -0.504883 3.096230 1.000000 -0.141207 -0.871000 3.082740 1.000000 -0.164952 -0.945829 3.041133 1.000000 0.117660 0.050894 2.978368 1.000000 0.111988 -0.489344 3.098193 1.000000 0.126405 -0.864379 3.095502 1.000000 0.140980 -0.952075 3.048138 1.000000
31272641661 0.033670 0.144645 2.982430 1.000000 0.033382 0.201103 3.015624 1.000000 0.047130 0.512362 3.003806 1.000000 0.042950 0.666921 2.922949 1.000000 -0.161823 0.449317 3.005605 1.000000 -0.393407 0.558888 2.990045 1.000000 -0.557390 0.802468 2.924024 1.000000 -0.590936 0.868939 2.904145 1.000000 0.246319 0.449876 3.039093 1.000000 0.490860 0.519879 3.073124 1.000000 0.681641 0.712891 3.072768 1.000000 0.749000 0.792294 3.067415 1.000000 -0.057067 0.053657 2.968553 1.000000 -0.096008 -0.398438 3.063025 1.000000 -0.134774 -0.825924 3.076021 1.000000 -0.162208 -0.931006 3.038298 1.000000 0.117783 0.050957 2.978756 1.000000 0.105225 -0.436035 3.082556 1.000000 0.125937 -0.865417 3.087687 1.000000 0.140479 -0.952712 3.047977 1.000000
31272674654 0.033889 0.144914 2.982840 1.000000 0.033554 0.201690 3.016121 1.000000 0.047443 0.512740 3.003670 1.000000 0.044604 0.665177 2.924187 1.000000 -0.162056 0.453852 3.005839 1.000000 -0.383345 0.582645 2.980030 1.000000 -0.505370 0.763395 2.934069 1.000000 -0.539868 0.859704 2.913944 1.000000 0.247050 0.452187 3.040100 1.000000 0.505371 0.570801 3.080099 1.000000 0.647393 0.739405 3.060833 1.000000 0.711721 0.821378 3.057259 1.000000 -0.056728 0.054340 2.969077 1.000000 -0.098938 -0.453125 3.090367 1.000000 -0.134267 -0.864963 3.087981 1.000000 -0.164058 -0.934911 3.037704 1.000000 0.117940 0.050901 2.979726 1.000000 0.107416 -0.458528 3.086524 1.000000 0.129147 -0.844083 3.111647 1.000000 0.138790 -0.942699 3.053322 1.000000
31272707563 0.033787 0.145065 2.983080 1.000000 0.033389 0.202047 3.016305 1.000000 0.047757 0.512971 3.003054 1.000000 0.045387 0.667755 2.924002 1.000000 -0.161494 0.457654 3.005446 1.000000 -0.378080 0.588930 2.979424 1.000000 -0.479912 0.782343 2.937064 1.000000 -0.494799 0.884808 2.924847 1.000000 0.248257 0.454525 3.040895 1.000000 0.463623 0.541992 3.068380 1.000000 0.631348 0.774902 3.051283 1.000000 0.681690 0.865131 3.037342 1.000000 -0.056903 0.054877 2.969404 1.000000 -0.100236 -0.494886 3.099396 1.000000 -0.137214 -0.867504 3.087414 1.000000 -0.165646 -0.936636 3.037579 1.000000 0.117395 0.050616 2.980897 1.000000 0.110411 -0.480751 3.094568 1.000000 0.127855 -0.868018 3.104530 1.000000 0.139635 -0.952108 3.049747 1.000000
31272739575 0.034430 0.146086 2.984153 1.000000 0.033712 0.203313 3.017033 1.000000 0.048359 0.513160 3.002987 1.000000 0.045823 0.667961 2.925414 1.000000 -0.160264 0.459358 3.003869 1.000000 -0.377316 0.598374 2.973458 1.000000 -0.427734 0.813965 2.930189 1.000000 -0.443922 0.916950 2.931422 1.000000 0.252897 0.462189 3.044619 1.000000 0.469250 0.562893 3.067093 1.000000 0.608583 0.780593 3.049944 1.000000 0.635576 0.880766 3.039636 1.000000 -0.056436 0.055434 2.969909 1.000000 -0.090726 -0.495842 3.099716 1.000000 -0.136779 -0.869927 3.087523 1.000000 -0.167184 -0.939494 3.036960 1.000000 0.118009 0.051720 2.983304 1.000000 0.110421 -0.480499 3.094391 1.000000 0.126136 -0.871597 3.093759 1.000000 0.139653 -0.952247 3.048822 1.000000
31272781426 0.034994 0.152333 2.985590 1.000000 0.034484 0.208362 3.018226 1.000000 0.049878 0.512882 3.004009 1.000000 0.047794 0.666066 2.925845 1.000000 -0.157586 0.461453 3.001817 1.000000 -0.366029 0.616158 2.969097 1.000000 -0.384553 0.832999 2.920350 1.000000 -0.384296 0.937094 2.914568 1.000000 0.252690 0.466295 3.043122 1.000000 0.472900 0.612793 3.056655 1.000000 0.575087 0.808069 3.036190 1.000000 0.595291 0.907534 3.012359 1.000000 -0.057667 0.063602 2.971157 1.000000 -0.097900 -0.425293 3.070826 1.000000 -0.137260 -0.853173 3.080218 1.000000 -0.128204 -0.897160 2.990912 1.000000 0.119156 0.059175 2.984379 1.000000 0.102356 -0.413086 3.064966 1.000000 0.126587 -0.839115 3.100621 1.000000 0.138371 -0.945274 3.058120 1.000000
31272824366 0.035364 0.152466 2.986021 1.000000 0.034985 0.208707 3.019096 1.000000 0.052010 0.515477 3.007078 1.000000 0.048598 0.664980 2.927579 1.000000 -0.152690 0.466479 3.001327 1.000000 -0.346522 0.624771 2.960954 1.000000 -0.360152 0.841481 2.909295 1.000000 -0.343018 0.914850 2.893144 1.000000 0.251970 0.471570 3.042599 1.000000 0.472175 0.635277 3.040699 1.000000 0.536510 0.841590 2.983636 1.000000 0.559256 0.915028 2.978437 1.000000 -0.055528 0.064494 2.971842 1.000000 -0.100135 -0.466770 3.085490 1.000000 -0.136661 -0.865518 3.094917 1.000000 -0.165777 -0.945272 3.045624 1.000000 0.118820 0.059494 2.984614 1.000000 0.111755 -0.479980 3.092309 1.000000 0.126578 -0.862101 3.101510 1.000000 0.138451 -0.953313 3.053528 1.000000
31272870174 0.035064 0.153455 2.986200 1.000000 0.034456 0.209901 3.019528 1.000000 0.051448 0.515864 3.007476 1.000000 0.048904 0.662789 2.929086 1.000000 -0.149888 0.467823 3.000102 1.000000 -0.340152 0.630147 2.956728 1.000000 -0.331468 0.847383 2.906596 1.000000 -0.305781 0.948410 2.905736 1.000000 0.251455 0.474540 3.042331 1.000000 0.469350 0.652189 3.033770 1.000000 0.491699 0.868164 2.979011 1.000000 0.490716 0.970050 2.956982 1.000000 -0.055572 0.068139 2.971227 1.000000 -0.095764 -0.386963 3.063007 1.000000 -0.103321 -0.689471 3.137041 1.000000 -0.129029 -0.795265 3.100130 1.000000 0.118348 0.060157 2.984959 1.000000 0.111503 -0.446525 3.085855 1.000000 0.126324 -0.865535 3.098594 1.000000 0.138409 -0.953030 3.053020 1.000000
31272892743 0.035162 0.153937 2.986619 1.000000 0.034535 0.210647 3.020264 1.000000 0.051465 0.517073 3.008283 1.000000 0.051612 0.674360 2.929151 1.000000 -0.148583 0.469120 2.999405 1.000000 -0.327518 0.640751 2.953512 1.000000 -0.284433 0.856774 2.929815 1.000000 -0.327307 0.871251 2.867454 1.000000 0.251335 0.477632 3.041633 1.000000 0.462166 0.653424 3.030416 1.000000 0.452407 0.947188 2.965968 1.000000 0.439647 1.021107 2.948369 1.000000 -0.055105 0.068549 2.971330 1.000000 -0.099609 -0.490234 3.098161 1.000000 -0.132568 -0.874512 3.099619 1.000000 -0.167831 -0.940375 3.047867 1.000000 0.117898 0.061139 2.985870 1.000000 0.109728 -0.482177 3.101928 1.000000 0.126498 -0.865331 3.098524 1.000000 0.137596 -0.951575 3.054645 1.000000
31272926025 0.035190 0.153932 2.986694 1.000000 0.034444 0.210680 3.020717 1.000000 0.052593 0.518655 3.009552 1.000000 0.054139 0.668675 2.930570 1.000000 -0.145750 0.469961 2.997014 1.000000 -0.313580 0.655307 2.950779 1.000000 -0.254322 0.866815 2.917953 1.000000 -0.234570 0.937317 2.911407 1.000000 0.250697 0.479075 3.040880 1.000000 0.452990 0.654495 3.025432 1.000000 0.431120 0.948644 2.967322 1.000000 0.405621 1.021004 2.960209 1.000000 -0.054553 0.068772 2.971414 1.000000 -0.099209 -0.471348 3.087915 1.000000 -0.131266 -0.882016 3.094615 1.000000 -0.167147 -0.945739 3.050967 1.000000 0.117149 0.061464 2.985975 1.000000 0.108285 -0.478427 3.098059 1.000000 0.126485 -0.865708 3.098448 1.000000 0.137123 -0.950671 3.049692 1.000000
31272958610 0.034612 0.154902 2.986888 1.000000 0.033937 0.211606 3.021215 1.000000 0.052530 0.518707 3.009706 1.000000 0.051949 0.664700 2.931040 1.000000 -0.144115 0.470855 2.996131 1.000000 -0.308289 0.656751 2.950909 1.000000 -0.232821 0.866019 2.917120 1.000000 -0.207666 0.935776 2.910253 1.000000 0.248661 0.480922 3.039588 1.000000 0.440058 0.668656 3.016516 1.000000 0.409164 0.885404 2.976906 1.000000 0.383911 0.985198 2.960338 1.000000 -0.055204 0.071505 2.971420 1.000000 -0.100177 -0.378488 3.058957 1.000000 -0.127795 -0.806695 3.076350 1.000000 -0.117958 -0.850448 2.987031 1.000000 0.115724 0.063217 2.986147 1.000000 0.110216 -0.444134 3.084727 1.000000 0.124531 -0.858880 3.095862 1.000000 0.138205 -0.952645 3.049507 1.000000
31273000900 0.034050 0.157580 2.987285 1.000000 0.033565 0.213828 3.021926 1.000000 0.052499 0.518782 3.010107 1.000000 0.052003 0.664606 2.931241 1.000000 -0.142632 0.471272 2.995497 1.000000 -0.287933 0.674279 2.951102 1.000000 -0.208284 0.878738 2.915909 1.000000 -0.181734 0.946891 2.908573 1.000000 0.249003 0.483802 3.038077 1.000000 0.425150 0.682242 3.009555 1.000000 0.391173 0.899223 2.976458 1.000000 0.343329 0.987221 2.947502 1.000000 -0.055551 0.074234 2.972249 1.000000 -0.100830 -0.487061 3.094241 1.000000 -0.135743 -0.887010 3.082633 1.000000 -0.169400 -0.952408 3.040132 1.000000 0.114442 0.067183 2.985322 1.000000 0.107071 -0.448782 3.084639 1.000000 0.124887 -0.862751 3.099676 1.000000 0.138005 -0.952787 3.050550 1.000000
31273043296 0.034022 0.157955 2.987380 1.000000 0.033399 0.214220 3.022390 1.000000 0.053224 0.519131 3.011049 1.000000 0.053324 0.661618 2.932503 1.000000 -0.137849 0.470690 2.993304 1.000000 -0.279090 0.672845 2.951958 1.000000 -0.201986 0.878380 2.917800 1.000000 -0.176284 0.946892 2.910809 1.000000 0.249016 0.483946 3.037664 1.000000 0.423145 0.677471 3.010251 1.000000 0.381022 0.892173 2.969526 1.000000 0.321662 0.972940 2.940822 1.000000 -0.055409 0.074890 2.972400 1.000000 -0.101273 -0.470246 3.087156 1.000000 -0.136664 -0.867363 3.095629 1.000000 -0.169781 -0.946039 3.038194 1.000000 0.113815 0.068553 2.985099 1.000000 0.107310 -0.449577 3.084869 1.000000 0.124250 -0.866692 3.095724 1.000000 0.139480 -0.955259 3.046211 1.000000
31273076125 0.034464 0.159127 2.987869 1.000000 0.033941 0.215398 3.022992 1.000000 0.053769 0.519453 3.010952 1.000000 0.053874 0.662559 2.931804 1.000000 -0.135460 0.470585 2.992724 1.000000 -0.274453 0.674389 2.952939 1.000000 -0.183618 0.873989 2.916589 1.000000 -0.153339 0.940523 2.908866 1.000000 0.248907 0.486156 3.036308 1.000000 0.415947 0.687329 3.008060 1.000000 0.354937 0.896172 2.958957 1.000000 0.291568 0.977949 2.946014 1.000000 -0.054769 0.076347 2.972907 1.000000 -0.084280 -0.482799 3.094497 1.000000 -0.137275 -0.868384 3.094104 1.000000 -0.170120 -0.947309 3.034687 1.000000 0.114124 0.070688 2.986156 1.000000 0.107996 -0.454135 3.086575 1.000000 0.125896 -0.868373 3.091440 1.000000 0.140740 -0.956177 3.046324 1.000000
31273109717 0.036401 0.162181 2.988250 1.000000 0.035776 0.218239 3.023648 1.000000 0.054667 0.520584 3.011509 1.000000 0.050246 0.677240 2.926438 1.000000 -0.134211 0.470564 2.992395 1.000000 -0.271289 0.674496 2.953991 1.000000 -0.172064 0.869506 2.913416 1.000000 -0.138990 0.934510 2.904284 1.000000 0.249435 0.493943 3.036035 1.000000 0.415622 0.687398 3.007621 1.000000 0.345658 0.893314 2.957992 1.000000 0.274800 0.967572 2.939685 1.000000 -0.052286 0.078874 2.972710 1.000000 -0.083079 -0.482740 3.094449 1.000000 -0.136363 -0.867984 3.095473 1.000000 -0.170100 -0.944588 3.036870 1.000000 0.116076 0.074937 2.986770 1.000000 0.110734 -0.474390 3.092851 1.000000 0.125769 -0.868712 3.090750 1.000000 0.140790 -0.956114 3.046463 1.000000
31273143181 0.036510 0.162877 2.988000 1.000000 0.036379 0.218708 3.023719 1.000000 0.058248 0.519769 3.011688 1.000000 0.051969 0.670560 2.930674 1.000000 -0.131921 0.472383 2.994570 1.000000 -0.263360 0.670257 2.955279 1.000000 -0.154503 0.858078 2.903444 1.000000 -0.118217 0.920685 2.890558 1.000000 0.248439 0.493292 3.034367 1.000000 0.412387 0.686880 3.005483 1.000000 0.334649 0.888485 2.948336 1.000000 0.255608 0.954809 2.933402 1.000000 -0.052266 0.080469 2.972892 1.000000 -0.098968 -0.443214 3.079374 1.000000 -0.138744 -0.871281 3.090015 1.000000 -0.169375 -0.944700 3.037807 1.000000 0.115260 0.076631 2.985358 1.000000 0.105447 -0.451635 3.077860 1.000000 0.126501 -0.868180 3.094116 1.000000 0.140543 -0.954886 3.045488 1.000000
31273190344 0.036334 0.164981 2.987789 1.000000 0.036605 0.219982 3.023692 1.000000 0.058385 0.519225 3.011281 1.000000 0.049615 0.666657 2.931392 1.000000 -0.126317 0.483519 2.998582 1.000000 -0.254214 0.670964 2.952621 1.000000 -0.144551 0.859282 2.905892 1.000000 -0.107996 0.922055 2.894708 1.000000 0.247708 0.493516 3.033708 1.000000 0.409944 0.685752 3.004638 1.000000 0.280325 0.860089 2.953763 1.000000 0.237119 0.918201 2.941198 1.000000 -0.051612 0.087142 2.972523 1.000000 -0.090698 -0.374023 3.059054 1.000000 -0.133351 -0.800031 3.086421 1.000000 -0.157405 -0.906410 3.050172 1.000000 0.114394 0.078000 2.985407 1.000000 0.108241 -0.450049 3.080278 1.000000 0.126542 -0.868312 3.093723 1.000000 0.140448 -0.955178 3.045795 1.000000
31273223667 0.036404 0.168420 2.987473 1.000000 0.036735 0.224105 3.023666 1.000000 0.058117 0.525292 3.011591 1.000000 0.059075 0.682166 2.931804 1.000000 -0.128657 0.492165 2.999375 1.000000 -0.253246 0.673129 2.951856 1.000000 -0.130134 0.854264 2.913345 1.000000 -0.089097 0.914642 2.904900 1.000000 0.248574 0.496914 3.033693 1.000000 0.407191 0.685697 3.002345 1.000000 0.257412 0.839482 2.938926 1.000000 0.228027 0.867188 2.941882 1.000000 -0.051097 0.088855 2.971933 1.000000 -0.075684 -0.489258 3.098113 1.000000 -0.138858 -0.845340 3.098237 1.000000 -0.165044 -0.935540 3.039721 1.000000 0.113905 0.080172 2.985342 1.000000 0.107274 -0.493308 3.097490 1.000000 0.126535 -0.868316 3.093721 1.000000 0.141085 -0.955005 3.046907 1.000000
31273256938 0.036409 0.169571 2.987876 1.000000 0.036646 0.225212 3.024808 1.000000 0.056518 0.527903 3.014628 1.000000 0.063791 0.680272 2.934181 1.000000 -0.129308 0.495005 2.999633 1.000000 -0.253244 0.675733 2.949739 1.000000 -0.131907 0.858175 2.912228 1.000000 -0.091461 0.918989 2.904117 1.000000 0.248616 0.497249 3.032930 1.000000 0.405613 0.684643 3.000435 1.000000 0.254957 0.836516 2.933994 1.000000 0.231137 0.859103 2.939393 1.000000 -0.050725 0.089757 2.971967 1.000000 -0.089781 -0.480749 3.092341 1.000000 -0.138394 -0.845977 3.099019 1.000000 -0.166384 -0.935756 3.041716 1.000000 0.113867 0.080854 2.985481 1.000000 0.107453 -0.493283 3.097403 1.000000 0.125421 -0.870498 3.096337 1.000000 0.140582 -0.954380 3.046645 1.000000
31273290412 0.036407 0.169648 2.987952 1.000000 0.036680 0.225261 3.025485 1.000000 0.056005 0.528768 3.015500 1.000000 0.066656 0.682968 2.932410 1.000000 -0.130025 0.492576 3.000264 1.000000 -0.252931 0.675476 2.949285 1.000000 -0.130283 0.857062 2.912112 1.000000 -0.089400 0.917591 2.904114 1.000000 0.248355 0.497123 3.032640 1.000000 0.404665 0.684482 2.999766 1.000000 0.253911 0.836388 2.933769 1.000000 0.231266 0.857804 2.939478 1.000000 -0.050539 0.089720 2.972130 1.000000 -0.077665 -0.494124 3.098303 1.000000 -0.139031 -0.865807 3.098145 1.000000 -0.167016 -0.940436 3.044013 1.000000 0.113805 0.081062 2.985406 1.000000 0.108782 -0.491725 3.097543 1.000000 0.125366 -0.870789 3.098021 1.000000 0.140310 -0.953437 3.046395 1.000000
31273323616 0.036829 0.170645 2.988327 1.000000 0.037338 0.226321 3.026764 1.000000 0.057402 0.531294 3.017771 1.000000 0.071293 0.690418 2.935637 1.000000 -0.132202 0.493846 3.001211 1.000000 -0.252571 0.677493 2.948442 1.000000 -0.123282 0.851402 2.894969 1.000000 -0.080185 0.909372 2.881536 1.000000 0.247767 0.496536 3.031919 1.000000 0.403777 0.684954 2.998348 1.000000 0.247308 0.829828 2.929376 1.000000 0.231914 0.847230 2.937877 1.000000 -0.050120 0.090257 2.972497 1.000000 -0.085726 -0.492441 3.097426 1.000000 -0.139231 -0.866222 3.098095 1.000000 -0.167597 -0.943013 3.045162 1.000000 0.113980 0.081851 2.985187 1.000000 0.109428 -0.491098 3.097617 1.000000 0.125326 -0.870759 3.096673 1.000000 0.140514 -0.953066 3.046893 1.000000
31273356968 0.036861 0.170879 2.988386 1.000000 0.037447 0.226598 3.027497 1.000000 0.059153 0.532390 3.018224 1.000000 0.073740 0.689526 2.941852 1.000000 -0.132095 0.494882 3.001382 1.000000 -0.252259 0.677546 2.947762 1.000000 -0.101494 0.835905 2.906867 1.000000 -0.051239 0.888691 2.897626 1.000000 0.247822 0.496388 3.032024 1.000000 0.403211 0.684969 2.997443 1.000000 0.242750 0.825008 2.927549 1.000000 0.202193 0.866511 2.927030 1.000000 -0.050109 0.090402 2.972469 1.000000 -0.090059 -0.491417 3.097043 1.000000 -0.138772 -0.866754 3.096583 1.000000 -0.167182 -0.945421 3.045988 1.000000 0.113727 0.082129 2.985236 1.000000 0.109786 -0.489363 3.096949 1.000000 0.125278 -0.870789 3.096707 1.000000 0.140640 -0.952957 3.046889 1.000000
31273390498 0.037272 0.170750 2.988492 1.000000 0.037675 0.226468 3.028167 1.000000 0.059182 0.532384 3.018287 1.000000 0.068106 0.679742 2.941369 1.000000 -0.130385 0.481887 2.998876 1.000000 -0.252219 0.677284 2.947379 1.000000 -0.100519 0.834903 2.907504 1.000000 -0.049952 0.887443 2.898603 1.000000 0.247037 0.495822 3.031374 1.000000 0.402955 0.685452 2.996283 1.000000 0.212891 0.846680 2.904767 1.000000 0.157227 0.901367 2.898907 1.000000 -0.049402 0.089956 2.972598 1.000000 -0.072599 -0.511451 3.106645 1.000000 -0.138528 -0.879239 3.090999 1.000000 -0.169298 -0.951557 3.040755 1.000000 0.114287 0.082513 2.985275 1.000000 0.109795 -0.489377 3.096927 1.000000 0.125230 -0.870744 3.096740 1.000000 0.140552 -0.953034 3.047574 1.000000
31273440376 0.037490 0.171649 2.988759 1.000000 0.037966 0.227083 3.028991 1.000000 0.059829 0.532240 3.018747 1.000000 0.062841 0.758039 2.995126 1.000000 -0.131108 0.486724 2.999365 1.000000 -0.251819 0.677623 2.946531 1.000000 -0.098294 0.833437 2.906628 1.000000 -0.047118 0.885375 2.897718 1.000000 0.247125 0.496728 3.031147 1.000000 0.402226 0.685646 2.994828 1.000000 0.212556 0.846178 2.903427 1.000000 0.156892 0.900865 2.897568 1.000000 -0.049131 0.090596 2.972846 1.000000 -0.070881 -0.502295 3.101835 1.000000 -0.136758 -0.857244 3.101055 1.000000 -0.169936 -0.949259 3.041691 1.000000 0.114055 0.083498 2.985201 1.000000 0.110267 -0.488720 3.096243 1.000000 0.125384 -0.871001 3.096809 1.000000 0.140648 -0.953039 3.047631 1.000000
31273462454 0.037595 0.172216 2.988667 1.000000 0.038000 0.227435 3.029221 1.000000 0.059153 0.531122 3.017491 1.000000 0.063332 0.757209 2.994763 1.000000 -0.131104 0.486699 2.999392 1.000000 -0.251839 0.677353 2.945486 1.000000 -0.099414 0.833927 2.903920 1.000000 -0.048606 0.886118 2.894456 1.000000 0.247350 0.500665 3.031297 1.000000 0.401929 0.685911 2.993887 1.000000 0.238284 0.813329 2.906282 1.000000 0.235107 0.827148 2.924296 1.000000 -0.048786 0.090999 2.972841 1.000000 -0.088706 -0.475077 3.092321 1.000000 -0.136966 -0.860232 3.097676 1.000000 -0.171460 -0.948571 3.043788 1.000000 0.114052 0.084119 2.985157 1.000000 0.110797 -0.487163 3.096580 1.000000 0.125291 -0.871168 3.096268 1.000000 0.140697 -0.952943 3.047847 1.000000
31273490508 0.035871 0.172404 2.988491 1.000000 0.033740 0.227979 3.029614 1.000000 0.025681 0.542316 3.019571 1.000000 0.059064 0.764993 2.993222 1.000000 -0.131149 0.487023 2.999128 1.000000 -0.252265 0.677029 2.943430 1.000000 -0.098464 0.832531 2.903573 1.000000 -0.047197 0.884366 2.894678 1.000000 0.245591 0.498875 3.031382 1.000000 0.401562 0.686168 2.992659 1.000000 0.237258 0.812940 2.905454 1.000000 0.234441 0.826852 2.923407 1.000000 -0.048844 0.091096 2.972631 1.000000 -0.094319 -0.489271 3.095542 1.000000 -0.138419 -0.863781 3.097661 1.000000 -0.170341 -0.945971 3.042059 1.000000 0.113694 0.084443 2.985164 1.000000 0.110995 -0.487130 3.096158 1.000000 0.125364 -0.871186 3.096326 1.000000 0.140636 -0.952765 3.048791 1.000000
31273523755 0.036830 0.172721 2.987779 1.000000 0.036502 0.231239 3.026200 1.000000 0.076050 0.534180 2.996526 1.000000 0.066691 0.763415 2.987005 1.000000 -0.131404 0.484308 2.998022 1.000000 -0.252502 0.676673 2.942984 1.000000 -0.099184 0.831915 2.899246 1.000000 -0.048079 0.883662 2.889057 1.000000 0.246470 0.501597 3.031452 1.000000 0.399737 0.685659 2.992172 1.000000 0.236341 0.813517 2.904876 1.000000 0.233467 0.826896 2.922964 1.000000 -0.048745 0.091074 2.972638 1.000000 -0.094395 -0.489212 3.095475 1.000000 -0.138755 -0.863588 3.098421 1.000000 -0.170573 -0.944625 3.042917 1.000000 0.113737 0.084590 2.985010 1.000000 0.111217 -0.487071 3.096299 1.000000 0.125393 -0.871495 3.096430 1.000000 0.140975 -0.953319 3.047931 1.000000
31273557241 0.037758 0.173292 2.987380 1.000000 0.038765 0.231639 3.023829 1.000000 0.077406 0.532953 2.996902 1.000000 0.050542 0.761486 2.990479 1.000000 -0.131709 0.483892 2.998066 1.000000 -0.252711 0.676875 2.942854 1.000000 -0.099972 0.831989 2.895871 1.000000 -0.049059 0.883693 2.884601 1.000000 0.246439 0.502300 3.031718 1.000000 0.398516 0.685157 2.991846 1.000000 0.233509 0.811503 2.905585 1.000000 0.228446 0.827445 2.922139 1.000000 -0.048659 0.091229 2.972643 1.000000 -0.094897 -0.485834 3.095134 1.000000 -0.138527 -0.863959 3.097859 1.000000 -0.171301 -0.944354 3.042015 1.000000 0.113730 0.084913 2.984984 1.000000 0.111462 -0.487263 3.096284 1.000000 0.125342 -0.871751 3.096373 1.000000 0.140998 -0.953343 3.047896 1.000000
31273590499 0.037653 0.173970 2.985902 1.000000 0.038458 0.233752 3.019352 1.000000 0.063726 0.545487 2.989235 1.000000 0.052917 0.775062 2.981257 1.000000 -0.131616 0.482838 2.997526 1.000000 -0.253296 0.676581 2.942088 1.000000 -0.099803 0.831205 2.896425 1.000000 -0.048638 0.882746 2.885594 1.000000 0.247497 0.503039 3.032028 1.000000 0.396794 0.684455 2.991126 1.000000 0.230731 0.811923 2.909401 1.000000 0.227695 0.826214 2.925267 1.000000 -0.048671 0.091420 2.972423 1.000000 -0.071985 -0.494603 3.098586 1.000000 -0.138293 -0.864124 3.097067 1.000000 -0.171291 -0.946779 3.044968 1.000000 0.113824 0.085150 2.984425 1.000000 0.111723 -0.487633 3.096072 1.000000 0.125108 -0.872066 3.096114 1.000000 0.141250 -0.953520 3.047966 1.000000
31273623834 0.038228 0.175313 2.984277 1.000000 0.039802 0.236337 3.013755 1.000000 0.067037 0.546938 2.980524 1.000000 0.053960 0.777862 2.980208 1.000000 -0.133259 0.486091 2.997782 1.000000 -0.254270 0.676179 2.940922 1.000000 -0.099736 0.829863 2.895864 1.000000 -0.048225 0.881091 2.885236 1.000000 0.246726 0.505039 3.031955 1.000000 0.397252 0.684718 2.990510 1.000000 0.227124 0.807744 2.910726 1.000000 0.225597 0.823284 2.926064 1.000000 -0.048424 0.092118 2.972258 1.000000 -0.084415 -0.485849 3.097229 1.000000 -0.139024 -0.864690 3.093510 1.000000 -0.172010 -0.946235 3.043503 1.000000 0.113715 0.086090 2.984254 1.000000 0.111990 -0.486767 3.096079 1.000000 0.125148 -0.872132 3.096182 1.000000 0.141307 -0.953482 3.048419 1.000000
31273657262 0.038636 0.176073 2.983188 1.000000 0.040987 0.237919 3.009176 1.000000 0.070791 0.549798 2.975616 1.000000 0.053744 0.781237 2.979957 1.000000 -0.134693 0.487719 2.997925 1.000000 -0.255544 0.676005 2.939471 1.000000 -0.099662 0.828912 2.897532 1.000000 -0.047702 0.879881 2.887943 1.000000 0.246617 0.505744 3.031678 1.000000 0.395839 0.684690 2.989324 1.000000 0.221945 0.803572 2.911846 1.000000 0.218791 0.822361 2.925405 1.000000 -0.048442 0.092344 2.972248 1.000000 -0.087468 -0.482093 3.094953 1.000000 -0.137052 -0.855306 3.093599 1.000000 -0.172560 -0.946136 3.043652 1.000000 0.113654 0.086588 2.984034 1.000000 0.112271 -0.486951 3.096082 1.000000 0.125465 -0.872125 3.096819 1.000000 0.141093 -0.953509 3.050485 1.000000
31273690509 0.039348 0.176362 2.982122 1.000000 0.041988 0.238474 3.005299 1.000000 0.071203 0.550892 2.973907 1.000000 0.054639 0.782340 2.978063 1.000000 -0.134856 0.483636 2.996951 1.000000 -0.256099 0.675429 2.938918 1.000000 -0.100754 0.828965 2.897579 1.000000 -0.048973 0.880143 2.888190 1.000000 0.246791 0.506762 3.031391 1.000000 0.395211 0.684221 2.988920 1.000000 0.220290 0.801934 2.912155 1.000000 0.218834 0.820142 2.926003 1.000000 -0.048187 0.092371 2.972050 1.000000 -0.089072 -0.481779 3.094046 1.000000 -0.136830 -0.857069 3.094842 1.000000 -0.172136 -0.943615 3.044874 1.000000 0.114105 0.086945 2.983769 1.000000 0.112329 -0.487398 3.096280 1.000000 0.125883 -0.871787 3.096466 1.000000 0.141078 -0.953536 3.050491 1.000000
31273723964 0.039297 0.176238 2.982068 1.000000 0.041626 0.237362 3.004377 1.000000 0.058609 0.547408 2.984822 1.000000 0.055342 0.777577 2.978100 1.000000 -0.134133 0.480523 2.995821 1.000000 -0.256297 0.675383 2.939099 1.000000 -0.099165 0.826969 2.897267 1.000000 -0.046788 0.877497 2.887713 1.000000 0.246901 0.507001 3.031569 1.000000 0.394699 0.683646 2.988269 1.000000 0.218910 0.801163 2.913630 1.000000 0.218680 0.818792 2.927154 1.000000 -0.047661 0.091687 2.971614 1.000000 -0.091650 -0.484679 3.094081 1.000000 -0.137459 -0.860290 3.095052 1.000000 -0.171732 -0.943733 3.043592 1.000000 0.114220 0.087035 2.983656 1.000000 0.108276 -0.489347 3.096234 1.000000 0.125747 -0.871693 3.095564 1.000000 0.140816 -0.953427 3.049809 1.000000
31273757402 0.039811 0.176073 2.981516 1.000000 0.042375 0.237905 3.001656 1.000000 0.065055 0.548788 2.975467 1.000000 0.056073 0.779327 2.975698 1.000000 -0.134113 0.480111 2.995704 1.000000 -0.256502 0.675373 2.938454 1.000000 -0.098744 0.826692 2.898894 1.000000 -0.046158 0.877131 2.890097 1.000000 0.246602 0.508868 3.031589 1.000000 0.393969 0.683374 2.986864 1.000000 0.217780 0.800952 2.913574 1.000000 0.218723 0.817863 2.927030 1.000000 -0.046860 0.091315 2.971373 1.000000 -0.079118 -0.491664 3.097310 1.000000 -0.137060 -0.857250 3.095695 1.000000 -0.170176 -0.944655 3.046478 1.000000 0.114286 0.087130 2.983729 1.000000 0.108870 -0.489169 3.096445 1.000000 0.126288 -0.872200 3.096478 1.000000 0.141545 -0.954257 3.053179 1.000000
31273790569 0.039984 0.176569 2.980548 1.000000 0.042905 0.238790 2.998520 1.000000 0.067817 0.551425 2.972242 1.000000 0.056186 0.779048 2.975466 1.000000 -0.134645 0.479697 2.995798 1.000000 -0.256872 0.675408 2.938537 1.000000 -0.096801 0.824812 2.902371 1.000000 -0.043444 0.874613 2.894706 1.000000 0.247485 0.508715 3.031034 1.000000 0.393760 0.683136 2.986641 1.000000 0.217136 0.800883 2.915055 1.000000 0.218581 0.817498 2.928083 1.000000 -0.047021 0.091460 2.971019 1.000000 -0.086023 -0.488222 3.096844 1.000000 -0.137858 -0.859584 3.095251 1.000000 -0.169324 -0.945967 3.048256 1.000000 0.114355 0.087284 2.983521 1.000000 0.109715 -0.488242 3.095308 1.000000 0.127735 -0.863951 3.103379 1.000000 0.140963 -0.952678 3.052724 1.000000
31273824056 0.040310 0.177173 2.980510 1.000000 0.042862 0.238555 2.997913 1.000000 0.056233 0.548944 2.981214 1.000000 0.056424 0.778717 2.975224 1.000000 -0.135129 0.478941 2.995342 1.000000 -0.257241 0.675165 2.938432 1.000000 -0.096396 0.823964 2.904005 1.000000 -0.042780 0.873564 2.896919 1.000000 0.247492 0.509211 3.031094 1.000000 0.393678 0.683078 2.986506 1.000000 0.216536 0.800370 2.915652 1.000000 0.218739 0.816741 2.928636 1.000000 -0.046795 0.091556 2.970883 1.000000 -0.089149 -0.491373 3.097209 1.000000 -0.139713 -0.872156 3.089255 1.000000 -0.170221 -0.948275 3.045080 1.000000 0.118670 0.090115 2.982675 1.000000 0.107646 -0.490267 3.096486 1.000000 0.126682 -0.866858 3.100586 1.000000 0.140975 -0.952754 3.052403 1.000000
31273857350 0.039805 0.177063 2.980697 1.000000 0.041310 0.237131 2.999197 1.000000 0.049992 0.538940 2.990705 1.000000 0.055929 0.767303 2.975487 1.000000 -0.135073 0.478883 2.995308 1.000000 -0.257794 0.675127 2.938328 1.000000 -0.096423 0.823373 2.904232 1.000000 -0.042632 0.872788 2.897257 1.000000 0.246879 0.510075 3.031176 1.000000 0.392950 0.681980 2.984854 1.000000 0.216341 0.801168 2.916377 1.000000 0.218763 0.816655 2.928708 1.000000 -0.046750 0.091592 2.970508 1.000000 -0.090779 -0.487906 3.095780 1.000000 -0.136656 -0.857497 3.096312 1.000000 -0.171051 -0.947146 3.043405 1.000000 0.117944 0.090013 2.982823 1.000000 0.107822 -0.490352 3.096318 1.000000 0.126585 -0.867506 3.099909 1.000000 0.141253 -0.952932 3.053218 1.000000
31273890586 0.039600 0.177335 2.980384 1.000000 0.040949 0.237648 2.998638 1.000000 0.049624 0.541088 2.986465 1.000000 0.055903 0.769913 2.973133 1.000000 -0.135461 0.478796 2.995624 1.000000 -0.258314 0.675152 2.937309 1.000000 -0.096020 0.822544 2.904559 1.000000 -0.041922 0.871675 2.898032 1.000000 0.246186 0.510750 3.030668 1.000000 0.392906 0.681947 2.984909 1.000000 0.215878 0.800868 2.917282 1.000000 0.218523 0.816386 2.929360 1.000000 -0.046798 0.091755 2.970378 1.000000 -0.092321 -0.486840 3.094101 1.000000 -0.137461 -0.859219 3.097401 1.000000 -0.170198 -0.947270 3.045298 1.000000 0.117916 0.090253 2.982629 1.000000 0.108213 -0.490173 3.096104 1.000000 0.126285 -0.868526 3.097649 1.000000 0.139469 -0.952231 3.051827 1.000000
31273924066 0.040830 0.178952 2.978905 1.000000 0.042633 0.239802 2.995834 1.000000 0.063401 0.545407 2.976156 1.000000 0.056253 0.776088 2.971724 1.000000 -0.135640 0.478489 2.995330 1.000000 -0.258450 0.675069 2.937194 1.000000 -0.096137 0.822433 2.904622 1.000000 -0.042032 0.871554 2.898154 1.000000 0.246470 0.510866 3.030743 1.000000 0.392979 0.681853 2.984979 1.000000 0.215443 0.800957 2.919527 1.000000 0.220267 0.815065 2.931482 1.000000 -0.046868 0.092483 2.970054 1.000000 -0.081571 -0.487396 3.094127 1.000000 -0.137537 -0.859585 3.097241 1.000000 -0.171283 -0.947343 3.044936 1.000000 0.119374 0.091785 2.981017 1.000000 0.099906 -0.471269 3.089687 1.000000 0.125288 -0.870617 3.095064 1.000000 0.140397 -0.952818 3.052257 1.000000
31273957414 0.040836 0.178817 2.978830 1.000000 0.042769 0.239647 2.994731 1.000000 0.063731 0.545032 2.975814 1.000000 0.054831 0.776025 2.973274 1.000000 -0.135537 0.478089 2.995256 1.000000 -0.258532 0.675004 2.937104 1.000000 -0.096352 0.822450 2.904263 1.000000 -0.042292 0.871599 2.897706 1.000000 0.246453 0.510850 3.030712 1.000000 0.392676 0.681542 2.984043 1.000000 0.214749 0.800532 2.919755 1.000000 0.219748 0.814651 2.931324 1.000000 -0.046890 0.092449 2.970002 1.000000 -0.086819 -0.488920 3.092826 1.000000 -0.137755 -0.860784 3.096990 1.000000 -0.170441 -0.948740 3.048011 1.000000 0.119235 0.091610 2.981117 1.000000 0.106594 -0.480660 3.092826 1.000000 0.124058 -0.872106 3.097039 1.000000 0.140427 -0.952993 3.052159 1.000000
31273990562 0.040331 0.178838 2.978891 1.000000 0.041751 0.239510 2.994668 1.000000 0.054890 0.547666 2.980815 1.000000 0.055261 0.776979 2.972742 1.000000 -0.135622 0.478478 2.995190 1.000000 -0.258623 0.674950 2.937118 1.000000 -0.096712 0.822628 2.904021 1.000000 -0.042742 0.871854 2.897378 1.000000 0.246518 0.510686 3.030199 1.000000 0.392782 0.681465 2.983946 1.000000 0.214317 0.799240 2.918811 1.000000 0.219022 0.814088 2.930531 1.000000 -0.046989 0.092448 2.969952 1.000000 -0.089237 -0.489431 3.093121 1.000000 -0.138300 -0.860841 3.097053 1.000000 -0.169913 -0.948739 3.048309 1.000000 0.119092 0.091653 2.981075 1.000000 0.106130 -0.481975 3.092720 1.000000 0.123928 -0.872846 3.095808 1.000000 0.140473 -0.953258 3.052613 1.000000
31274024145 0.040600 0.178662 2.978132 1.000000 0.042452 0.239885 2.992690 1.000000 0.063126 0.551188 2.974428 1.000000 0.056874 0.776904 2.971392 1.000000 -0.135900 0.478192 2.995307 1.000000 -0.258772 0.674886 2.937136 1.000000 -0.096914 0.822384 2.902555 1.000000 -0.042961 0.871551 2.895417 1.000000 0.246562 0.510633 3.030178 1.000000 0.392751 0.681270 2.982823 1.000000 0.213229 0.797140 2.917134 1.000000 0.212183 0.816575 2.927254 1.000000 -0.047243 0.092263 2.969236 1.000000 -0.090779 -0.488673 3.092948 1.000000 -0.137864 -0.862498 3.097524 1.000000 -0.169754 -0.949235 3.049228 1.000000 0.119160 0.091480 2.980870 1.000000 0.107112 -0.482107 3.092644 1.000000 0.123701 -0.873910 3.097268 1.000000 0.140552 -0.953420 3.052967 1.000000
31274057462 0.040908 0.180577 2.977025 1.000000 0.043075 0.241683 2.990748 1.000000 0.064111 0.551696 2.973535 1.000000 0.056957 0.776840 2.971546 1.000000 -0.140600 0.486586 2.995826 1.000000 -0.259153 0.674827 2.936761 1.000000 -0.096887 0.821978 2.903138 1.000000 -0.042798 0.871028 2.896319 1.000000 0.246954 0.511818 3.030409 1.000000 0.392624 0.681072 2.982634 1.000000 0.212933 0.797301 2.918436 1.000000 0.212507 0.816259 2.928263 1.000000 -0.048257 0.093776 2.967811 1.000000 -0.093569 -0.484737 3.090796 1.000000 -0.137975 -0.856482 3.098230 1.000000 -0.170773 -0.947221 3.044757 1.000000 0.119730 0.092391 2.980525 1.000000 0.107673 -0.483472 3.092902 1.000000 0.123996 -0.873714 3.097294 1.000000 0.140092 -0.953015 3.052055 1.000000
31274090841 0.040697 0.180876 2.977005 1.000000 0.042819 0.241673 2.990561 1.000000 0.060159 0.548959 2.977499 1.000000 0.056691 0.776860 2.971650 1.000000 -0.140604 0.485505 2.995919 1.000000 -0.261719 0.673754 2.934280 1.000000 -0.097922 0.819645 2.904420 1.000000 -0.043322 0.868275 2.898855 1.000000 0.247451 0.511066 3.029707 1.000000 0.392618 0.681334 2.981841 1.000000 0.212318 0.797250 2.919202 1.000000 0.211849 0.816452 2.928487 1.000000 -0.048628 0.094112 2.967774 1.000000 -0.093839 -0.484674 3.090750 1.000000 -0.137921 -0.856499 3.098279 1.000000 -0.170637 -0.943954 3.042599 1.000000 0.119958 0.092668 2.980002 1.000000 0.108713 -0.486333 3.093700 1.000000 0.124168 -0.873384 3.096593 1.000000 0.139862 -0.952589 3.051378 1.000000
31274123968 0.037989 0.177863 2.977973 1.000000 0.038435 0.234308 2.995364 1.000000 0.043704 0.513249 3.001323 1.000000 0.048875 0.745052 3.001870 1.000000 -0.139393 0.483095 2.995125 1.000000 -0.262239 0.670265 2.934600 1.000000 -0.101104 0.818756 2.902215 1.000000 -0.047392 0.868254 2.895808 1.000000 0.247233 0.502046 3.027160 1.000000 0.393540 0.681034 2.981637 1.000000 0.212947 0.796054 2.918072 1.000000 0.213752 0.814776 2.927973 1.000000 -0.049012 0.093555 2.967460 1.000000 -0.094819 -0.476716 3.086352 1.000000 -0.132524 -0.835480 3.104378 1.000000 -0.165705 -0.930612 3.049019 1.000000 0.115949 0.088075 2.979236 1.000000 0.110951 -0.474778 3.089004 1.000000 0.125019 -0.870817 3.101509 1.000000 0.139479 -0.951140 3.050079 1.000000
31274156713 0.038092 0.178208 2.978088 1.000000 0.038051 0.234068 2.997803 1.000000 0.041977 0.513460 3.003362 1.000000 0.044986 0.745411 3.004144 1.000000 -0.139257 0.480719 2.994092 1.000000 -0.262105 0.668753 2.934408 1.000000 -0.102676 0.819146 2.902784 1.000000 -0.049533 0.869276 2.896629 1.000000 0.241591 0.500847 3.028014 1.000000 0.393850 0.680855 2.981323 1.000000 0.213047 0.795817 2.918458 1.000000 0.213807 0.814628 2.928110 1.000000 -0.048323 0.095397 2.965650 1.000000 -0.097722 -0.449835 3.075917 1.000000 -0.124711 -0.857269 3.099713 1.000000 -0.164915 -0.934422 3.045030 1.000000 0.118476 0.090085 2.978705 1.000000 0.108500 -0.444533 3.077393 1.000000 0.123448 -0.871812 3.095067 1.000000 0.138969 -0.951093 3.049939 1.000000
31274178847 0.038027 0.178179 2.978078 1.000000 0.037980 0.235243 2.998245 1.000000 0.051046 0.543588 2.989556 1.000000 0.061484 0.769854 2.965489 1.000000 -0.138056 0.481785 2.994913 1.000000 -0.261796 0.668908 2.934143 1.000000 -0.102504 0.819489 2.903116 1.000000 -0.049407 0.869683 2.897161 1.000000 0.242941 0.505687 3.027920 1.000000 0.393263 0.680594 2.980250 1.000000 0.213064 0.796241 2.916870 1.000000 0.211721 0.816067 2.926149 1.000000 -0.048409 0.095209 2.965616 1.000000 -0.078247 -0.495850 3.096083 1.000000 -0.130361 -0.860547 3.103433 1.000000 -0.164915 -0.935983 3.045718 1.000000 0.118167 0.090162 2.978854 1.000000 0.109320 -0.470144 3.085361 1.000000 0.123613 -0.871718 3.095913 1.000000 0.139305 -0.951102 3.049344 1.000000
31274224016 0.037617 0.177850 2.978310 1.000000 0.037648 0.235246 2.998894 1.000000 0.050218 0.544390 2.990393 1.000000 0.061412 0.770638 2.966294 1.000000 -0.138146 0.480727 2.995142 1.000000 -0.261560 0.669078 2.933923 1.000000 -0.102162 0.819508 2.902817 1.000000 -0.049029 0.869652 2.896836 1.000000 0.243221 0.506191 3.028113 1.000000 0.392986 0.680506 2.979887 1.000000 0.212955 0.796533 2.916868 1.000000 0.211082 0.816553 2.925905 1.000000 -0.048622 0.094481 2.965796 1.000000 -0.078603 -0.494888 3.096366 1.000000 -0.133900 -0.851623 3.106974 1.000000 -0.165137 -0.935708 3.046009 1.000000 0.117511 0.089773 2.979083 1.000000 0.109503 -0.471064 3.085776 1.000000 0.123636 -0.871935 3.095894 1.000000 0.139750 -0.951595 3.050090 1.000000
31274256742 0.037628 0.178094 2.978318 1.000000 0.037620 0.235918 2.999178 1.000000 0.049783 0.544817 2.989934 1.000000 0.060771 0.771111 2.965865 1.000000 -0.138480 0.479903 2.995316 1.000000 -0.261334 0.669986 2.934433 1.000000 -0.101209 0.819459 2.902068 1.000000 -0.047835 0.869283 2.895667 1.000000 0.243171 0.506389 3.028083 1.000000 0.392726 0.680209 2.979753 1.000000 0.212829 0.796470 2.916879 1.000000 0.211107 0.816297 2.925927 1.000000 -0.048703 0.094470 2.965867 1.000000 -0.084811 -0.490840 3.096252 1.000000 -0.134959 -0.853363 3.107877 1.000000 -0.168035 -0.938087 3.043956 1.000000 0.118076 0.090504 2.979132 1.000000 0.111485 -0.480627 3.089597 1.000000 0.123865 -0.872150 3.095462 1.000000 0.139619 -0.951747 3.050536 1.000000
31274290794 0.037628 0.178032 2.978225 1.000000 0.037607 0.236001 2.999094 1.000000 0.049539 0.543287 2.987864 1.000000 0.060048 0.771348 2.970310 1.000000 -0.138629 0.478905 2.995199 1.000000 -0.261268 0.670079 2.934386 1.000000 -0.100626 0.818985 2.902151 1.000000 -0.047079 0.868620 2.895792 1.000000 0.242277 0.507126 3.028024 1.000000 0.393743 0.681421 2.979867 1.000000 0.212627 0.795350 2.916113 1.000000 0.211451 0.815762 2.925475 1.000000 -0.048612 0.094250 2.965954 1.000000 -0.089180 -0.489988 3.095008 1.000000 -0.136227 -0.867428 3.097082 1.000000 -0.169693 -0.943769 3.044263 1.000000 0.118048 0.090550 2.979052 1.000000 0.111788 -0.481685 3.089987 1.000000 0.124260 -0.871918 3.095926 1.000000 0.140291 -0.951433 3.050313 1.000000
31274357440 0.038143 0.177671 2.978486 1.000000 0.038427 0.235291 3.000175 1.000000 0.053527 0.539196 2.992699 1.000000 0.052683 0.769224 2.982418 1.000000 -0.138504 0.474944 2.995000 1.000000 -0.262943 0.666381 2.933573 1.000000 -0.104470 0.817416 2.900164 1.000000 -0.051645 0.867761 2.893414 1.000000 0.241463 0.502543 3.027325 1.000000 0.394090 0.681296 2.979526 1.000000 0.213078 0.795029 2.915037 1.000000 0.211308 0.815854 2.924460 1.000000 -0.048473 0.093999 2.965900 1.000000 -0.092959 -0.470708 3.086775 1.000000 -0.136392 -0.867630 3.096970 1.000000 -0.170959 -0.948882 3.047978 1.000000 0.118464 0.090371 2.979136 1.000000 0.108561 -0.473915 3.086762 1.000000 0.124342 -0.871976 3.096009 1.000000 0.140398 -0.951446 3.050450 1.000000
31274390157 0.038328 0.179129 2.978248 1.000000 0.038555 0.235888 3.000747 1.000000 0.053464 0.536011 2.993662 1.000000 0.052454 0.768675 2.997543 1.000000 -0.138774 0.475097 2.995316 1.000000 -0.263833 0.663561 2.933556 1.000000 -0.113357 0.822602 2.900622 1.000000 -0.063198 0.875616 2.894030 1.000000 0.239479 0.501819 3.027397 1.000000 0.395115 0.680479 2.979345 1.000000 0.214523 0.795736 2.916886 1.000000 0.211489 0.816834 2.925395 1.000000 -0.049006 0.097373 2.964920 1.000000 -0.098078 -0.354986 3.042456 1.000000 -0.136734 -0.782175 3.065544 1.000000 -0.129518 -0.826314 2.976171 1.000000 0.119074 0.091646 2.978593 1.000000 0.114502 -0.425049 3.074577 1.000000 0.123829 -0.854160 3.095162 1.000000 0.139000 -0.950371 3.050867 1.000000
31274412491 0.037580 0.175928 2.978245 1.000000 0.038590 0.235031 3.000785 1.000000 0.058559 0.540672 2.990146 1.000000 0.058370 0.772292 2.987420 1.000000 -0.139251 0.474608 2.995701 1.000000 -0.265830 0.663243 2.932262 1.000000 -0.113513 0.820764 2.901556 1.000000 -0.062740 0.873270 2.895706 1.000000 0.239888 0.499987 3.027073 1.000000 0.397067 0.682055 2.979579 1.000000 0.215225 0.794968 2.916366 1.000000 0.212203 0.816967 2.924997 1.000000 -0.050693 0.092542 2.966408 1.000000 -0.096313 -0.482666 3.094106 1.000000 -0.140530 -0.870507 3.093792 1.000000 -0.169214 -0.943679 3.043333 1.000000 0.116510 0.087369 2.978437 1.000000 0.112610 -0.488037 3.092153 1.000000 0.124217 -0.871025 3.096866 1.000000 0.139817 -0.951023 3.051445 1.000000
31274457544 0.038393 0.174491 2.979107 1.000000 0.039961 0.232871 3.002985 1.000000 0.063384 0.536825 2.997064 1.000000 0.057399 0.766493 2.984797 1.000000 -0.138838 0.472684 2.996245 1.000000 -0.268188 0.661831 2.932096 1.000000 -0.117962 0.821266 2.900836 1.000000 -0.067887 0.874411 2.894802 1.000000 0.240399 0.498962 3.027473 1.000000 0.397818 0.681628 2.980282 1.000000 0.221839 0.800624 2.910676 1.000000 0.216573 0.821233 2.920983 1.000000 -0.049908 0.091390 2.966647 1.000000 -0.096251 -0.483451 3.093853 1.000000 -0.139871 -0.853984 3.098294 1.000000 -0.169719 -0.943597 3.043287 1.000000 0.116503 0.086379 2.978712 1.000000 0.112261 -0.490478 3.093546 1.000000 0.124227 -0.871078 3.096889 1.000000 0.146655 -0.961920 3.036159 1.000000
31274490881 0.038631 0.173936 2.979273 1.000000 0.040131 0.232316 3.003877 1.000000 0.062960 0.536429 2.997208 1.000000 0.052353 0.682617 2.935817 1.000000 -0.139874 0.472270 2.996572 1.000000 -0.270855 0.661208 2.932428 1.000000 -0.119323 0.819499 2.902218 1.000000 -0.068812 0.872263 2.896533 1.000000 0.240419 0.498943 3.027570 1.000000 0.399749 0.680362 2.979881 1.000000 0.226691 0.804401 2.912188 1.000000 0.224081 0.821062 2.923048 1.000000 -0.049365 0.090092 2.966856 1.000000 -0.096272 -0.483632 3.094003 1.000000 -0.139715 -0.855725 3.098158 1.000000 -0.170450 -0.943870 3.042290 1.000000 0.116732 0.085849 2.978690 1.000000 0.112464 -0.489520 3.093622 1.000000 0.124311 -0.871078 3.096917 1.000000 0.144253 -0.958738 3.040473 1.000000
31274524239 0.038875 0.172591 2.979912 1.000000 0.040123 0.231015 3.005595 1.000000 0.060207 0.536485 3.000384 1.000000 0.056158 0.682548 2.934425 1.000000 -0.140199 0.471408 2.996281 1.000000 -0.280905 0.654437 2.932961 1.000000 -0.140445 0.823395 2.914567 1.000000 -0.093624 0.879714 2.912821 1.000000 0.240606 0.495077 3.027058 1.000000 0.404599 0.679141 2.982699 1.000000 0.235019 0.805154 2.908988 1.000000 0.224619 0.826206 2.919291 1.000000 -0.048433 0.088438 2.967068 1.000000 -0.095643 -0.483312 3.093501 1.000000 -0.140492 -0.859272 3.095665 1.000000 -0.168878 -0.945874 3.042872 1.000000 0.116990 0.084737 2.978909 1.000000 0.112959 -0.488724 3.093964 1.000000 0.125504 -0.867957 3.098134 1.000000 0.142482 -0.953087 3.046211 1.000000
31274556879 0.038455 0.171397 2.980701 1.000000 0.039270 0.229152 3.008495 1.000000 0.054235 0.536112 3.008152 1.000000 0.053160 0.697340 2.942684 1.000000 -0.140945 0.471473 2.996546 1.000000 -0.285975 0.651146 2.933834 1.000000 -0.145077 0.819800 2.919708 1.000000 -0.098111 0.876018 2.919385 1.000000 0.243087 0.492888 3.027219 1.000000 0.406550 0.676142 2.983125 1.000000 0.243214 0.812354 2.914608 1.000000 0.220323 0.839711 2.919857 1.000000 -0.048961 0.086421 2.967339 1.000000 -0.095878 -0.490311 3.095989 1.000000 -0.141526 -0.883630 3.092896 1.000000 -0.169599 -0.949781 3.041752 1.000000 0.117371 0.082936 2.978780 1.000000 0.109707 -0.488922 3.093996 1.000000 0.125515 -0.868440 3.097868 1.000000 0.142113 -0.952655 3.047173 1.000000
31274579029 0.038846 0.169476 2.980809 1.000000 0.039531 0.227246 3.010278 1.000000 0.054306 0.535039 3.008767 1.000000 0.059496 0.696764 2.939743 1.000000 -0.141461 0.471311 2.996743 1.000000 -0.291811 0.640266 2.939800 1.000000 -0.158295 0.814638 2.918995 1.000000 -0.113790 0.872762 2.916445 1.000000 0.244563 0.490968 3.026444 1.000000 0.414624 0.667257 2.985636 1.000000 0.257326 0.812214 2.922132 1.000000 0.219351 0.850600 2.921934 1.000000 -0.048512 0.084214 2.966464 1.000000 -0.082713 -0.494531 3.098086 1.000000 -0.135230 -0.854752 3.107827 1.000000 -0.167642 -0.947744 3.048536 1.000000 0.118339 0.079302 2.978545 1.000000 0.109900 -0.488815 3.094002 1.000000 0.124813 -0.869895 3.098168 1.000000 0.142291 -0.952780 3.047477 1.000000
31274624247 0.038798 0.169391 2.980787 1.000000 0.039410 0.226954 3.011472 1.000000 0.055528 0.532850 3.008184 1.000000 0.058577 0.693496 2.937503 1.000000 -0.142074 0.471525 2.996933 1.000000 -0.298977 0.628727 2.945963 1.000000 -0.200743 0.824704 2.917810 1.000000 -0.167999 0.890029 2.912811 1.000000 0.246007 0.490341 3.027028 1.000000 0.419508 0.661758 2.988186 1.000000 0.270889 0.814628 2.921887 1.000000 0.221726 0.873394 2.918309 1.000000 -0.048918 0.084058 2.966347 1.000000 -0.089018 -0.490570 3.096528 1.000000 -0.136084 -0.856263 3.105279 1.000000 -0.168334 -0.950831 3.048520 1.000000 0.118220 0.078637 2.978239 1.000000 0.101616 -0.476890 3.091935 1.000000 0.126481 -0.877423 3.091782 1.000000 0.146673 -0.962814 3.048989 1.000000
31274657713 0.039675 0.168841 2.980677 1.000000 0.040115 0.226420 3.012445 1.000000 0.055771 0.532838 3.007811 1.000000 0.059170 0.692822 2.937402 1.000000 -0.142946 0.471820 2.997779 1.000000 -0.301469 0.623533 2.947741 1.000000 -0.207713 0.821636 2.919194 1.000000 -0.176460 0.887671 2.914063 1.000000 0.247154 0.489596 3.027135 1.000000 0.426833 0.656519 2.988189 1.000000 0.295445 0.829166 2.940358 1.000000 0.243929 0.885815 2.936066 1.000000 -0.048022 0.083051 2.965885 1.000000 -0.090673 -0.486823 3.095240 1.000000 -0.136693 -0.858425 3.101098 1.000000 -0.169870 -0.947041 3.046190 1.000000 0.119999 0.077504 2.978218 1.000000 0.108412 -0.488731 3.096223 1.000000 0.126434 -0.877469 3.091869 1.000000 0.145789 -0.959916 3.054406 1.000000
31274690253 0.040106 0.165420 2.980108 1.000000 0.040474 0.223348 3.013270 1.000000 0.056137 0.532008 3.008127 1.000000 0.057513 0.693226 2.936287 1.000000 -0.142934 0.471405 2.997833 1.000000 -0.314489 0.617104 2.951717 1.000000 -0.217171 0.813342 2.921793 1.000000 -0.184732 0.878755 2.916203 1.000000 0.249021 0.488609 3.027654 1.000000 0.443278 0.625361 2.998222 1.000000 0.363735 0.827881 2.954735 1.000000 0.338378 0.900242 2.954735 1.000000 -0.048436 0.079063 2.964609 1.000000 -0.091259 -0.486409 3.095098 1.000000 -0.136388 -0.859100 3.101390 1.000000 -0.170366 -0.946218 3.045347 1.000000 0.121133 0.073423 2.976968 1.000000 0.108965 -0.488920 3.096201 1.000000 0.126440 -0.876576 3.093259 1.000000 0.144984 -0.958884 3.054116 1.000000
31274712288 0.040387 0.162793 2.979790 1.000000 0.040518 0.221126 3.014150 1.000000 0.055915 0.531778 3.008293 1.000000 0.057129 0.692136 2.934888 1.000000 -0.142889 0.471335 2.997853 1.000000 -0.322765 0.613823 2.953104 1.000000 -0.235943 0.815463 2.932545 1.000000 -0.207002 0.882677 2.930077 1.000000 0.249106 0.488163 3.027848 1.000000 0.445332 0.623238 2.997677 1.000000 0.367179 0.826575 2.956280 1.000000 0.341826 0.898924 2.956280 1.000000 -0.048185 0.077141 2.964427 1.000000 -0.091918 -0.485720 3.094955 1.000000 -0.136695 -0.858948 3.100653 1.000000 -0.170661 -0.945160 3.046247 1.000000 0.121799 0.071180 2.976074 1.000000 0.109235 -0.490228 3.096495 1.000000 0.125765 -0.875068 3.097507 1.000000 0.142969 -0.956347 3.052088 1.000000
31274757684 0.040172 0.159253 2.978443 1.000000 0.040281 0.218030 3.014093 1.000000 0.055705 0.531457 3.008097 1.000000 0.056550 0.692172 2.934035 1.000000 -0.143484 0.470831 2.998480 1.000000 -0.332730 0.603821 2.960819 1.000000 -0.264380 0.812133 2.934348 1.000000 -0.241597 0.881570 2.929909 1.000000 0.249116 0.488150 3.027914 1.000000 0.448756 0.622131 2.998279 1.000000 0.387450 0.830815 2.954546 1.000000 0.362100 0.903153 2.954546 1.000000 -0.048365 0.074297 2.962975 1.000000 -0.091997 -0.485715 3.094918 1.000000 -0.137260 -0.860770 3.099600 1.000000 -0.177638 -0.948108 3.047998 1.000000 0.121709 0.066423 2.974210 1.000000 0.110168 -0.490510 3.096148 1.000000 0.125568 -0.874602 3.097971 1.000000 0.142398 -0.955687 3.051615 1.000000
31274791034 0.040883 0.156571 2.977412 1.000000 0.040706 0.215440 3.014092 1.000000 0.055291 0.530638 3.007533 1.000000 0.055644 0.692395 2.932530 1.000000 -0.144131 0.469580 2.998466 1.000000 -0.337171 0.594148 2.962648 1.000000 -0.317020 0.812131 2.931813 1.000000 -0.310302 0.884791 2.925919 1.000000 0.249223 0.487997 3.028029 1.000000 0.454552 0.621773 2.999515 1.000000 0.413108 0.835464 2.957141 1.000000 0.387763 0.907788 2.957141 1.000000 -0.046491 0.070169 2.961937 1.000000 -0.092220 -0.485620 3.094862 1.000000 -0.136792 -0.861980 3.099268 1.000000 -0.177329 -0.947483 3.047854 1.000000 0.122168 0.064393 2.972929 1.000000 0.111508 -0.487364 3.095075 1.000000 0.127214 -0.863487 3.102586 1.000000 0.141790 -0.952813 3.051392 1.000000
31274824416 0.041280 0.153948 2.975344 1.000000 0.040657 0.212978 3.012900 1.000000 0.053567 0.529588 3.005284 1.000000 0.055139 0.692039 2.932924 1.000000 -0.144604 0.465348 2.998441 1.000000 -0.347679 0.567171 2.968775 1.000000 -0.372533 0.784101 2.932192 1.000000 -0.380818 0.856411 2.924381 1.000000 0.250516 0.486869 3.029144 1.000000 0.460571 0.595489 3.005617 1.000000 0.440344 0.812585 2.966284 1.000000 0.415005 0.884895 2.966285 1.000000 -0.046193 0.066847 2.959398 1.000000 -0.092785 -0.485648 3.094260 1.000000 -0.136366 -0.856616 3.099994 1.000000 -0.176707 -0.946637 3.047396 1.000000 0.123648 0.061450 2.970928 1.000000 0.111737 -0.488452 3.095219 1.000000 0.127018 -0.862507 3.103762 1.000000 0.140212 -0.950822 3.054519 1.000000
31274857866 0.041637 0.146467 2.973157 1.000000 0.040815 0.206498 3.011408 1.000000 0.053651 0.527809 3.003217 1.000000 0.055743 0.692050 2.933142 1.000000 -0.144264 0.458622 2.998423 1.000000 -0.353716 0.557735 2.970582 1.000000 -0.369310 0.775689 2.935760 1.000000 -0.374509 0.848340 2.928538 1.000000 0.253228 0.475468 3.030332 1.000000 0.462030 0.587128 3.005681 1.000000 0.470121 0.805100 2.967244 1.000000 0.444786 0.877395 2.967244 1.000000 -0.045652 0.060659 2.957433 1.000000 -0.093189 -0.486171 3.094738 1.000000 -0.136689 -0.856744 3.100333 1.000000 -0.175763 -0.945234 3.046515 1.000000 0.123636 0.052763 2.969362 1.000000 0.111871 -0.488226 3.094954 1.000000 0.126685 -0.865382 3.100874 1.000000 0.140640 -0.951808 3.055543 1.000000
31274891013 0.041039 0.141675 2.971659 1.000000 0.040419 0.201720 3.010832 1.000000 0.053749 0.525213 3.002553 1.000000 0.055916 0.681592 2.933466 1.000000 -0.144270 0.455543 2.998903 1.000000 -0.355846 0.522483 2.980654 1.000000 -0.382102 0.738608 2.939101 1.000000 -0.390854 0.810650 2.929634 1.000000 0.251339 0.471234 3.029521 1.000000 0.471654 0.565186 3.009830 1.000000 0.494004 0.858554 2.955758 1.000000 0.487498 0.934845 2.958124 1.000000 -0.045956 0.057515 2.955815 1.000000 -0.093995 -0.483424 3.093610 1.000000 -0.136550 -0.857109 3.100261 1.000000 -0.175614 -0.945119 3.046533 1.000000 0.122445 0.048356 2.968020 1.000000 0.111847 -0.488205 3.094989 1.000000 0.125968 -0.866026 3.101982 1.000000 0.140639 -0.951480 3.055278 1.000000
31274924386 0.040991 0.140961 2.971299 1.000000 0.040240 0.200510 3.011073 1.000000 0.053756 0.521254 3.001924 1.000000 0.054797 0.670342 2.932714 1.000000 -0.144066 0.453428 2.999619 1.000000 -0.356886 0.510417 2.984451 1.000000 -0.412602 0.720918 2.943354 1.000000 -0.420045 0.795128 2.925893 1.000000 0.253954 0.465372 3.030979 1.000000 0.479621 0.545229 3.014919 1.000000 0.537861 0.754739 2.971616 1.000000 0.543352 0.858099 2.966448 1.000000 -0.046934 0.056146 2.955199 1.000000 -0.095573 -0.480225 3.092112 1.000000 -0.136999 -0.862579 3.097232 1.000000 -0.173193 -0.946905 3.048735 1.000000 0.123086 0.047242 2.967270 1.000000 0.111860 -0.488212 3.094967 1.000000 0.125825 -0.866557 3.101041 1.000000 0.140966 -0.951685 3.055024 1.000000
31274957898 0.040596 0.140130 2.970007 1.000000 0.039869 0.199313 3.010539 1.000000 0.053566 0.519307 3.001198 1.000000 0.052341 0.664662 2.931726 1.000000 -0.143620 0.452645 3.000314 1.000000 -0.362639 0.497573 2.986443 1.000000 -0.435619 0.715755 2.950665 1.000000 -0.454319 0.816701 2.936548 1.000000 0.252613 0.463301 3.031111 1.000000 0.470800 0.503727 3.026485 1.000000 0.552751 0.719490 2.986504 1.000000 0.574312 0.820096 2.974154 1.000000 -0.047929 0.055921 2.953335 1.000000 -0.095642 -0.413086 3.064789 1.000000 -0.131790 -0.839876 3.094121 1.000000 -0.083737 -0.938017 3.058320 1.000000 0.123036 0.046604 2.966050 1.000000 0.111974 -0.479021 3.092886 1.000000 0.125945 -0.866452 3.096419 1.000000 0.140831 -0.951903 3.055136 1.000000
31274991124 0.040755 0.137322 2.969900 1.000000 0.039789 0.197042 3.010845 1.000000 0.053284 0.518984 3.000630 1.000000 0.053395 0.668734 2.929686 1.000000 -0.143510 0.452250 3.000503 1.000000 -0.360760 0.479291 2.990188 1.000000 -0.467888 0.718173 2.954574 1.000000 -0.490691 0.791271 2.956406 1.000000 0.252198 0.461647 3.031968 1.000000 0.472569 0.496665 3.030822 1.000000 0.591871 0.725788 2.984989 1.000000 0.622979 0.824627 2.986316 1.000000 -0.047226 0.053441 2.953427 1.000000 -0.093750 -0.491943 3.088228 1.000000 -0.134392 -0.865092 3.096851 1.000000 -0.177246 -0.939941 3.037018 1.000000 0.122994 0.043993 2.966310 1.000000 0.112251 -0.483326 3.093241 1.000000 0.125951 -0.864757 3.097423 1.000000 0.141100 -0.951451 3.054866 1.000000
31275024447 0.041749 0.133174 2.968843 1.000000 0.040627 0.194166 3.010078 1.000000 0.053715 0.519622 2.998482 1.000000 0.053738 0.680685 2.922612 1.000000 -0.141542 0.448542 3.000457 1.000000 -0.360029 0.458145 2.992745 1.000000 -0.516602 0.704102 2.965272 1.000000 -0.513974 0.780544 2.969199 1.000000 0.252061 0.459965 3.031534 1.000000 0.481132 0.480052 3.035895 1.000000 0.629404 0.708838 2.997502 1.000000 0.682287 0.797455 3.006855 1.000000 -0.045500 0.049725 2.953123 1.000000 -0.079980 -0.493540 3.093551 1.000000 -0.134085 -0.856874 3.100466 1.000000 -0.176513 -0.940282 3.037565 1.000000 0.123377 0.040962 2.965722 1.000000 0.113009 -0.491481 3.096032 1.000000 0.124731 -0.867031 3.094050 1.000000 0.141395 -0.951971 3.054340 1.000000
31275057931 0.042020 0.131670 2.968569 1.000000 0.040865 0.192938 3.010011 1.000000 0.053874 0.519794 2.997739 1.000000 0.055280 0.682383 2.920853 1.000000 -0.139001 0.444180 3.000420 1.000000 -0.357906 0.432727 2.997867 1.000000 -0.536124 0.669134 2.962817 1.000000 -0.571173 0.735908 2.949469 1.000000 0.251761 0.457423 3.031548 1.000000 0.491319 0.471446 3.041775 1.000000 0.673853 0.702030 2.996573 1.000000 0.721902 0.761295 3.003236 1.000000 -0.044914 0.047767 2.952857 1.000000 -0.079880 -0.492243 3.094325 1.000000 -0.134350 -0.859977 3.099733 1.000000 -0.176390 -0.940370 3.037827 1.000000 0.123442 0.040529 2.965750 1.000000 0.113139 -0.489116 3.095157 1.000000 0.125567 -0.863918 3.097543 1.000000 0.141492 -0.951291 3.054138 1.000000
31275090459 0.042904 0.128721 2.968123 1.000000 0.041479 0.190833 3.009509 1.000000 0.053884 0.520301 2.996008 1.000000 0.056366 0.683817 2.920911 1.000000 -0.136621 0.442048 3.000898 1.000000 -0.357350 0.417032 3.002386 1.000000 -0.564622 0.627890 2.962897 1.000000 -0.586506 0.700174 2.950211 1.000000 0.250799 0.453454 3.032122 1.000000 0.500075 0.454109 3.052979 1.000000 0.708008 0.657227 3.008242 1.000000 0.756441 0.716494 3.005693 1.000000 -0.043356 0.045697 2.952600 1.000000 -0.067827 -0.500494 3.100820 1.000000 -0.135063 -0.861277 3.100400 1.000000 -0.176200 -0.940512 3.037909 1.000000 0.123892 0.038571 2.966009 1.000000 0.113302 -0.492375 3.097651 1.000000 0.125572 -0.864608 3.097783 1.000000 0.141725 -0.952324 3.051418 1.000000
31275112196 0.042679 0.122382 2.967372 1.000000 0.041178 0.185805 3.008808 1.000000 0.053737 0.520214 2.995397 1.000000 0.056823 0.684467 2.916689 1.000000 -0.134707 0.439356 2.999717 1.000000 -0.366414 0.407483 3.003123 1.000000 -0.550816 0.525782 2.978229 1.000000 -0.610971 0.609149 2.965152 1.000000 0.246671 0.446217 3.031106 1.000000 0.507612 0.413392 3.059833 1.000000 0.736328 0.598633 3.012149 1.000000 0.788522 0.653360 2.999987 1.000000 -0.042686 0.042417 2.951984 1.000000 -0.067287 -0.500021 3.100952 1.000000 -0.135198 -0.861350 3.100199 1.000000 -0.175957 -0.940731 3.038190 1.000000 0.122984 0.033207 2.966149 1.000000 0.113689 -0.494603 3.098595 1.000000 0.125330 -0.866347 3.098504 1.000000 0.141747 -0.952333 3.051455 1.000000
31275157849 0.041527 0.118780 2.967308 1.000000 0.040281 0.182707 3.008405 1.000000 0.052949 0.519690 2.993665 1.000000 0.057194 0.686539 2.919396 1.000000 -0.134312 0.438424 2.999530 1.000000 -0.352985 0.380549 3.016359 1.000000 -0.555180 0.463411 2.983618 1.000000 -0.568848 0.488281 2.984807 1.000000 0.244643 0.443287 3.029001 1.000000 0.496183 0.391078 3.065896 1.000000 0.697674 0.473777 3.026383 1.000000 0.760806 0.517047 3.029221 1.000000 -0.043189 0.038921 2.953007 1.000000 -0.067377 -0.504742 3.103154 1.000000 -0.139127 -0.879090 3.091048 1.000000 -0.173054 -0.945813 3.037792 1.000000 0.121445 0.030404 2.965899 1.000000 0.113781 -0.497382 3.098919 1.000000 0.125360 -0.868100 3.097951 1.000000 0.141956 -0.953683 3.053429 1.000000
31275190591 0.041556 0.116635 2.967416 1.000000 0.040250 0.180775 3.008359 1.000000 0.052799 0.519462 2.993397 1.000000 0.057411 0.686498 2.919143 1.000000 -0.132780 0.435190 2.998134 1.000000 -0.342388 0.359174 3.015794 1.000000 -0.551273 0.425634 2.993892 1.000000 -0.632156 0.489044 2.980727 1.000000 0.243409 0.440844 3.027720 1.000000 0.478107 0.367033 3.067743 1.000000 0.692869 0.408541 3.037841 1.000000 0.757870 0.448576 3.043949 1.000000 -0.042861 0.037568 2.953080 1.000000 -0.065892 -0.503606 3.102520 1.000000 -0.138171 -0.874518 3.093846 1.000000 -0.173552 -0.945436 3.039515 1.000000 0.121288 0.028349 2.966256 1.000000 0.113402 -0.498875 3.099103 1.000000 0.125234 -0.869028 3.099906 1.000000 0.141815 -0.953727 3.053966 1.000000
31275212325 0.042061 0.113233 2.967509 1.000000 0.040688 0.178077 3.007914 1.000000 0.053106 0.519028 2.991812 1.000000 0.057574 0.687359 2.918891 1.000000 -0.131685 0.431743 2.997138 1.000000 -0.341795 0.346673 3.024242 1.000000 -0.556344 0.389439 2.994909 1.000000 -0.630066 0.404392 2.980552 1.000000 0.242247 0.438305 3.027251 1.000000 0.477476 0.349633 3.071560 1.000000 0.696109 0.360695 3.044291 1.000000 0.759407 0.403451 3.049765 1.000000 -0.042080 0.034300 2.953766 1.000000 -0.079531 -0.500794 3.101167 1.000000 -0.135393 -0.853530 3.101595 1.000000 -0.172561 -0.943184 3.039891 1.000000 0.121555 0.025737 2.966614 1.000000 0.113121 -0.504080 3.100677 1.000000 0.125602 -0.869222 3.100055 1.000000 0.142194 -0.953910 3.054224 1.000000
31275257930 0.042235 0.111716 2.967326 1.000000 0.040857 0.176912 3.007334 1.000000 0.053295 0.519101 2.990790 1.000000 0.059004 0.688939 2.916832 1.000000 -0.130618 0.428769 2.996965 1.000000 -0.341626 0.325451 3.035853 1.000000 -0.558466 0.350804 3.001284 1.000000 -0.578613 0.347900 2.996528 1.000000 0.241114 0.435939 3.027354 1.000000 0.475036 0.331982 3.071933 1.000000 0.685692 0.274066 3.039020 1.000000 0.749608 0.315829 3.044831 1.000000 -0.041714 0.032675 2.953888 1.000000 -0.075640 -0.501394 3.101378 1.000000 -0.136722 -0.857234 3.099188 1.000000 -0.170779 -0.947141 3.045348 1.000000 0.121572 0.025004 2.966549 1.000000 0.113446 -0.503788 3.100611 1.000000 0.125189 -0.870350 3.096852 1.000000 0.142493 -0.954147 3.054083 1.000000
31275290567 0.042712 0.109126 2.967508 1.000000 0.041414 0.175055 3.006668 1.000000 0.054821 0.518971 2.988425 1.000000 0.058140 0.691246 2.915557 1.000000 -0.129878 0.425736 2.996343 1.000000 -0.334547 0.306107 3.041737 1.000000 -0.552233 0.308809 3.001587 1.000000 -0.607948 0.269381 3.036283 1.000000 0.239697 0.432618 3.027449 1.000000 0.466726 0.285397 3.079833 1.000000 0.684898 0.284047 3.043817 1.000000 0.757621 0.283597 3.036198 1.000000 -0.041210 0.030260 2.954839 1.000000 -0.067905 -0.500164 3.100819 1.000000 -0.135898 -0.853421 3.101008 1.000000 -0.170319 -0.945021 3.045652 1.000000 0.121680 0.023067 2.966856 1.000000 0.113403 -0.504260 3.100341 1.000000 0.125079 -0.870790 3.097407 1.000000 0.142468 -0.954134 3.054097 1.000000
31275312449 0.042972 0.107228 2.967605 1.000000 0.041843 0.173493 3.006125 1.000000 0.055983 0.518744 2.987825 1.000000 0.058801 0.692025 2.914729 1.000000 -0.130427 0.422334 2.995859 1.000000 -0.334651 0.288689 3.048406 1.000000 -0.549524 0.262233 2.999797 1.000000 -0.624787 0.267493 2.986848 1.000000 0.239445 0.427728 3.027529 1.000000 0.452887 0.259303 3.078459 1.000000 0.668948 0.223740 3.051868 1.000000 0.740968 0.211886 3.047390 1.000000 -0.041216 0.028228 2.955269 1.000000 -0.064741 -0.501412 3.101629 1.000000 -0.135857 -0.856360 3.102654 1.000000 -0.170759 -0.944383 3.045797 1.000000 0.121792 0.020608 2.966920 1.000000 0.113646 -0.504662 3.100501 1.000000 0.125166 -0.871155 3.098212 1.000000 0.142562 -0.954427 3.054312 1.000000
31275357941 0.043091 0.104908 2.967111 1.000000 0.041949 0.171631 3.004863 1.000000 0.056143 0.518441 2.986191 1.000000 0.058798 0.692015 2.914695 1.000000 -0.129618 0.421130 2.995275 1.000000 -0.333360 0.265902 3.043299 1.000000 -0.539554 0.193117 3.012262 1.000000 -0.613252 0.175545 3.001344 1.000000 0.238956 0.425163 3.027572 1.000000 0.439647 0.246126 3.081816 1.000000 0.637415 0.159268 3.030229 1.000000 0.712852 0.148031 3.023725 1.000000 -0.040893 0.026474 2.954437 1.000000 -0.065234 -0.497379 3.099983 1.000000 -0.135165 -0.859952 3.102867 1.000000 -0.171227 -0.944430 3.045491 1.000000 0.121711 0.018231 2.967420 1.000000 0.113701 -0.504635 3.100485 1.000000 0.125426 -0.871561 3.097665 1.000000 0.142408 -0.954260 3.055103 1.000000
31275390671 0.042504 0.100777 2.966646 1.000000 0.041703 0.168117 3.003963 1.000000 0.056683 0.517822 2.986004 1.000000 0.058558 0.694288 2.914834 1.000000 -0.127346 0.419052 2.993510 1.000000 -0.311411 0.239461 3.042963 1.000000 -0.516966 0.166831 3.005095 1.000000 -0.587527 0.140262 2.991985 1.000000 0.238681 0.421039 3.025862 1.000000 0.399170 0.213135 3.085862 1.000000 0.595272 0.118758 3.044855 1.000000 0.666866 0.096026 3.030223 1.000000 -0.041483 0.023324 2.953958 1.000000 -0.063322 -0.501882 3.100595 1.000000 -0.136232 -0.864234 3.100586 1.000000 -0.170007 -0.945492 3.038666 1.000000 0.120731 0.014915 2.967070 1.000000 0.113918 -0.504840 3.100804 1.000000 0.125374 -0.871545 3.097663 1.000000 0.142331 -0.954106 3.054686 1.000000
31275412374 0.042637 0.099416 2.965909 1.000000 0.042064 0.166900 3.002875 1.000000 0.057586 0.517575 2.985542 1.000000 0.059632 0.695539 2.914751 1.000000 -0.125839 0.417998 2.993705 1.000000 -0.297262 0.226554 3.041712 1.000000 -0.490119 0.124730 3.004452 1.000000 -0.560848 0.098607 2.991377 1.000000 0.240079 0.416428 3.025222 1.000000 0.387081 0.207870 3.080665 1.000000 0.565102 0.081443 3.045890 1.000000 0.624832 0.038328 3.025165 1.000000 -0.041429 0.022491 2.953377 1.000000 -0.064338 -0.500080 3.100066 1.000000 -0.136384 -0.864404 3.100515 1.000000 -0.170817 -0.944577 3.038077 1.000000 0.120585 0.012969 2.966031 1.000000 0.114417 -0.507046 3.102460 1.000000 0.125059 -0.872556 3.096647 1.000000 0.142324 -0.954215 3.054574 1.000000
31275444126 0.042623 0.097967 2.964793 1.000000 0.042105 0.165731 3.001768 1.000000 0.057756 0.517635 2.985496 1.000000 0.060323 0.696401 2.915143 1.000000 -0.124163 0.416648 2.992594 1.000000 -0.284437 0.209668 3.034671 1.000000 -0.465909 0.086506 3.014729 1.000000 -0.536512 0.059996 3.001677 1.000000 0.241154 0.411810 3.024174 1.000000 0.364208 0.185883 3.078583 1.000000 0.530306 0.043577 3.047881 1.000000 0.606503 -0.018382 3.015054 1.000000 -0.041489 0.021449 2.951939 1.000000 -0.063432 -0.499363 3.100055 1.000000 -0.135535 -0.858176 3.102281 1.000000 -0.171419 -0.944051 3.039204 1.000000 0.120479 0.011051 2.964726 1.000000 0.114054 -0.509610 3.103248 1.000000 0.125174 -0.872826 3.097183 1.000000 0.142604 -0.954350 3.054192 1.000000
31275476793 0.042675 0.096569 2.963724 1.000000 0.042270 0.164401 3.000617 1.000000 0.059006 0.517218 2.985048 1.000000 0.062047 0.695646 2.916442 1.000000 -0.122050 0.416005 2.991257 1.000000 -0.272609 0.194621 3.032505 1.000000 -0.434032 0.048515 2.991944 1.000000 -0.481934 0.011559 2.982864 1.000000 0.242426 0.407990 3.023514 1.000000 0.361105 0.170653 3.078289 1.000000 0.499279 0.001392 3.044794 1.000000 0.551095 -0.045594 3.013753 1.000000 -0.041634 0.020195 2.950099 1.000000 -0.063606 -0.499476 3.100189 1.000000 -0.136826 -0.860967 3.100511 1.000000 -0.172016 -0.943166 3.041262 1.000000 0.120291 0.009618 2.964034 1.000000 0.114492 -0.512217 3.105471 1.000000 0.124998 -0.872942 3.097601 1.000000 0.141907 -0.953353 3.049424 1.000000
31275509745 0.042640 0.094567 2.963383 1.000000 0.042467 0.162547 3.000275 1.000000 0.060428 0.516491 2.985349 1.000000 0.063007 0.695816 2.917016 1.000000 -0.120211 0.415452 2.990318 1.000000 -0.269764 0.173186 3.029046 1.000000 -0.419189 -0.002804 2.978959 1.000000 -0.475830 -0.063538 2.986772 1.000000 0.241589 0.406642 3.022426 1.000000 0.348826 0.155705 3.074465 1.000000 0.473497 -0.022679 3.032946 1.000000 0.529078 -0.105911 3.006442 1.000000 -0.041448 0.019223 2.949481 1.000000 -0.064571 -0.498547 3.099833 1.000000 -0.136688 -0.861954 3.098029 1.000000 -0.171084 -0.944168 3.041212 1.000000 0.119560 0.008040 2.964023 1.000000 0.114158 -0.513308 3.104530 1.000000 0.124818 -0.872612 3.097602 1.000000 0.142223 -0.953101 3.048899 1.000000
31275542455 0.042450 0.093204 2.963132 1.000000 0.042647 0.161438 2.999937 1.000000 0.060765 0.516456 2.985121 1.000000 0.064371 0.696185 2.917234 1.000000 -0.119098 0.415537 2.990070 1.000000 -0.258176 0.172486 3.020808 1.000000 -0.373074 -0.012742 2.981760 1.000000 -0.417473 -0.065114 2.947933 1.000000 0.238369 0.405710 3.019301 1.000000 0.331149 0.135910 3.063895 1.000000 0.442942 -0.052989 3.049927 1.000000 0.489784 -0.139395 3.017319 1.000000 -0.041336 0.018794 2.949308 1.000000 -0.082160 -0.493652 3.097559 1.000000 -0.136757 -0.862296 3.097814 1.000000 -0.172113 -0.943970 3.044016 1.000000 0.118975 0.007385 2.963990 1.000000 0.114973 -0.506666 3.101272 1.000000 0.125375 -0.869415 3.098619 1.000000 0.142545 -0.952345 3.049792 1.000000
31275574349 0.042460 0.092142 2.963026 1.000000 0.042692 0.160597 2.999534 1.000000 0.061432 0.516329 2.984173 1.000000 0.064613 0.695116 2.917250 1.000000 -0.117672 0.415751 2.989480 1.000000 -0.245707 0.165488 3.013397 1.000000 -0.342153 -0.030121 2.975151 1.000000 -0.378345 -0.125606 2.957940 1.000000 0.237625 0.405997 3.019133 1.000000 0.322563 0.135831 3.056742 1.000000 0.412598 -0.082275 3.021930 1.000000 0.448178 -0.176587 2.998210 1.000000 -0.041042 0.018370 2.949273 1.000000 -0.086101 -0.497869 3.099076 1.000000 -0.137212 -0.859449 3.099246 1.000000 -0.172095 -0.943775 3.044230 1.000000 0.118516 0.006756 2.964141 1.000000 0.115258 -0.507114 3.101847 1.000000 0.124392 -0.870370 3.098111 1.000000 0.142449 -0.952474 3.050285 1.000000
31275616375 0.042480 0.091679 2.962944 1.000000 0.042852 0.160182 2.999248 1.000000 0.061600 0.516273 2.983910 1.000000 0.067337 0.695593 2.918738 1.000000 -0.116553 0.416295 2.989353 1.000000 -0.232312 0.159231 3.005618 1.000000 -0.301007 -0.047651 2.966226 1.000000 -0.327294 -0.136689 2.920351 1.000000 0.235991 0.405794 3.017656 1.000000 0.314065 0.131924 3.047691 1.000000 0.390943 -0.098114 3.023363 1.000000 0.421251 -0.193296 3.001188 1.000000 -0.040732 0.018057 2.949229 1.000000 -0.074143 -0.501627 3.099538 1.000000 -0.137132 -0.857342 3.100148 1.000000 -0.172841 -0.943788 3.043020 1.000000 0.118343 0.006722 2.964142 1.000000 0.112769 -0.509811 3.103544 1.000000 0.124387 -0.870468 3.098090 1.000000 0.142387 -0.953771 3.051038 1.000000
31275650308 0.042365 0.091362 2.962862 1.000000 0.042774 0.159915 2.998976 1.000000 0.061565 0.516294 2.983723 1.000000 0.068066 0.695314 2.918688 1.000000 -0.115856 0.416625 2.989271 1.000000 -0.222545 0.156870 2.999001 1.000000 -0.281238 -0.053022 2.959013 1.000000 -0.289472 -0.153816 2.936749 1.000000 0.235570 0.405843 3.017274 1.000000 0.298281 0.129116 3.034552 1.000000 0.335348 -0.087198 3.014092 1.000000 0.364894 -0.185366 2.999502 1.000000 -0.040626 0.017983 2.949109 1.000000 -0.084844 -0.494943 3.094702 1.000000 -0.137936 -0.857014 3.101412 1.000000 -0.172827 -0.943073 3.042768 1.000000 0.117886 0.006445 2.964243 1.000000 0.112775 -0.509811 3.103551 1.000000 0.124249 -0.871111 3.098852 1.000000 0.141955 -0.953664 3.051010 1.000000
31275683325 0.041786 0.089791 2.962941 1.000000 0.042526 0.158722 2.998851 1.000000 0.061813 0.516245 2.983660 1.000000 0.069241 0.696192 2.918627 1.000000 -0.113285 0.418080 2.989129 1.000000 -0.203254 0.138133 2.989380 1.000000 -0.244385 -0.083557 2.935997 1.000000 -0.251352 -0.176557 2.909360 1.000000 0.234127 0.405427 3.015822 1.000000 0.294046 0.129379 3.033561 1.000000 0.318774 -0.088672 3.011734 1.000000 0.340113 -0.188020 2.991803 1.000000 -0.040573 0.017325 2.949236 1.000000 -0.087745 -0.490565 3.093229 1.000000 -0.137214 -0.855464 3.101431 1.000000 -0.172890 -0.942934 3.042455 1.000000 0.116374 0.005762 2.964385 1.000000 0.112597 -0.510224 3.103589 1.000000 0.124385 -0.871256 3.099316 1.000000 0.141975 -0.953558 3.051100 1.000000
31275716254 0.041216 0.088679 2.963457 1.000000 0.042172 0.157931 2.999069 1.000000 0.061850 0.516298 2.983707 1.000000 0.069255 0.696223 2.919050 1.000000 -0.112096 0.418534 2.989373 1.000000 -0.192950 0.132755 2.973876 1.000000 -0.223256 -0.082023 2.926081 1.000000 -0.220467 -0.180409 2.893922 1.000000 0.233626 0.405143 3.015377 1.000000 0.286096 0.125601 3.028030 1.000000 0.301537 -0.093128 3.001962 1.000000 0.298248 -0.191469 2.969710 1.000000 -0.040679 0.016656 2.949473 1.000000 -0.065282 -0.502327 3.099541 1.000000 -0.136834 -0.856852 3.098426 1.000000 -0.172893 -0.942885 3.042471 1.000000 0.115102 0.005123 2.965395 1.000000 0.112590 -0.510344 3.103729 1.000000 0.124461 -0.871446 3.099200 1.000000 0.142042 -0.953564 3.051707 1.000000
31275750320 0.041635 0.088242 2.963977 1.000000 0.042700 0.157475 2.999490 1.000000 0.062917 0.516347 2.984525 1.000000 0.069975 0.695072 2.920725 1.000000 -0.110028 0.419534 2.990080 1.000000 -0.185364 0.132024 2.965781 1.000000 -0.198903 -0.082833 2.908865 1.000000 -0.197140 -0.183377 2.884184 1.000000 0.233722 0.405259 3.015416 1.000000 0.279890 0.123130 3.024730 1.000000 0.287534 -0.095827 2.995423 1.000000 0.286630 -0.194165 2.963017 1.000000 -0.039899 0.016213 2.949993 1.000000 -0.084162 -0.500139 3.098626 1.000000 -0.136555 -0.855819 3.098900 1.000000 -0.172929 -0.943493 3.043948 1.000000 0.115177 0.005045 2.965820 1.000000 0.110661 -0.512184 3.104707 1.000000 0.124612 -0.871207 3.100019 1.000000 0.140571 -0.957491 3.059520 1.000000
31275783080 0.042508 0.087546 2.964781 1.000000 0.043372 0.156899 3.000134 1.000000 0.062843 0.516439 2.985286 1.000000 0.069558 0.693246 2.921219 1.000000 -0.108825 0.420224 2.990512 1.000000 -0.167122 0.145099 2.953927 1.000000 -0.182157 -0.069777 2.897471 1.000000 -0.175810 -0.171094 2.877090 1.000000 0.234005 0.405183 3.015315 1.000000 0.274511 0.124414 3.021448 1.000000 0.274244 -0.093861 2.983230 1.000000 0.258716 -0.191693 2.953089 1.000000 -0.038057 0.015044 2.950514 1.000000 -0.086897 -0.497967 3.098997 1.000000 -0.136892 -0.854811 3.099295 1.000000 -0.173054 -0.943746 3.044479 1.000000 0.115901 0.004725 2.966973 1.000000 0.102468 -0.511599 3.104391 1.000000 0.124704 -0.871279 3.100101 1.000000 0.140553 -0.956019 3.056024 1.000000
31275817377 0.043607 0.086937 2.964831 1.000000 0.044190 0.156283 3.000437 1.000000 0.063020 0.516747 2.987039 1.000000 0.069782 0.693546 2.921802 1.000000 -0.107647 0.420808 2.990537 1.000000 -0.159532 0.146887 2.950339 1.000000 -0.169714 -0.066448 2.885544 1.000000 -0.161225 -0.168230 2.868566 1.000000 0.233891 0.405207 3.015090 1.000000 0.271183 0.126795 3.017491 1.000000 0.268018 -0.092301 2.977408 1.000000 0.251669 -0.190633 2.949417 1.000000 -0.035682 0.014106 2.949839 1.000000 -0.088951 -0.496057 3.097806 1.000000 -0.137059 -0.858651 3.097044 1.000000 -0.173796 -0.944251 3.043977 1.000000 0.116561 0.004781 2.967066 1.000000 0.105355 -0.509485 3.103192 1.000000 0.124708 -0.871066 3.100200 1.000000 0.140531 -0.955594 3.055361 1.000000
31275850251 0.044502 0.086525 2.965125 1.000000 0.044852 0.155830 3.000880 1.000000 0.062995 0.516560 2.987686 1.000000 0.069770 0.693362 2.921898 1.000000 -0.107148 0.421139 2.990552 1.000000 -0.156942 0.143726 2.945851 1.000000 -0.161068 -0.069262 2.878773 1.000000 -0.147432 -0.170089 2.859614 1.000000 0.233921 0.405272 3.015275 1.000000 0.267012 0.139616 3.012262 1.000000 0.261461 -0.087497 2.971014 1.000000 0.246500 -0.186591 2.945021 1.000000 -0.034265 0.013165 2.950274 1.000000 -0.090405 -0.498450 3.098826 1.000000 -0.137345 -0.859820 3.095657 1.000000 -0.173486 -0.944791 3.043308 1.000000 0.117493 0.005042 2.967173 1.000000 0.101495 -0.508876 3.103953 1.000000 0.124846 -0.871668 3.099208 1.000000 0.141543 -0.957680 3.054320 1.000000
31275883271 0.045725 0.086079 2.965010 1.000000 0.045644 0.155318 3.001144 1.000000 0.062793 0.516357 2.988672 1.000000 0.068303 0.692808 2.925597 1.000000 -0.106568 0.419768 2.989865 1.000000 -0.156442 0.143386 2.944335 1.000000 -0.149423 -0.070611 2.871422 1.000000 -0.124670 -0.169746 2.854747 1.000000 0.233637 0.406772 3.015069 1.000000 0.266522 0.139800 3.012641 1.000000 0.255910 -0.084078 2.963743 1.000000 0.239291 -0.183375 2.939611 1.000000 -0.032460 0.012285 2.949966 1.000000 -0.076828 -0.502123 3.099464 1.000000 -0.136656 -0.860908 3.096324 1.000000 -0.173711 -0.944491 3.044469 1.000000 0.119072 0.005439 2.966747 1.000000 0.107755 -0.504783 3.101627 1.000000 0.125325 -0.871809 3.099046 1.000000 0.141425 -0.957440 3.053991 1.000000
31275917219 0.046608 0.085844 2.965012 1.000000 0.046191 0.155085 3.001309 1.000000 0.062814 0.516362 2.988675 1.000000 0.068270 0.692748 2.925543 1.000000 -0.106065 0.418629 2.988522 1.000000 -0.156349 0.143054 2.943769 1.000000 -0.146430 -0.070804 2.870728 1.000000 -0.119794 -0.162365 2.858755 1.000000 0.233656 0.406982 3.015303 1.000000 0.266091 0.140250 3.012753 1.000000 0.252838 -0.081670 2.960889 1.000000 0.235773 -0.180558 2.935440 1.000000 -0.031587 0.011812 2.950027 1.000000 -0.083479 -0.501695 3.097491 1.000000 -0.135396 -0.854750 3.101593 1.000000 -0.173660 -0.943590 3.044798 1.000000 0.120278 0.005733 2.966731 1.000000 0.106857 -0.496563 3.096633 1.000000 0.125211 -0.871170 3.099108 1.000000 0.141369 -0.956636 3.053826 1.000000
31275950489 0.046819 0.085951 2.964917 1.000000 0.046170 0.155047 3.001524 1.000000 0.062499 0.516455 2.989433 1.000000 0.068098 0.692918 2.925663 1.000000 -0.105914 0.418749 2.988405 1.000000 -0.156086 0.144637 2.943332 1.000000 -0.144851 -0.070868 2.869970 1.000000 -0.115313 -0.169218 2.856875 1.000000 0.233847 0.407637 3.016347 1.000000 0.264221 0.141398 3.013359 1.000000 0.255278 -0.073786 2.956344 1.000000 0.238838 -0.172940 2.931543 1.000000 -0.031451 0.011783 2.949975 1.000000 -0.084605 -0.499643 3.096757 1.000000 -0.136058 -0.859540 3.103458 1.000000 -0.172491 -0.944034 3.046387 1.000000 0.120919 0.006554 2.966095 1.000000 0.107488 -0.493701 3.096033 1.000000 0.124869 -0.861476 3.101950 1.000000 0.139883 -0.950120 3.051176 1.000000
31275983227 0.047130 0.085758 2.964661 1.000000 0.046375 0.154854 3.001518 1.000000 0.062456 0.516491 2.989281 1.000000 0.067179 0.692241 2.925445 1.000000 -0.105815 0.418399 2.988261 1.000000 -0.156300 0.145298 2.942818 1.000000 -0.143796 -0.070174 2.869912 1.000000 -0.113820 -0.168144 2.855098 1.000000 0.233728 0.407615 3.016440 1.000000 0.263132 0.141671 3.014443 1.000000 0.239258 -0.078837 2.946751 1.000000 0.225664 -0.179248 2.925562 1.000000 -0.031186 0.011511 2.949849 1.000000 -0.086683 -0.499315 3.096630 1.000000 -0.136065 -0.858418 3.103462 1.000000 -0.172039 -0.942525 3.044236 1.000000 0.121300 0.006646 2.965738 1.000000 0.109601 -0.496372 3.097671 1.000000 0.125040 -0.861871 3.101912 1.000000 0.139694 -0.950558 3.049744 1.000000
31276017112 0.047525 0.085456 2.964449 1.000000 0.046760 0.154501 3.001553 1.000000 0.062705 0.516351 2.989240 1.000000 0.066291 0.691763 2.926180 1.000000 -0.105732 0.418043 2.988485 1.000000 -0.156329 0.146149 2.943464 1.000000 -0.143121 -0.070025 2.869760 1.000000 -0.113314 -0.167988 2.854598 1.000000 0.233321 0.407676 3.016813 1.000000 0.261266 0.142803 3.015106 1.000000 0.242335 -0.073746 2.949987 1.000000 0.225286 -0.173198 2.926882 1.000000 -0.030841 0.011066 2.949857 1.000000 -0.068923 -0.505513 3.101180 1.000000 -0.136641 -0.860049 3.103466 1.000000 -0.170225 -0.943180 3.044757 1.000000 0.121661 0.006773 2.965292 1.000000 0.110668 -0.495237 3.097399 1.000000 0.125643 -0.863342 3.101844 1.000000 0.139838 -0.950725 3.049983 1.000000
31276050280 0.047687 0.085298 2.964511 1.000000 0.046768 0.154258 3.001913 1.000000 0.062510 0.516152 2.989864 1.000000 0.065966 0.690929 2.926751 1.000000 -0.105704 0.417899 2.988626 1.000000 -0.156423 0.145446 2.943686 1.000000 -0.143013 -0.070028 2.869858 1.000000 -0.115437 -0.161541 2.856921 1.000000 0.233238 0.407147 3.017920 1.000000 0.260424 0.143057 3.015442 1.000000 0.242476 -0.074037 2.950340 1.000000 0.223517 -0.172953 2.926330 1.000000 -0.030698 0.010762 2.949871 1.000000 -0.084480 -0.508457 3.100538 1.000000 -0.136573 -0.862748 3.103928 1.000000 -0.170036 -0.943289 3.044767 1.000000 0.121880 0.006754 2.965319 1.000000 0.110478 -0.502244 3.099145 1.000000 0.125833 -0.864326 3.101516 1.000000 0.139535 -0.950776 3.049398 1.000000
31276084482 0.047827 0.085208 2.964557 1.000000 0.046894 0.153973 3.002368 1.000000 0.062455 0.515442 2.990933 1.000000 0.065907 0.690190 2.925731 1.000000 -0.105792 0.416939 2.988917 1.000000 -0.156753 0.144612 2.943368 1.000000 -0.143007 -0.070021 2.869872 1.000000 -0.114550 -0.168470 2.855119 1.000000 0.233128 0.407153 3.018258 1.000000 0.259828 0.143317 3.015691 1.000000 0.242277 -0.074991 2.950667 1.000000 0.223444 -0.173883 2.926472 1.000000 -0.030594 0.010577 2.949970 1.000000 -0.087299 -0.502975 3.099674 1.000000 -0.137047 -0.863293 3.102417 1.000000 -0.170074 -0.943031 3.044627 1.000000 0.122117 0.006811 2.965180 1.000000 0.110514 -0.504075 3.100126 1.000000 0.126067 -0.866452 3.101927 1.000000 0.140643 -0.951776 3.050395 1.000000
31276117550 0.047877 0.084882 2.964900 1.000000 0.046906 0.153694 3.002907 1.000000 0.062454 0.515429 2.990931 1.000000 0.065533 0.689817 2.925464 1.000000 -0.105959 0.416547 2.989087 1.000000 -0.157120 0.144153 2.943583 1.000000 -0.143387 -0.070308 2.870043 1.000000 -0.118095 -0.170053 2.858640 1.000000 0.232914 0.407095 3.018585 1.000000 0.259206 0.143224 3.016171 1.000000 0.242407 -0.076127 2.951928 1.000000 0.223945 -0.175084 2.927733 1.000000 -0.030658 0.009615 2.951211 1.000000 -0.088079 -0.501814 3.099410 1.000000 -0.137323 -0.862973 3.102517 1.000000 -0.170891 -0.942496 3.044084 1.000000 0.122135 0.006800 2.965226 1.000000 0.108800 -0.506756 3.101663 1.000000 0.124741 -0.869991 3.096955 1.000000 0.141548 -0.952248 3.050446 1.000000
31276150287 0.047593 0.084677 2.965184 1.000000 0.046655 0.153391 3.003427 1.000000 0.062319 0.514852 2.991122 1.000000 0.065168 0.689468 2.925887 1.000000 -0.106001 0.416191 2.989059 1.000000 -0.157459 0.142489 2.943172 1.000000 -0.146339 -0.070288 2.871710 1.000000 -0.125669 -0.170990 2.859471 1.000000 0.232665 0.406836 3.018354 1.000000 0.259108 0.143313 3.016745 1.000000 0.243645 -0.075405 2.953213 1.000000 0.225292 -0.174868 2.931118 1.000000 -0.030913 0.009495 2.951458 1.000000 -0.090410 -0.500879 3.097631 1.000000 -0.137910 -0.863825 3.102078 1.000000 -0.170646 -0.945857 3.046582 1.000000 0.121622 0.006661 2.965565 1.000000 0.108944 -0.507006 3.101856 1.000000 0.124758 -0.870023 3.096976 1.000000 0.141634 -0.952488 3.051245 1.000000
31276194024 0.047450 0.084492 2.965531 1.000000 0.046456 0.153181 3.003950 1.000000 0.061800 0.514673 2.991286 1.000000 0.064845 0.690004 2.926606 1.000000 -0.106143 0.415751 2.989029 1.000000 -0.157529 0.142412 2.943292 1.000000 -0.149036 -0.070194 2.874716 1.000000 -0.131328 -0.171400 2.862028 1.000000 0.232446 0.406969 3.018333 1.000000 0.258959 0.142751 3.017064 1.000000 0.244672 -0.075959 2.953744 1.000000 0.225247 -0.175421 2.932601 1.000000 -0.030975 0.009429 2.951634 1.000000 -0.091620 -0.499143 3.096905 1.000000 -0.138185 -0.864819 3.101376 1.000000 -0.170471 -0.945824 3.046599 1.000000 0.121427 0.006445 2.966152 1.000000 0.105114 -0.508082 3.103025 1.000000 0.124913 -0.869961 3.097161 1.000000 0.141829 -0.952583 3.052339 1.000000
31276245921 0.047309 0.084666 2.966067 1.000000 0.046325 0.153083 3.004445 1.000000 0.060563 0.510737 2.991112 1.000000 0.057310 0.665041 2.929137 1.000000 -0.107123 0.413256 2.989414 1.000000 -0.159106 0.141353 2.944552 1.000000 -0.163548 -0.073030 2.882704 1.000000 -0.150854 -0.174902 2.869392 1.000000 0.231679 0.406428 3.018562 1.000000 0.260856 0.138649 3.018414 1.000000 0.246967 -0.078050 2.956520 1.000000 0.226074 -0.177139 2.935045 1.000000 -0.031163 0.010563 2.952808 1.000000 -0.097961 -0.438965 3.074660 1.000000 -0.139626 -0.867605 3.076710 1.000000 -0.169557 -0.945819 3.048775 1.000000 0.121298 0.006285 2.966606 1.000000 0.109035 -0.470495 3.089881 1.000000 0.124713 -0.870916 3.092468 1.000000 0.142326 -0.954568 3.054283 1.000000
31276277746 0.046628 0.084239 2.967903 1.000000 0.045793 0.152853 3.005810 1.000000 0.060540 0.510774 2.991173 1.000000 0.059446 0.676992 2.930584 1.000000 -0.107199 0.413193 2.989643 1.000000 -0.159913 0.140447 2.945778 1.000000 -0.166993 -0.074495 2.886725 1.000000 -0.161740 -0.176829 2.872022 1.000000 0.231443 0.406520 3.018863 1.000000 0.261414 0.137654 3.018894 1.000000 0.250413 -0.080421 2.960955 1.000000 0.230261 -0.180036 2.941296 1.000000 -0.031834 0.010284 2.954760 1.000000 -0.096695 -0.477734 3.086999 1.000000 -0.135621 -0.853808 3.113564 1.000000 -0.169432 -0.942177 3.048064 1.000000 0.120172 0.005691 2.969148 1.000000 0.106839 -0.494334 3.098534 1.000000 0.124241 -0.871995 3.092362 1.000000 0.142236 -0.954541 3.054418 1.000000
31276310436 0.045361 0.082841 2.970221 1.000000 0.044637 0.151690 3.007863 1.000000 0.060106 0.510693 2.992324 1.000000 0.060213 0.677382 2.930785 1.000000 -0.107544 0.412560 2.989771 1.000000 -0.164232 0.137228 2.949918 1.000000 -0.176756 -0.077630 2.891559 1.000000 -0.174007 -0.180958 2.886010 1.000000 0.231202 0.406289 3.019154 1.000000 0.261927 0.137124 3.018970 1.000000 0.252104 -0.080694 2.964288 1.000000 0.231848 -0.180084 2.943637 1.000000 -0.033291 0.008540 2.957207 1.000000 -0.097325 -0.499112 3.098864 1.000000 -0.135140 -0.866001 3.103506 1.000000 -0.172246 -0.947747 3.041831 1.000000 0.118846 0.004521 2.971349 1.000000 0.099874 -0.506763 3.104836 1.000000 0.124046 -0.872911 3.094245 1.000000 0.142206 -0.954470 3.054141 1.000000
31276343270 0.044648 0.082870 2.971266 1.000000 0.043990 0.151690 3.008507 1.000000 0.059790 0.510519 2.992533 1.000000 0.060302 0.679499 2.930239 1.000000 -0.107659 0.412515 2.990253 1.000000 -0.166483 0.135425 2.953158 1.000000 -0.182962 -0.078931 2.893615 1.000000 -0.182427 -0.182329 2.888828 1.000000 0.231007 0.407062 3.019843 1.000000 0.262361 0.136730 3.018816 1.000000 0.254186 -0.083139 2.968409 1.000000 0.235687 -0.182924 2.948042 1.000000 -0.033983 0.008705 2.958265 1.000000 -0.097215 -0.499143 3.098830 1.000000 -0.136494 -0.867088 3.102744 1.000000 -0.172622 -0.949639 3.049065 1.000000 0.117931 0.004398 2.972650 1.000000 0.099843 -0.507087 3.105120 1.000000 0.124037 -0.872915 3.094289 1.000000 0.142279 -0.954517 3.054165 1.000000
31276374762 0.044133 0.082657 2.972187 1.000000 0.043366 0.151505 3.008987 1.000000 0.059614 0.510301 2.992702 1.000000 0.059596 0.681850 2.930876 1.000000 -0.107850 0.412236 2.990722 1.000000 -0.171053 0.132855 2.955820 1.000000 -0.189085 -0.082647 2.902484 1.000000 -0.188447 -0.185838 2.894445 1.000000 0.230214 0.408105 3.022113 1.000000 0.263485 0.135019 3.019362 1.000000 0.256531 -0.085670 2.970932 1.000000 0.238077 -0.185202 2.949339 1.000000 -0.034421 0.008614 2.959190 1.000000 -0.096871 -0.499155 3.099138 1.000000 -0.137952 -0.865992 3.095472 1.000000 -0.172263 -0.951219 3.052963 1.000000 0.117176 0.004133 2.973818 1.000000 0.101003 -0.507461 3.105927 1.000000 0.124268 -0.872473 3.096052 1.000000 0.142236 -0.954487 3.054183 1.000000
31276417185 0.043326 0.082370 2.973670 1.000000 0.042639 0.151261 3.009950 1.000000 0.059115 0.509996 2.993177 1.000000 0.059828 0.682193 2.930487 1.000000 -0.108198 0.411949 2.991158 1.000000 -0.174549 0.131735 2.958544 1.000000 -0.193475 -0.085001 2.905276 1.000000 -0.196730 -0.188367 2.901110 1.000000 0.229995 0.408277 3.022470 1.000000 0.264093 0.134511 3.019383 1.000000 0.259261 -0.089685 2.972250 1.000000 0.242296 -0.189235 2.949568 1.000000 -0.035299 0.008449 2.961407 1.000000 -0.096897 -0.499206 3.099316 1.000000 -0.137082 -0.859570 3.101261 1.000000 -0.171527 -0.950678 3.054339 1.000000 0.116350 0.003747 2.974965 1.000000 0.102296 -0.508635 3.106299 1.000000 0.124286 -0.872368 3.096323 1.000000 0.142214 -0.954489 3.054196 1.000000
31276450118 0.042739 0.081938 2.974358 1.000000 0.042240 0.151058 3.010055 1.000000 0.058933 0.510149 2.993143 1.000000 0.060301 0.682472 2.930908 1.000000 -0.108574 0.411512 2.991324 1.000000 -0.177557 0.128932 2.962695 1.000000 -0.199531 -0.090427 2.908323 1.000000 -0.204413 -0.193658 2.902724 1.000000 0.229382 0.407901 3.022163 1.000000 0.265261 0.132317 3.019853 1.000000 0.263078 -0.091564 2.975022 1.000000 0.248761 -0.191490 2.952186 1.000000 -0.035977 0.008149 2.962496 1.000000 -0.096804 -0.499444 3.099231 1.000000 -0.137576 -0.867575 3.099799 1.000000 -0.171325 -0.951261 3.055262 1.000000 0.115693 0.003279 2.975596 1.000000 0.104804 -0.509339 3.106216 1.000000 0.124493 -0.871941 3.097442 1.000000 0.141116 -0.953387 3.052664 1.000000
31276484362 0.042387 0.081532 2.975112 1.000000 0.041912 0.150763 3.010202 1.000000 0.058781 0.509995 2.993113 1.000000 0.060778 0.682034 2.930708 1.000000 -0.108968 0.411168 2.991464 1.000000 -0.181407 0.125970 2.967931 1.000000 -0.216572 -0.099255 2.913474 1.000000 -0.218918 -0.202187 2.902544 1.000000 0.228426 0.408284 3.022731 1.000000 0.265840 0.131769 3.020062 1.000000 0.269333 -0.090218 2.978814 1.000000 0.260447 -0.190796 2.955904 1.000000 -0.036231 0.007671 2.963269 1.000000 -0.096988 -0.499520 3.100152 1.000000 -0.137783 -0.868007 3.098438 1.000000 -0.171128 -0.950646 3.054271 1.000000 0.115164 0.003053 2.976681 1.000000 0.107716 -0.510970 3.106651 1.000000 0.124264 -0.872673 3.094688 1.000000 0.141508 -0.953727 3.050714 1.000000
31276516414 0.042146 0.081247 2.975324 1.000000 0.041747 0.150604 3.009856 1.000000 0.058549 0.509923 2.992679 1.000000 0.061619 0.683155 2.930617 1.000000 -0.109046 0.411077 2.991528 1.000000 -0.183827 0.123267 2.973065 1.000000 -0.226478 -0.098749 2.916636 1.000000 -0.224242 -0.200617 2.903282 1.000000 0.227541 0.408241 3.022629 1.000000 0.267359 0.130749 3.021161 1.000000 0.289607 -0.105225 2.980331 1.000000 0.279352 -0.203690 2.949914 1.000000 -0.036327 0.007614 2.963403 1.000000 -0.097203 -0.497977 3.099414 1.000000 -0.138648 -0.867331 3.097239 1.000000 -0.170890 -0.950587 3.055091 1.000000 0.114736 0.002710 2.977166 1.000000 0.105858 -0.510332 3.106114 1.000000 0.124492 -0.873198 3.096334 1.000000 0.141784 -0.953468 3.052004 1.000000
31276550319 0.041691 0.080856 2.976295 1.000000 0.041488 0.150409 3.010085 1.000000 0.058546 0.509926 2.992681 1.000000 0.061546 0.682855 2.930411 1.000000 -0.109221 0.410616 2.991644 1.000000 -0.188031 0.124229 2.975378 1.000000 -0.239261 -0.092968 2.918641 1.000000 -0.249500 -0.189894 2.901494 1.000000 0.226949 0.408208 3.022328 1.000000 0.270784 0.128904 3.022969 1.000000 0.297524 -0.101417 2.984959 1.000000 0.299786 -0.198910 2.949994 1.000000 -0.036821 0.007442 2.964608 1.000000 -0.096640 -0.501287 3.099588 1.000000 -0.139559 -0.872781 3.092081 1.000000 -0.171791 -0.948333 3.041559 1.000000 0.114111 0.002355 2.978348 1.000000 0.106093 -0.510289 3.105955 1.000000 0.124629 -0.872792 3.096076 1.000000 0.141692 -0.953405 3.052041 1.000000
31276584282 0.040928 0.081430 2.977386 1.000000 0.040967 0.150824 3.010549 1.000000 0.058325 0.509658 2.993083 1.000000 0.061483 0.682868 2.930301 1.000000 -0.109791 0.410309 2.992743 1.000000 -0.194470 0.129153 2.979181 1.000000 -0.257732 -0.088868 2.918524 1.000000 -0.264759 -0.185661 2.901144 1.000000 0.226184 0.408394 3.022531 1.000000 0.275037 0.132992 3.025980 1.000000 0.327245 -0.088388 2.989620 1.000000 0.334144 -0.188091 2.962249 1.000000 -0.037712 0.008609 2.966130 1.000000 -0.095852 -0.497378 3.100285 1.000000 -0.137886 -0.868434 3.094519 1.000000 -0.171429 -0.942728 3.038576 1.000000 0.113242 0.002811 2.979235 1.000000 0.107942 -0.509118 3.105107 1.000000 0.125209 -0.867884 3.102090 1.000000 0.140753 -0.950816 3.052202 1.000000
31276617235 0.040574 0.081574 2.977515 1.000000 0.040922 0.151039 3.009944 1.000000 0.058002 0.509339 2.991660 1.000000 0.061372 0.683850 2.930001 1.000000 -0.110482 0.410228 2.994731 1.000000 -0.200121 0.131229 2.981766 1.000000 -0.268911 -0.083482 2.916529 1.000000 -0.288064 -0.173974 2.895233 1.000000 0.225723 0.408600 3.022674 1.000000 0.280558 0.135456 3.027141 1.000000 0.342709 -0.080915 2.994964 1.000000 0.354077 -0.180427 2.968337 1.000000 -0.038172 0.008899 2.966403 1.000000 -0.096853 -0.504065 3.102416 1.000000 -0.138395 -0.870370 3.093964 1.000000 -0.171322 -0.943002 3.038614 1.000000 0.112783 0.002921 2.979547 1.000000 0.106675 -0.509829 3.105597 1.000000 0.125973 -0.867571 3.101448 1.000000 0.140429 -0.950606 3.050453 1.000000
31276649836 0.040274 0.081418 2.977861 1.000000 0.040652 0.150909 3.009642 1.000000 0.058055 0.509082 2.991736 1.000000 0.061163 0.684368 2.929916 1.000000 -0.110667 0.410055 2.994872 1.000000 -0.209159 0.138881 2.986010 1.000000 -0.314453 -0.062988 2.908686 1.000000 -0.329263 -0.160187 2.883921 1.000000 0.224580 0.409132 3.023582 1.000000 0.287668 0.136074 3.027956 1.000000 0.375592 -0.099233 2.984297 1.000000 0.374005 -0.180702 2.958480 1.000000 -0.038720 0.008245 2.967406 1.000000 -0.097226 -0.506359 3.102759 1.000000 -0.139088 -0.872122 3.093921 1.000000 -0.171101 -0.942884 3.038503 1.000000 0.112438 0.003189 2.979665 1.000000 0.104232 -0.509155 3.105676 1.000000 0.126150 -0.868449 3.100526 1.000000 0.140577 -0.950857 3.050644 1.000000
31276684467 0.040038 0.081652 2.978329 1.000000 0.040663 0.151173 3.009179 1.000000 0.057896 0.509041 2.990775 1.000000 0.061245 0.684410 2.929478 1.000000 -0.112075 0.410076 2.996418 1.000000 -0.219127 0.146318 2.988129 1.000000 -0.324919 -0.058192 2.904837 1.000000 -0.345939 -0.145850 2.878234 1.000000 0.223789 0.409658 3.023907 1.000000 0.300218 0.137757 3.029617 1.000000 0.393018 -0.074855 2.992435 1.000000 0.419724 -0.166331 2.951619 1.000000 -0.039157 0.009022 2.968317 1.000000 -0.096439 -0.500939 3.102521 1.000000 -0.136514 -0.843709 3.113227 1.000000 -0.167570 -0.932211 3.046574 1.000000 0.112243 0.003097 2.980422 1.000000 0.106986 -0.509675 3.104278 1.000000 0.126731 -0.868978 3.101248 1.000000 0.140894 -0.951095 3.051445 1.000000
31276717456 0.039577 0.081995 2.978756 1.000000 0.040398 0.151473 3.008797 1.000000 0.057914 0.509031 2.990693 1.000000 0.060061 0.684272 2.926811 1.000000 -0.112770 0.409890 2.996965 1.000000 -0.230128 0.157142 2.992642 1.000000 -0.352051 -0.016266 2.916500 1.000000 -0.386719 -0.100952 2.883296 1.000000 0.223477 0.410023 3.024357 1.000000 0.311190 0.137152 3.031306 1.000000 0.426205 -0.058994 2.989282 1.000000 0.450918 -0.148811 2.943737 1.000000 -0.040025 0.009684 2.969343 1.000000 -0.096245 -0.499839 3.102745 1.000000 -0.136756 -0.854811 3.103756 1.000000 -0.171291 -0.941397 3.042335 1.000000 0.111932 0.003183 2.980587 1.000000 0.108354 -0.509690 3.104558 1.000000 0.126836 -0.869867 3.101871 1.000000 0.140781 -0.951792 3.051860 1.000000
31276749658 0.038862 0.082070 2.979625 1.000000 0.039815 0.151477 3.008722 1.000000 0.057483 0.507784 2.990376 1.000000 0.060082 0.684158 2.926732 1.000000 -0.113369 0.409360 2.997167 1.000000 -0.259466 0.161225 2.984632 1.000000 -0.381622 -0.011853 2.911221 1.000000 -0.418242 -0.091707 2.892997 1.000000 0.223792 0.409585 3.024761 1.000000 0.337690 0.143058 3.041683 1.000000 0.449334 -0.043245 2.991995 1.000000 0.486720 -0.127315 2.944186 1.000000 -0.041115 0.009620 2.970417 1.000000 -0.096507 -0.505158 3.103155 1.000000 -0.139153 -0.872505 3.101264 1.000000 -0.171647 -0.948961 3.047646 1.000000 0.111365 0.002828 2.981622 1.000000 0.109992 -0.507440 3.103467 1.000000 0.127103 -0.870234 3.101385 1.000000 0.140882 -0.951815 3.052043 1.000000
31276784472 0.038010 0.083008 2.980669 1.000000 0.039195 0.152145 3.008826 1.000000 0.057692 0.507468 2.990591 1.000000 0.059964 0.683841 2.926610 1.000000 -0.113951 0.409204 2.997319 1.000000 -0.268649 0.167672 2.983581 1.000000 -0.409756 0.009608 2.910230 1.000000 -0.459229 -0.058075 2.887204 1.000000 0.224848 0.407302 3.025944 1.000000 0.345302 0.153637 3.043341 1.000000 0.481614 -0.016191 2.997096 1.000000 0.518555 -0.084412 2.965329 1.000000 -0.043014 0.010679 2.971829 1.000000 -0.095614 -0.500530 3.102205 1.000000 -0.139310 -0.869277 3.100840 1.000000 -0.170357 -0.944633 3.047413 1.000000 0.110988 0.003000 2.982206 1.000000 0.111187 -0.506129 3.103567 1.000000 0.127073 -0.870262 3.101104 1.000000 0.141307 -0.952100 3.051913 1.000000
31276817219 0.037638 0.083605 2.981086 1.000000 0.039007 0.152512 3.008388 1.000000 0.057566 0.506584 2.990343 1.000000 0.062181 0.677419 2.927566 1.000000 -0.115208 0.409527 2.997850 1.000000 -0.282551 0.185452 2.985427 1.000000 -0.432985 0.033883 2.918203 1.000000 -0.485902 -0.028341 2.890702 1.000000 0.225766 0.404706 3.025928 1.000000 0.361419 0.163325 3.043111 1.000000 0.503608 -0.000375 2.991088 1.000000 0.562636 -0.076520 2.952685 1.000000 -0.043644 0.011025 2.972186 1.000000 -0.095575 -0.500291 3.102339 1.000000 -0.139984 -0.870310 3.098174 1.000000 -0.168967 -0.944778 3.045637 1.000000 0.110894 0.003099 2.982569 1.000000 0.111694 -0.506102 3.103612 1.000000 0.127013 -0.870572 3.100981 1.000000 0.141447 -0.952240 3.052826 1.000000
31276850362 0.037319 0.084526 2.981716 1.000000 0.038756 0.153232 3.008258 1.000000 0.057615 0.506441 2.990497 1.000000 0.061814 0.679335 2.925352 1.000000 -0.116045 0.410322 2.998614 1.000000 -0.291751 0.194742 2.985887 1.000000 -0.467368 0.072615 2.920043 1.000000 -0.532960 0.001223 2.883117 1.000000 0.228049 0.404214 3.027277 1.000000 0.376053 0.184051 3.050090 1.000000 0.529193 0.029854 3.000835 1.000000 0.603812 -0.030503 2.961445 1.000000 -0.044405 0.011654 2.972815 1.000000 -0.095270 -0.501960 3.102648 1.000000 -0.138928 -0.871259 3.099650 1.000000 -0.169541 -0.945204 3.046374 1.000000 0.110896 0.003174 2.982840 1.000000 0.111780 -0.506211 3.103762 1.000000 0.126890 -0.870865 3.100356 1.000000 0.141475 -0.952434 3.052954 1.000000
31276884411 0.037141 0.084758 2.981954 1.000000 0.038725 0.153411 3.007767 1.000000 0.057648 0.506008 2.990331 1.000000 0.061664 0.679479 2.925115 1.000000 -0.116920 0.410333 2.999164 1.000000 -0.315095 0.213068 2.987731 1.000000 -0.491036 0.092518 2.919337 1.000000 -0.563503 0.036813 2.870222 1.000000 0.228413 0.404067 3.027150 1.000000 0.393470 0.195884 3.059876 1.000000 0.566984 0.065008 3.010633 1.000000 0.614258 0.028870 2.980955 1.000000 -0.044950 0.011854 2.973193 1.000000 -0.095471 -0.505545 3.103548 1.000000 -0.137664 -0.875929 3.097747 1.000000 -0.171312 -0.948553 3.044214 1.000000 0.110893 0.003068 2.983082 1.000000 0.108249 -0.505326 3.103827 1.000000 0.127040 -0.871678 3.098011 1.000000 0.141495 -0.952526 3.052834 1.000000
31276917469 0.036889 0.085343 2.982110 1.000000 0.038534 0.153860 3.007206 1.000000 0.057443 0.505694 2.989974 1.000000 0.061649 0.679560 2.925082 1.000000 -0.118170 0.410227 2.999375 1.000000 -0.331404 0.228294 2.984160 1.000000 -0.523208 0.133239 2.918823 1.000000 -0.571777 0.101440 2.881346 1.000000 0.228927 0.404065 3.027436 1.000000 0.420405 0.208033 3.061894 1.000000 0.590165 0.071701 3.014964 1.000000 0.629894 0.061358 2.991098 1.000000 -0.045359 0.011860 2.973236 1.000000 -0.095365 -0.505628 3.103703 1.000000 -0.138194 -0.882729 3.100725 1.000000 -0.171572 -0.950499 3.039406 1.000000 0.110929 0.003396 2.983404 1.000000 0.106841 -0.504110 3.103861 1.000000 0.124795 -0.859644 3.100768 1.000000 0.141051 -0.950015 3.052811 1.000000
31276950418 0.036672 0.086727 2.982416 1.000000 0.038346 0.154997 3.006659 1.000000 0.058011 0.505716 2.989293 1.000000 0.061827 0.679444 2.924180 1.000000 -0.119536 0.410996 2.999573 1.000000 -0.363338 0.253897 2.984353 1.000000 -0.549850 0.149484 2.917644 1.000000 -0.615234 0.141235 2.891112 1.000000 0.232023 0.403378 3.029732 1.000000 0.437996 0.226846 3.068018 1.000000 0.629672 0.119674 3.036724 1.000000 0.719986 0.083323 3.000788 1.000000 -0.046354 0.012716 2.973567 1.000000 -0.076677 -0.505470 3.106286 1.000000 -0.141405 -0.882123 3.091661 1.000000 -0.170964 -0.953305 3.037213 1.000000 0.111034 0.003551 2.983701 1.000000 0.108480 -0.505460 3.105759 1.000000 0.124056 -0.865356 3.101037 1.000000 0.141527 -0.950743 3.053732 1.000000
31276983594 0.036616 0.087551 2.982888 1.000000 0.038227 0.155616 3.006480 1.000000 0.058306 0.505288 2.989679 1.000000 0.061300 0.680004 2.922529 1.000000 -0.120947 0.411104 3.000071 1.000000 -0.370695 0.264794 2.984364 1.000000 -0.577857 0.207972 2.922010 1.000000 -0.628906 0.190674 2.889159 1.000000 0.235042 0.404070 3.032581 1.000000 0.450916 0.245545 3.064272 1.000000 0.656238 0.165790 3.044409 1.000000 0.725685 0.148184 3.017021 1.000000 -0.046766 0.012827 2.973720 1.000000 -0.085065 -0.504593 3.102808 1.000000 -0.141230 -0.883028 3.091410 1.000000 -0.171614 -0.954212 3.036172 1.000000 0.111276 0.003693 2.984196 1.000000 0.108902 -0.505645 3.105586 1.000000 0.124533 -0.867265 3.101962 1.000000 0.141413 -0.951663 3.054913 1.000000
31277017655 0.036832 0.089526 2.983841 1.000000 0.038562 0.157478 3.006924 1.000000 0.059383 0.505896 2.990539 1.000000 0.061307 0.680515 2.922514 1.000000 -0.123243 0.411268 2.999741 1.000000 -0.376196 0.295229 2.985910 1.000000 -0.582207 0.231776 2.926880 1.000000 -0.630371 0.245605 2.896972 1.000000 0.236454 0.404152 3.033114 1.000000 0.463189 0.261575 3.063145 1.000000 0.678989 0.217058 3.054122 1.000000 0.708984 0.209595 3.033691 1.000000 -0.047231 0.013390 2.973946 1.000000 -0.086802 -0.502372 3.102157 1.000000 -0.139963 -0.875331 3.093126 1.000000 -0.171895 -0.949050 3.040912 1.000000 0.111884 0.004385 2.985361 1.000000 0.109387 -0.506495 3.105639 1.000000 0.124639 -0.869012 3.100108 1.000000 0.141451 -0.952260 3.055364 1.000000
31277050603 0.037098 0.091803 2.984087 1.000000 0.038761 0.159542 3.006725 1.000000 0.059567 0.506434 2.990776 1.000000 0.061536 0.681374 2.920729 1.000000 -0.127046 0.411931 2.998272 1.000000 -0.382622 0.313657 2.984950 1.000000 -0.597672 0.291934 2.928690 1.000000 -0.692342 0.283624 2.887012 1.000000 0.237266 0.405005 3.032902 1.000000 0.479912 0.290437 3.061021 1.000000 0.695345 0.244159 3.052409 1.000000 0.769797 0.241399 3.034179 1.000000 -0.047657 0.014404 2.973629 1.000000 -0.076337 -0.507953 3.104999 1.000000 -0.140118 -0.876110 3.091896 1.000000 -0.172116 -0.948991 3.040778 1.000000 0.112659 0.005227 2.986027 1.000000 0.111167 -0.502655 3.103310 1.000000 0.124693 -0.869191 3.100710 1.000000 0.140896 -0.951114 3.053591 1.000000
31277084468 0.037903 0.095009 2.983659 1.000000 0.039335 0.161947 3.005953 1.000000 0.059568 0.506473 2.990688 1.000000 0.061611 0.681448 2.920665 1.000000 -0.129205 0.412501 2.997479 1.000000 -0.384830 0.338582 2.985926 1.000000 -0.601392 0.318251 2.937143 1.000000 -0.696518 0.313813 2.895908 1.000000 0.240346 0.407663 3.032570 1.000000 0.499711 0.309886 3.065054 1.000000 0.718886 0.286613 3.051128 1.000000 0.743979 0.293232 3.035561 1.000000 -0.047782 0.015450 2.972222 1.000000 -0.084343 -0.500842 3.101757 1.000000 -0.140044 -0.875001 3.092502 1.000000 -0.173132 -0.948582 3.041110 1.000000 0.114545 0.007318 2.987067 1.000000 0.111756 -0.502857 3.102158 1.000000 0.124769 -0.869735 3.101026 1.000000 0.141066 -0.951819 3.054304 1.000000
31277117402 0.039109 0.100219 2.983403 1.000000 0.040204 0.166221 3.005682 1.000000 0.059479 0.506973 2.991151 1.000000 0.060560 0.682059 2.919557 1.000000 -0.132561 0.415644 2.997800 1.000000 -0.408152 0.360235 2.986247 1.000000 -0.623078 0.378681 2.927715 1.000000 -0.690250 0.381555 2.890829 1.000000 0.244392 0.414404 3.033797 1.000000 0.515036 0.334937 3.070631 1.000000 0.735461 0.335063 3.059047 1.000000 0.751953 0.341553 3.051270 1.000000 -0.047508 0.018875 2.970736 1.000000 -0.073403 -0.503474 3.103766 1.000000 -0.138484 -0.863348 3.094061 1.000000 -0.173219 -0.947809 3.041098 1.000000 0.116522 0.009835 2.987289 1.000000 0.111712 -0.502596 3.102151 1.000000 0.124686 -0.869885 3.100436 1.000000 0.140441 -0.951081 3.053417 1.000000
31277150551 0.039739 0.103605 2.983230 1.000000 0.040462 0.169055 3.005254 1.000000 0.058581 0.507364 2.991091 1.000000 0.060751 0.681664 2.918508 1.000000 -0.134638 0.417968 2.996996 1.000000 -0.417871 0.382968 2.990455 1.000000 -0.625845 0.434153 2.925041 1.000000 -0.696561 0.446034 2.897887 1.000000 0.246217 0.416153 3.033331 1.000000 0.524853 0.362487 3.067390 1.000000 0.741998 0.400514 3.055809 1.000000 0.814380 0.413190 3.056343 1.000000 -0.047161 0.021530 2.969161 1.000000 -0.085397 -0.494372 3.100649 1.000000 -0.138671 -0.862384 3.097756 1.000000 -0.173344 -0.947395 3.041091 1.000000 0.118270 0.011760 2.988292 1.000000 0.111941 -0.502652 3.102144 1.000000 0.124742 -0.869766 3.100497 1.000000 0.140691 -0.951804 3.053844 1.000000
31277184907 0.040301 0.108850 2.982716 1.000000 0.040869 0.173849 3.004345 1.000000 0.058245 0.508627 2.990351 1.000000 0.061999 0.683299 2.914315 1.000000 -0.136621 0.420525 2.995865 1.000000 -0.421079 0.399488 2.986889 1.000000 -0.619663 0.486136 2.932897 1.000000 -0.681926 0.510192 2.895162 1.000000 0.252513 0.421077 3.033475 1.000000 0.519799 0.393488 3.074437 1.000000 0.737210 0.429771 3.056249 1.000000 0.837569 0.455189 3.049642 1.000000 -0.047549 0.024829 2.967790 1.000000 -0.087371 -0.495293 3.100534 1.000000 -0.137944 -0.863973 3.098939 1.000000 -0.171660 -0.946280 3.041471 1.000000 0.119789 0.014266 2.988887 1.000000 0.112214 -0.503567 3.102713 1.000000 0.125422 -0.871012 3.100005 1.000000 0.140993 -0.952751 3.053964 1.000000
31277217757 0.040487 0.112087 2.982366 1.000000 0.040843 0.176894 3.004000 1.000000 0.057470 0.510109 2.990783 1.000000 0.061959 0.683659 2.914252 1.000000 -0.137385 0.421854 2.994885 1.000000 -0.427705 0.434138 2.989704 1.000000 -0.632505 0.505018 2.935855 1.000000 -0.700772 0.528645 2.922300 1.000000 0.255291 0.423757 3.034083 1.000000 0.541147 0.417456 3.077399 1.000000 0.742075 0.507970 3.071680 1.000000 0.840369 0.540896 3.075573 1.000000 -0.047598 0.027756 2.966396 1.000000 -0.065905 -0.508989 3.107308 1.000000 -0.138529 -0.865000 3.098741 1.000000 -0.169855 -0.945217 3.044543 1.000000 0.120603 0.016211 2.988914 1.000000 0.109960 -0.507109 3.105623 1.000000 0.124346 -0.877062 3.094228 1.000000 0.142385 -0.953251 3.057344 1.000000
31277250516 0.041688 0.118869 2.980577 1.000000 0.041436 0.182932 3.002110 1.000000 0.056340 0.512569 2.989315 1.000000 0.061574 0.683481 2.913717 1.000000 -0.138737 0.425348 2.993720 1.000000 -0.425497 0.440960 2.989906 1.000000 -0.613742 0.550453 2.942037 1.000000 -0.673391 0.586494 2.910056 1.000000 0.259672 0.434118 3.036712 1.000000 0.524411 0.452660 3.074589 1.000000 0.738964 0.497209 3.086109 1.000000 0.831880 0.543112 3.090829 1.000000 -0.046643 0.032785 2.964402 1.000000 -0.089684 -0.502647 3.103601 1.000000 -0.139497 -0.869425 3.095028 1.000000 -0.169511 -0.944968 3.044168 1.000000 0.123199 0.022260 2.987552 1.000000 0.106734 -0.503885 3.104530 1.000000 0.124598 -0.875094 3.094133 1.000000 0.141819 -0.953083 3.056345 1.000000
31277284859 0.042645 0.123506 2.978841 1.000000 0.042718 0.186761 3.000233 1.000000 0.058412 0.513073 2.987289 1.000000 0.062213 0.684658 2.913695 1.000000 -0.140631 0.430098 2.993387 1.000000 -0.414874 0.462577 2.995636 1.000000 -0.581911 0.602414 2.948301 1.000000 -0.655769 0.669845 2.920733 1.000000 0.262370 0.438875 3.036360 1.000000 0.472485 0.459011 3.074264 1.000000 0.679067 0.533824 3.079768 1.000000 0.775115 0.572866 3.083279 1.000000 -0.046745 0.035940 2.962237 1.000000 -0.092227 -0.497428 3.100955 1.000000 -0.138622 -0.860322 3.095318 1.000000 -0.170738 -0.944002 3.043188 1.000000 0.124109 0.025869 2.986648 1.000000 0.108432 -0.502313 3.104417 1.000000 0.124158 -0.875156 3.095313 1.000000 0.142528 -0.954146 3.055342 1.000000
31277317777 0.043638 0.127012 2.977592 1.000000 0.044142 0.190356 2.999127 1.000000 0.062050 0.516308 2.987143 1.000000 0.062693 0.684978 2.913200 1.000000 -0.141711 0.433462 2.992673 1.000000 -0.412251 0.490462 2.993051 1.000000 -0.571777 0.643066 2.941896 1.000000 -0.622734 0.695316 2.918389 1.000000 0.266134 0.443945 3.036802 1.000000 0.520996 0.517578 3.074221 1.000000 0.714690 0.621017 3.081319 1.000000 0.809137 0.663793 3.084707 1.000000 -0.046742 0.039376 2.960448 1.000000 -0.094325 -0.490322 3.099095 1.000000 -0.138636 -0.864373 3.094871 1.000000 -0.171659 -0.943552 3.045229 1.000000 0.124913 0.028018 2.985178 1.000000 0.109519 -0.501074 3.103982 1.000000 0.124006 -0.874416 3.095362 1.000000 0.141915 -0.954761 3.052169 1.000000
31277350697 0.044012 0.128481 2.977287 1.000000 0.044640 0.191943 2.998877 1.000000 0.062662 0.517892 2.987085 1.000000 0.063374 0.685222 2.913786 1.000000 -0.141351 0.435892 2.991782 1.000000 -0.382936 0.499064 2.993905 1.000000 -0.542009 0.650721 2.962708 1.000000 -0.591012 0.735821 2.929197 1.000000 0.268332 0.447258 3.035330 1.000000 0.517387 0.525197 3.074221 1.000000 0.701172 0.667480 3.088381 1.000000 0.784895 0.728663 3.084701 1.000000 -0.046463 0.040915 2.959795 1.000000 -0.069215 -0.516810 3.106711 1.000000 -0.139620 -0.878204 3.094282 1.000000 -0.171131 -0.948664 3.041668 1.000000 0.125294 0.029176 2.984861 1.000000 0.107373 -0.503549 3.103989 1.000000 0.124393 -0.874999 3.099351 1.000000 0.141948 -0.954592 3.051904 1.000000
31277384747 0.044107 0.129139 2.977192 1.000000 0.044834 0.192653 2.998816 1.000000 0.063163 0.518635 2.987051 1.000000 0.064078 0.685492 2.914642 1.000000 -0.140992 0.438816 2.991043 1.000000 -0.385912 0.516173 2.990563 1.000000 -0.539307 0.716064 2.947757 1.000000 -0.569069 0.780262 2.918241 1.000000 0.268868 0.449316 3.034104 1.000000 0.526780 0.581016 3.080061 1.000000 0.704397 0.711465 3.075273 1.000000 0.754654 0.768717 3.066622 1.000000 -0.046427 0.041225 2.959739 1.000000 -0.091198 -0.509311 3.103525 1.000000 -0.139763 -0.879503 3.094198 1.000000 -0.171015 -0.950234 3.039119 1.000000 0.125305 0.030633 2.984467 1.000000 0.109257 -0.501413 3.102511 1.000000 0.124287 -0.875084 3.099254 1.000000 0.142229 -0.953044 3.049883 1.000000
31277417787 0.043888 0.131568 2.976463 1.000000 0.044855 0.195040 2.998410 1.000000 0.065036 0.521404 2.987498 1.000000 0.064611 0.689576 2.914898 1.000000 -0.141237 0.441551 2.989491 1.000000 -0.356175 0.514618 2.988803 1.000000 -0.504567 0.710068 2.954373 1.000000 -0.540198 0.804830 2.931864 1.000000 0.269702 0.451523 3.034014 1.000000 0.524448 0.582316 3.080540 1.000000 0.728059 0.800332 3.061242 1.000000 0.775052 0.859792 3.049733 1.000000 -0.047941 0.044581 2.958914 1.000000 -0.094356 -0.502068 3.100510 1.000000 -0.139808 -0.879093 3.094157 1.000000 -0.169796 -0.950220 3.045377 1.000000 0.125268 0.032577 2.982982 1.000000 0.109953 -0.501303 3.102456 1.000000 0.124751 -0.874899 3.099763 1.000000 0.141995 -0.953084 3.049809 1.000000
31277450922 0.044995 0.139947 2.976115 1.000000 0.045881 0.201874 2.998567 1.000000 0.065533 0.522820 2.988076 1.000000 0.064951 0.691439 2.913804 1.000000 -0.142178 0.448221 2.989226 1.000000 -0.367432 0.566406 2.980471 1.000000 -0.496246 0.744535 2.949294 1.000000 -0.514411 0.846196 2.939675 1.000000 0.271770 0.471666 3.035054 1.000000 0.517553 0.632399 3.062093 1.000000 0.714973 0.837453 3.064352 1.000000 0.745977 0.899177 3.031097 1.000000 -0.047636 0.051468 2.958652 1.000000 -0.083534 -0.496734 3.100308 1.000000 -0.139243 -0.877848 3.092963 1.000000 -0.172057 -0.948999 3.042552 1.000000 0.127109 0.040887 2.981285 1.000000 0.110451 -0.501086 3.102620 1.000000 0.124683 -0.875072 3.098481 1.000000 0.143387 -0.953523 3.051742 1.000000
31277484553 0.045540 0.145105 2.975841 1.000000 0.046378 0.205432 2.998824 1.000000 0.065631 0.522578 2.988555 1.000000 0.065635 0.670967 2.922091 1.000000 -0.142457 0.452004 2.989638 1.000000 -0.365357 0.568020 2.981391 1.000000 -0.474746 0.758834 2.951528 1.000000 -0.489220 0.861044 2.941454 1.000000 0.270887 0.473690 3.033874 1.000000 0.515404 0.636912 3.059270 1.000000 0.647973 0.810327 3.077820 1.000000 0.696252 0.900431 3.060264 1.000000 -0.047321 0.056222 2.957896 1.000000 -0.089034 -0.472567 3.091665 1.000000 -0.139916 -0.873460 3.092022 1.000000 -0.171642 -0.948856 3.043049 1.000000 0.128171 0.047903 2.980319 1.000000 0.111306 -0.493041 3.099098 1.000000 0.125207 -0.874077 3.099324 1.000000 0.142892 -0.953005 3.051625 1.000000
31277517471 0.045803 0.146634 2.975813 1.000000 0.046478 0.206419 2.999176 1.000000 0.065169 0.521521 2.989228 1.000000 0.064871 0.664189 2.918773 1.000000 -0.141156 0.453855 2.989452 1.000000 -0.361537 0.584942 2.979693 1.000000 -0.452819 0.783264 2.934960 1.000000 -0.453780 0.886456 2.924559 1.000000 0.270948 0.475177 3.033498 1.000000 0.501773 0.649811 3.059490 1.000000 0.639842 0.820609 3.066916 1.000000 0.672852 0.917681 3.051262 1.000000 -0.046401 0.058340 2.957826 1.000000 -0.093719 -0.435925 3.080185 1.000000 -0.136983 -0.863106 3.096281 1.000000 -0.171115 -0.947016 3.043033 1.000000 0.128351 0.049742 2.979959 1.000000 0.113129 -0.464429 3.089229 1.000000 0.126676 -0.873430 3.094376 1.000000 0.141512 -0.952850 3.050766 1.000000
31277551886 0.045786 0.146889 2.975758 1.000000 0.046607 0.206866 2.999431 1.000000 0.065533 0.522096 2.989405 1.000000 0.064653 0.675990 2.918619 1.000000 -0.139979 0.462020 2.991590 1.000000 -0.359738 0.590050 2.977980 1.000000 -0.425228 0.798066 2.931576 1.000000 -0.423553 0.901183 2.920450 1.000000 0.270300 0.478100 3.033065 1.000000 0.490981 0.650095 3.054269 1.000000 0.603783 0.839495 3.049218 1.000000 0.636886 0.908100 3.057919 1.000000 -0.046092 0.059328 2.957787 1.000000 -0.061188 -0.498535 3.096191 1.000000 -0.137135 -0.864431 3.096364 1.000000 -0.171383 -0.946605 3.043027 1.000000 0.127973 0.049922 2.979822 1.000000 0.111991 -0.480355 3.093224 1.000000 0.127212 -0.872387 3.093619 1.000000 0.141507 -0.953654 3.049855 1.000000
31277584700 0.045867 0.147457 2.976108 1.000000 0.046997 0.207767 3.000181 1.000000 0.067400 0.524030 2.990179 1.000000 0.060912 0.686172 2.917174 1.000000 -0.139552 0.467096 2.993223 1.000000 -0.355783 0.608541 2.970872 1.000000 -0.403062 0.821022 2.921893 1.000000 -0.389738 0.923103 2.909191 1.000000 0.268188 0.480906 3.032183 1.000000 0.476540 0.648612 3.047907 1.000000 0.583348 0.841574 3.039473 1.000000 0.603071 0.941968 3.022399 1.000000 -0.045360 0.060753 2.959040 1.000000 -0.086223 -0.489765 3.091897 1.000000 -0.137108 -0.864772 3.096126 1.000000 -0.171343 -0.948806 3.048282 1.000000 0.127041 0.051092 2.979962 1.000000 0.113744 -0.485494 3.096349 1.000000 0.126898 -0.872455 3.094032 1.000000 0.141591 -0.953749 3.049354 1.000000
31277625743 0.045898 0.147528 2.976236 1.000000 0.047139 0.207917 3.000644 1.000000 0.067796 0.524465 2.990465 1.000000 0.061026 0.686573 2.916792 1.000000 -0.139262 0.467997 2.993148 1.000000 -0.347182 0.612763 2.969941 1.000000 -0.352295 0.845947 2.914551 1.000000 -0.322057 0.944667 2.924512 1.000000 0.266284 0.482732 3.030623 1.000000 0.468723 0.650863 3.043230 1.000000 0.554096 0.852893 3.006372 1.000000 0.576500 0.953641 2.996027 1.000000 -0.044942 0.061010 2.959781 1.000000 -0.074598 -0.495637 3.096192 1.000000 -0.137532 -0.866221 3.096394 1.000000 -0.171286 -0.949240 3.048533 1.000000 0.126626 0.051650 2.979886 1.000000 0.113747 -0.486033 3.096121 1.000000 0.127147 -0.872142 3.093569 1.000000 0.141593 -0.954025 3.047218 1.000000
31277658405 0.045784 0.148182 2.976262 1.000000 0.047035 0.208520 3.001210 1.000000 0.067580 0.524872 2.991837 1.000000 0.060600 0.686209 2.916099 1.000000 -0.139252 0.468529 2.993097 1.000000 -0.341309 0.623533 2.967388 1.000000 -0.336806 0.841915 2.923277 1.000000 -0.362726 0.906427 2.891021 1.000000 0.263654 0.484378 3.029917 1.000000 0.467601 0.672038 3.036543 1.000000 0.520156 0.882964 2.985730 1.000000 0.523387 0.936433 2.980838 1.000000 -0.044996 0.062179 2.959607 1.000000 -0.072184 -0.494917 3.096190 1.000000 -0.137043 -0.866056 3.096753 1.000000 -0.172480 -0.947079 3.043329 1.000000 0.126311 0.053096 2.979470 1.000000 0.113805 -0.486241 3.096485 1.000000 0.126984 -0.872892 3.094509 1.000000 0.141842 -0.955597 3.051062 1.000000
31277680742 0.045839 0.148696 2.976684 1.000000 0.046987 0.209044 3.001940 1.000000 0.067476 0.524976 2.992033 1.000000 0.060675 0.686354 2.916068 1.000000 -0.138955 0.469196 2.992505 1.000000 -0.330108 0.640741 2.959204 1.000000 -0.304558 0.858484 2.921416 1.000000 -0.330477 0.922994 2.889161 1.000000 0.263583 0.485485 3.030193 1.000000 0.464385 0.674268 3.033678 1.000000 0.494789 0.888634 2.978148 1.000000 0.496907 0.950545 2.970013 1.000000 -0.044362 0.062754 2.960251 1.000000 -0.069273 -0.494250 3.096191 1.000000 -0.137035 -0.866171 3.096250 1.000000 -0.172228 -0.947459 3.045949 1.000000 0.125945 0.053830 2.979856 1.000000 0.113737 -0.490057 3.099426 1.000000 0.126965 -0.873572 3.094176 1.000000 0.141944 -0.955653 3.050931 1.000000
31277725760 0.045815 0.148889 2.976787 1.000000 0.046953 0.209251 3.002374 1.000000 0.067363 0.525071 2.992208 1.000000 0.061318 0.687047 2.916724 1.000000 -0.138178 0.470127 2.992222 1.000000 -0.320828 0.651265 2.954849 1.000000 -0.296386 0.868854 2.914675 1.000000 -0.292912 0.941804 2.891517 1.000000 0.262591 0.486698 3.029381 1.000000 0.451005 0.669060 3.026796 1.000000 0.474820 0.884719 2.973677 1.000000 0.482758 0.956605 2.960366 1.000000 -0.044091 0.063698 2.960445 1.000000 -0.085613 -0.480054 3.089621 1.000000 -0.137413 -0.866886 3.095918 1.000000 -0.171211 -0.947868 3.047180 1.000000 0.125783 0.054056 2.979936 1.000000 0.113648 -0.490364 3.098817 1.000000 0.126625 -0.873440 3.094310 1.000000 0.142033 -0.955560 3.050803 1.000000
31277758454 0.046000 0.151017 2.976660 1.000000 0.047045 0.211054 3.002646 1.000000 0.067208 0.525357 2.992419 1.000000 0.061267 0.687054 2.916747 1.000000 -0.137465 0.471325 2.992296 1.000000 -0.306841 0.672289 2.950821 1.000000 -0.266581 0.888999 2.928129 1.000000 -0.263108 0.961952 2.904969 1.000000 0.261651 0.490611 3.029494 1.000000 0.444334 0.696926 3.018151 1.000000 0.424047 0.914859 2.977253 1.000000 0.398985 1.013823 2.959259 1.000000 -0.043380 0.066242 2.959936 1.000000 -0.082391 -0.481506 3.090884 1.000000 -0.137473 -0.866645 3.095749 1.000000 -0.171703 -0.947318 3.046603 1.000000 0.125678 0.056936 2.979682 1.000000 0.113813 -0.489870 3.098948 1.000000 0.126781 -0.872867 3.094709 1.000000 0.142198 -0.956526 3.053691 1.000000
31277780667 0.045366 0.152454 2.977219 1.000000 0.046415 0.212326 3.003296 1.000000 0.066771 0.525552 2.992441 1.000000 0.061598 0.686948 2.916720 1.000000 -0.136316 0.472447 2.992007 1.000000 -0.300816 0.676222 2.951695 1.000000 -0.254800 0.891854 2.930596 1.000000 -0.251327 0.964800 2.907438 1.000000 0.260875 0.491306 3.029247 1.000000 0.437113 0.699834 3.015542 1.000000 0.408207 0.916410 2.971761 1.000000 0.365704 1.003938 2.936038 1.000000 -0.044084 0.068046 2.961065 1.000000 -0.075684 -0.488271 3.094137 1.000000 -0.137436 -0.866879 3.095376 1.000000 -0.171404 -0.947788 3.046418 1.000000 0.124832 0.059678 2.980194 1.000000 0.114047 -0.490155 3.098874 1.000000 0.126511 -0.872384 3.094076 1.000000 0.142311 -0.956627 3.053194 1.000000
31277825840 0.044265 0.153773 2.977491 1.000000 0.045282 0.213592 3.003693 1.000000 0.065668 0.526060 2.992473 1.000000 0.062216 0.685918 2.917319 1.000000 -0.134944 0.473699 2.991361 1.000000 -0.294661 0.677450 2.951506 1.000000 -0.222591 0.885164 2.919903 1.000000 -0.219117 0.958116 2.896743 1.000000 0.260333 0.492025 3.028761 1.000000 0.429991 0.698085 3.014059 1.000000 0.392474 0.913798 2.973698 1.000000 0.338802 0.997136 2.943370 1.000000 -0.044844 0.069299 2.961644 1.000000 -0.072111 -0.491398 3.096038 1.000000 -0.137219 -0.866856 3.096167 1.000000 -0.171714 -0.947114 3.045159 1.000000 0.123093 0.062138 2.980200 1.000000 0.114077 -0.489833 3.098629 1.000000 0.126649 -0.872574 3.094192 1.000000 0.142446 -0.956722 3.053027 1.000000
31277859203 0.044206 0.155039 2.977721 1.000000 0.045087 0.214839 3.004281 1.000000 0.065379 0.527144 2.993533 1.000000 0.061977 0.686238 2.919314 1.000000 -0.131783 0.475212 2.990114 1.000000 -0.285584 0.677989 2.950522 1.000000 -0.212652 0.885542 2.920570 1.000000 -0.209178 0.958494 2.897411 1.000000 0.260056 0.492433 3.028662 1.000000 0.426506 0.697472 3.013427 1.000000 0.366922 0.907420 2.967840 1.000000 0.313143 0.990431 2.936816 1.000000 -0.044851 0.071364 2.963096 1.000000 -0.082847 -0.488745 3.093305 1.000000 -0.137451 -0.865819 3.095466 1.000000 -0.171815 -0.944206 3.039494 1.000000 0.123169 0.065236 2.978754 1.000000 0.114441 -0.488447 3.097827 1.000000 0.126575 -0.872385 3.094161 1.000000 0.142183 -0.956529 3.051671 1.000000
31277892539 0.044456 0.156959 2.978479 1.000000 0.045254 0.216587 3.005380 1.000000 0.065611 0.528029 2.994737 1.000000 0.063682 0.685490 2.919514 1.000000 -0.129354 0.475471 2.988878 1.000000 -0.279618 0.676873 2.951428 1.000000 -0.197788 0.880863 2.919038 1.000000 -0.117974 0.946973 2.921168 1.000000 0.259541 0.494504 3.028483 1.000000 0.417931 0.697386 3.015157 1.000000 0.356976 0.905751 2.962664 1.000000 0.300612 0.988774 2.936674 1.000000 -0.044464 0.072910 2.963843 1.000000 -0.087159 -0.489475 3.093572 1.000000 -0.139669 -0.870881 3.094226 1.000000 -0.172806 -0.945539 3.037655 1.000000 0.123335 0.068849 2.979325 1.000000 0.114441 -0.488053 3.097116 1.000000 0.126548 -0.872289 3.094418 1.000000 0.141187 -0.954072 3.049358 1.000000
31277925881 0.044573 0.158495 2.978872 1.000000 0.045414 0.217864 3.006126 1.000000 0.066462 0.528477 2.995672 1.000000 0.063932 0.686998 2.921134 1.000000 -0.126813 0.476170 2.988843 1.000000 -0.267645 0.675852 2.949364 1.000000 -0.175671 0.875543 2.917790 1.000000 -0.124798 0.932771 2.915154 1.000000 0.258581 0.496550 3.029182 1.000000 0.414690 0.700454 3.014110 1.000000 0.339353 0.903557 2.959124 1.000000 0.277481 0.983433 2.935963 1.000000 -0.044154 0.074588 2.963954 1.000000 -0.071792 -0.510043 3.101188 1.000000 -0.139955 -0.872070 3.094454 1.000000 -0.172894 -0.945770 3.036795 1.000000 0.122798 0.071765 2.979917 1.000000 0.114534 -0.488126 3.097063 1.000000 0.126507 -0.871466 3.096229 1.000000 0.141236 -0.954363 3.049980 1.000000
31277959263 0.045831 0.160348 2.979190 1.000000 0.046400 0.219365 3.006707 1.000000 0.066497 0.528699 2.995897 1.000000 0.061206 0.687666 2.924738 1.000000 -0.125122 0.478233 2.989745 1.000000 -0.258381 0.676666 2.948449 1.000000 -0.159721 0.872543 2.911420 1.000000 -0.115784 0.866699 2.934071 1.000000 0.257131 0.499199 3.029322 1.000000 0.409949 0.703605 3.011903 1.000000 0.277832 0.889648 2.949696 1.000000 0.209045 0.948601 2.925024 1.000000 -0.040091 0.077881 2.964067 1.000000 -0.093867 -0.478817 3.089718 1.000000 -0.138964 -0.868032 3.096626 1.000000 -0.172598 -0.945101 3.037076 1.000000 0.123241 0.073719 2.980331 1.000000 0.114518 -0.488144 3.097090 1.000000 0.126472 -0.872831 3.094463 1.000000 0.141449 -0.954276 3.049898 1.000000
31277992573 0.047389 0.163637 2.979980 1.000000 0.047911 0.222367 3.007912 1.000000 0.067350 0.530284 2.997285 1.000000 0.060043 0.687760 2.925468 1.000000 -0.122757 0.484228 2.991519 1.000000 -0.255053 0.680035 2.947467 1.000000 -0.148630 0.871565 2.908668 1.000000 -0.114923 0.863124 2.934071 1.000000 0.256708 0.501326 3.029824 1.000000 0.404841 0.703451 3.011210 1.000000 0.263180 0.859282 2.932345 1.000000 0.223633 0.879883 2.922352 1.000000 -0.037465 0.081441 2.964524 1.000000 -0.058228 -0.503144 3.103278 1.000000 -0.138550 -0.867786 3.098249 1.000000 -0.172244 -0.944432 3.039116 1.000000 0.123862 0.077093 2.981052 1.000000 0.114451 -0.487583 3.096989 1.000000 0.125877 -0.873310 3.092142 1.000000 0.141423 -0.954494 3.050120 1.000000
31278025916 0.049459 0.171455 2.980344 1.000000 0.049376 0.228768 3.008323 1.000000 0.066966 0.531561 2.997159 1.000000 0.059986 0.687751 2.925486 1.000000 -0.120811 0.489738 2.993272 1.000000 -0.251185 0.680214 2.946290 1.000000 -0.149477 0.866697 2.873621 1.000000 -0.115575 0.928858 2.853790 1.000000 0.258940 0.511909 3.031616 1.000000 0.402692 0.705434 3.009267 1.000000 0.260413 0.861378 2.932075 1.000000 0.222477 0.880345 2.922349 1.000000 -0.036259 0.087397 2.964733 1.000000 -0.059215 -0.507244 3.102329 1.000000 -0.139566 -0.875653 3.092844 1.000000 -0.174767 -0.948607 3.035722 1.000000 0.127814 0.085400 2.981778 1.000000 0.114522 -0.487458 3.097046 1.000000 0.125644 -0.874218 3.089913 1.000000 0.142463 -0.954884 3.050515 1.000000
31278059241 0.048126 0.173500 2.980685 1.000000 0.048528 0.230148 3.008958 1.000000 0.066720 0.531142 2.997833 1.000000 0.063031 0.683094 2.926051 1.000000 -0.119240 0.497049 2.995328 1.000000 -0.249062 0.680099 2.945218 1.000000 -0.133993 0.862908 2.887402 1.000000 -0.095637 0.923845 2.872522 1.000000 0.258962 0.514567 3.031633 1.000000 0.400725 0.705042 3.008107 1.000000 0.254235 0.859048 2.935978 1.000000 0.216069 0.879815 2.924506 1.000000 -0.037623 0.090922 2.964771 1.000000 -0.091379 -0.483957 3.093228 1.000000 -0.139305 -0.872598 3.094074 1.000000 -0.174466 -0.947903 3.036499 1.000000 0.125347 0.086955 2.981951 1.000000 0.114584 -0.487502 3.097007 1.000000 0.125671 -0.874351 3.090021 1.000000 0.142866 -0.954507 3.049739 1.000000
31278091971 0.048372 0.177062 2.980580 1.000000 0.048719 0.231997 3.009254 1.000000 0.065855 0.528477 2.998454 1.000000 0.070324 0.682061 2.927233 1.000000 -0.119616 0.502132 2.997693 1.000000 -0.247131 0.680484 2.942792 1.000000 -0.111152 0.852760 2.907802 1.000000 -0.065826 0.910185 2.900530 1.000000 0.258974 0.516141 3.031638 1.000000 0.399389 0.705788 3.006349 1.000000 0.242083 0.846474 2.929086 1.000000 0.204097 0.872508 2.917861 1.000000 -0.038256 0.094135 2.964030 1.000000 -0.075671 -0.510759 3.103487 1.000000 -0.137571 -0.881570 3.094758 1.000000 -0.174970 -0.950248 3.035272 1.000000 0.126851 0.090247 2.981847 1.000000 0.111214 -0.488155 3.097288 1.000000 0.125779 -0.873902 3.091901 1.000000 0.142774 -0.953823 3.049855 1.000000
31278114436 0.048623 0.179581 2.980672 1.000000 0.048864 0.233853 3.009733 1.000000 0.065529 0.527883 2.998961 1.000000 0.073534 0.676977 2.924735 1.000000 -0.119647 0.502589 2.997575 1.000000 -0.245563 0.681382 2.941191 1.000000 -0.106354 0.851142 2.907043 1.000000 -0.059952 0.907729 2.900052 1.000000 0.258781 0.517357 3.030990 1.000000 0.398322 0.706036 3.004683 1.000000 0.234494 0.841716 2.933299 1.000000 0.208629 0.860012 2.924569 1.000000 -0.038392 0.097091 2.964246 1.000000 -0.093548 -0.472829 3.089219 1.000000 -0.136796 -0.850705 3.101700 1.000000 -0.171739 -0.941937 3.041134 1.000000 0.127724 0.092508 2.981345 1.000000 0.108490 -0.490932 3.099252 1.000000 0.125788 -0.874030 3.092566 1.000000 0.142741 -0.953595 3.050359 1.000000
31278159373 0.048395 0.180259 2.980704 1.000000 0.048178 0.235398 3.009633 1.000000 0.062347 0.531718 2.996876 1.000000 0.072881 0.677375 2.922864 1.000000 -0.120294 0.501115 2.995561 1.000000 -0.244213 0.683219 2.939341 1.000000 -0.102316 0.851004 2.907643 1.000000 -0.055017 0.906933 2.901468 1.000000 0.256367 0.520832 3.031189 1.000000 0.390535 0.712408 3.000669 1.000000 0.223033 0.840872 2.923699 1.000000 0.216069 0.847544 2.923366 1.000000 -0.037973 0.097931 2.964630 1.000000 -0.067674 -0.502515 3.102656 1.000000 -0.137052 -0.861902 3.104431 1.000000 -0.173302 -0.950518 3.044701 1.000000 0.127273 0.093362 2.981593 1.000000 0.109610 -0.488871 3.098997 1.000000 0.125681 -0.873399 3.093693 1.000000 0.142264 -0.953244 3.049932 1.000000
31278192634 0.047676 0.180484 2.980684 1.000000 0.047440 0.235706 3.009494 1.000000 0.061894 0.531352 2.996339 1.000000 0.065353 0.737793 2.953522 1.000000 -0.120446 0.500366 2.994428 1.000000 -0.243399 0.685882 2.937892 1.000000 -0.098533 0.851242 2.907635 1.000000 -0.050244 0.906363 2.901940 1.000000 0.255987 0.521282 3.031026 1.000000 0.390596 0.711780 2.999104 1.000000 0.222045 0.839536 2.923555 1.000000 0.215983 0.846115 2.922845 1.000000 -0.038105 0.098043 2.964754 1.000000 -0.067654 -0.502288 3.102745 1.000000 -0.137237 -0.861620 3.104706 1.000000 -0.171622 -0.948876 3.048135 1.000000 0.125177 0.093785 2.981730 1.000000 0.110387 -0.488857 3.098300 1.000000 0.125845 -0.874171 3.093947 1.000000 0.142529 -0.952945 3.050482 1.000000
31278226020 0.048715 0.182326 2.979729 1.000000 0.050139 0.240174 3.006769 1.000000 0.081660 0.545399 2.986584 1.000000 0.064108 0.739932 2.949678 1.000000 -0.121744 0.503414 2.994460 1.000000 -0.243565 0.686925 2.937533 1.000000 -0.099754 0.852882 2.904587 1.000000 -0.051817 0.908201 2.897996 1.000000 0.254973 0.521951 3.030492 1.000000 0.389897 0.711518 2.998381 1.000000 0.220754 0.838372 2.922659 1.000000 0.215954 0.844537 2.922398 1.000000 -0.038470 0.099260 2.964725 1.000000 -0.067134 -0.501690 3.102645 1.000000 -0.137395 -0.863339 3.104095 1.000000 -0.169461 -0.949049 3.048270 1.000000 0.125856 0.095983 2.981071 1.000000 0.110597 -0.489043 3.097884 1.000000 0.125659 -0.874813 3.095238 1.000000 0.143207 -0.953334 3.050512 1.000000
31278259412 0.048077 0.182171 2.979766 1.000000 0.048637 0.238439 3.006994 1.000000 0.054095 0.523871 2.995006 1.000000 0.056594 0.744819 2.959097 1.000000 -0.121871 0.501294 2.993173 1.000000 -0.243948 0.686746 2.937710 1.000000 -0.099338 0.851970 2.904632 1.000000 -0.051135 0.907045 2.897996 1.000000 0.250649 0.520353 3.027664 1.000000 0.390891 0.709984 2.997926 1.000000 0.220490 0.832713 2.917614 1.000000 0.217492 0.839601 2.919708 1.000000 -0.038628 0.099295 2.964710 1.000000 -0.089315 -0.491866 3.096652 1.000000 -0.138306 -0.875759 3.095087 1.000000 -0.169421 -0.951746 3.045756 1.000000 0.125807 0.096048 2.981072 1.000000 0.111121 -0.487683 3.097214 1.000000 0.127874 -0.873769 3.094895 1.000000 0.142691 -0.952455 3.050259 1.000000
31278292763 0.046392 0.180131 2.979317 1.000000 0.047232 0.235787 3.006638 1.000000 0.057111 0.520684 2.994287 1.000000 0.056188 0.744088 2.960315 1.000000 -0.121492 0.498816 2.993042 1.000000 -0.244254 0.686308 2.937888 1.000000 -0.098130 0.849811 2.901999 1.000000 -0.049422 0.904312 2.894425 1.000000 0.248583 0.508993 3.023858 1.000000 0.391494 0.706186 2.997946 1.000000 0.219138 0.823641 2.913369 1.000000 0.212541 0.835686 2.915388 1.000000 -0.039404 0.098509 2.964437 1.000000 -0.092511 -0.483938 3.093943 1.000000 -0.138243 -0.874043 3.092196 1.000000 -0.170501 -0.948529 3.041641 1.000000 0.122363 0.093593 2.980524 1.000000 0.106727 -0.480519 3.094278 1.000000 0.127757 -0.873719 3.097115 1.000000 0.142522 -0.952105 3.049120 1.000000
31278325354 0.045912 0.180174 2.978944 1.000000 0.046730 0.235636 3.006042 1.000000 0.058500 0.518000 2.992245 1.000000 0.056046 0.742003 2.960105 1.000000 -0.120986 0.495600 2.991895 1.000000 -0.244883 0.685005 2.938146 1.000000 -0.102560 0.851456 2.899777 1.000000 -0.055120 0.906939 2.891377 1.000000 0.245903 0.506057 3.022728 1.000000 0.391205 0.703484 2.995925 1.000000 0.220730 0.823116 2.910486 1.000000 0.178023 0.859159 2.897833 1.000000 -0.040356 0.099462 2.963444 1.000000 -0.090221 -0.351670 3.046099 1.000000 -0.127595 -0.777759 3.077983 1.000000 -0.120155 -0.821929 2.988648 1.000000 0.122075 0.093710 2.980569 1.000000 0.114258 -0.410400 3.074629 1.000000 0.125454 -0.839731 3.091567 1.000000 0.140823 -0.946755 3.052610 1.000000
31278347870 0.042753 0.181783 2.979562 1.000000 0.039874 0.237454 3.008787 1.000000 0.021221 0.540961 3.005663 1.000000 0.058805 0.729197 2.948865 1.000000 -0.126347 0.502621 2.990537 1.000000 -0.246932 0.686884 2.936475 1.000000 -0.100116 0.849746 2.900715 1.000000 -0.051177 0.904033 2.893184 1.000000 0.247059 0.510118 3.022482 1.000000 0.390934 0.703824 2.995164 1.000000 0.216266 0.818084 2.911109 1.000000 0.197256 0.840056 2.907530 1.000000 -0.040929 0.099863 2.963500 1.000000 -0.095032 -0.483398 3.096110 1.000000 -0.136152 -0.872107 3.093474 1.000000 -0.167671 -0.934965 3.039828 1.000000 0.121960 0.093965 2.980527 1.000000 0.101257 -0.488525 3.096110 1.000000 0.126131 -0.874110 3.095475 1.000000 0.141598 -0.953441 3.050089 1.000000
31278392791 0.041440 0.183100 2.979210 1.000000 0.037957 0.238810 3.009349 1.000000 0.021186 0.540726 3.004298 1.000000 0.051296 0.765044 2.979656 1.000000 -0.127487 0.503916 2.991313 1.000000 -0.247506 0.686509 2.936530 1.000000 -0.099162 0.847858 2.900065 1.000000 -0.049715 0.901641 2.892299 1.000000 0.247158 0.511389 3.022382 1.000000 0.391546 0.703946 2.994057 1.000000 0.215942 0.817973 2.912022 1.000000 0.203691 0.835815 2.910360 1.000000 -0.041456 0.100841 2.963191 1.000000 -0.094984 -0.482919 3.096105 1.000000 -0.136027 -0.867625 3.094732 1.000000 -0.168159 -0.934975 3.039529 1.000000 0.122190 0.094734 2.980197 1.000000 0.102819 -0.488569 3.096454 1.000000 0.126047 -0.874190 3.095596 1.000000 0.141676 -0.953718 3.050568 1.000000
31278426116 0.040564 0.182455 2.977902 1.000000 0.037904 0.238787 3.006688 1.000000 0.056458 0.509277 2.984770 1.000000 0.074493 0.734375 2.958347 1.000000 -0.127335 0.499893 2.991114 1.000000 -0.247511 0.683501 2.936790 1.000000 -0.103102 0.847735 2.896262 1.000000 -0.054966 0.902480 2.887141 1.000000 0.245803 0.508914 3.022258 1.000000 0.391123 0.702819 2.992516 1.000000 0.214979 0.815473 2.909653 1.000000 0.208413 0.830271 2.910453 1.000000 -0.043207 0.100996 2.961708 1.000000 -0.094482 -0.410400 3.066802 1.000000 -0.133626 -0.837436 3.090636 1.000000 -0.170804 -0.936796 3.046500 1.000000 0.120166 0.094004 2.979037 1.000000 0.113403 -0.443604 3.076567 1.000000 0.126153 -0.872711 3.096149 1.000000 0.141510 -0.953956 3.051338 1.000000
31278459413 0.039709 0.180998 2.977772 1.000000 0.037321 0.236365 3.006312 1.000000 0.052228 0.509984 2.989713 1.000000 0.062286 0.648682 2.922208 1.000000 -0.127681 0.499656 2.991065 1.000000 -0.248778 0.681586 2.936833 1.000000 -0.104987 0.846315 2.896147 1.000000 -0.057056 0.901225 2.886974 1.000000 0.245147 0.506839 3.022584 1.000000 0.391830 0.702121 2.991448 1.000000 0.216202 0.814705 2.907228 1.000000 0.209153 0.829714 2.908421 1.000000 -0.043742 0.099630 2.961164 1.000000 -0.093290 -0.446622 3.082413 1.000000 -0.137042 -0.848291 3.098730 1.000000 -0.172080 -0.939381 3.044934 1.000000 0.118930 0.092712 2.978944 1.000000 0.115048 -0.463183 3.085550 1.000000 0.126275 -0.873100 3.096277 1.000000 0.141803 -0.953627 3.050408 1.000000
31278492838 0.039443 0.181409 2.977101 1.000000 0.037404 0.236386 3.005248 1.000000 0.052550 0.509959 2.989145 1.000000 0.061608 0.648923 2.921510 1.000000 -0.128062 0.497603 2.990565 1.000000 -0.249783 0.679413 2.938427 1.000000 -0.108289 0.845816 2.896074 1.000000 -0.061124 0.901284 2.886344 1.000000 0.244173 0.506063 3.022777 1.000000 0.391663 0.701278 2.990207 1.000000 0.221828 0.819612 2.901439 1.000000 0.189460 0.848602 2.894027 1.000000 -0.044119 0.100445 2.960658 1.000000 -0.089844 -0.364258 3.049214 1.000000 -0.131209 -0.791286 3.071946 1.000000 -0.123504 -0.835491 2.982683 1.000000 0.117864 0.093447 2.978184 1.000000 0.104694 -0.516235 3.113907 1.000000 0.127113 -0.862015 3.096897 1.000000 0.140809 -0.954095 3.051083 1.000000
31278525471 0.039623 0.181652 2.976809 1.000000 0.038210 0.237586 3.004058 1.000000 0.056858 0.529882 2.986329 1.000000 0.058136 0.709961 2.942701 1.000000 -0.130003 0.500226 2.990073 1.000000 -0.251557 0.682131 2.937971 1.000000 -0.103850 0.843161 2.896401 1.000000 -0.054614 0.896838 2.886932 1.000000 0.243914 0.509274 3.022038 1.000000 0.391415 0.701107 2.990040 1.000000 0.218164 0.815413 2.902896 1.000000 0.197602 0.838108 2.899793 1.000000 -0.044128 0.100447 2.960647 1.000000 -0.070190 -0.485596 3.096085 1.000000 -0.139579 -0.879729 3.083778 1.000000 -0.171084 -0.944700 3.039096 1.000000 0.117957 0.093716 2.978017 1.000000 0.111342 -0.503364 3.101748 1.000000 0.126884 -0.864853 3.098582 1.000000 0.140670 -0.952780 3.049386 1.000000
31278547829 0.042004 0.185413 2.974668 1.000000 0.043408 0.245115 2.997343 1.000000 0.072761 0.547902 2.966604 1.000000 0.070926 0.779629 2.965893 1.000000 -0.131721 0.502029 2.990190 1.000000 -0.252630 0.684235 2.937384 1.000000 -0.099343 0.840327 2.898072 1.000000 -0.048247 0.892358 2.889354 1.000000 0.247977 0.516424 3.021169 1.000000 0.392083 0.702576 2.988899 1.000000 0.216867 0.813744 2.901667 1.000000 0.198402 0.836428 2.899227 1.000000 -0.044513 0.101419 2.960799 1.000000 -0.067859 -0.491491 3.097488 1.000000 -0.137471 -0.874856 3.089144 1.000000 -0.168631 -0.938941 3.042977 1.000000 0.120223 0.096337 2.977504 1.000000 0.112040 -0.502252 3.101455 1.000000 0.126401 -0.866974 3.098780 1.000000 0.141014 -0.952506 3.049731 1.000000
31278592856 0.042341 0.185503 2.974271 1.000000 0.043698 0.244639 2.995507 1.000000 0.065195 0.539165 2.970753 1.000000 0.079357 0.771845 2.978877 1.000000 -0.130863 0.498519 2.989772 1.000000 -0.250743 0.681509 2.937863 1.000000 -0.101673 0.841529 2.898082 1.000000 -0.051984 0.894869 2.889209 1.000000 0.249147 0.518168 3.020905 1.000000 0.392397 0.702715 2.988654 1.000000 0.218669 0.812053 2.895488 1.000000 0.208789 0.829612 2.899053 1.000000 -0.044478 0.101400 2.960778 1.000000 -0.067916 -0.491475 3.097619 1.000000 -0.137677 -0.874261 3.088991 1.000000 -0.167698 -0.941021 3.044301 1.000000 0.121627 0.096809 2.976607 1.000000 0.112187 -0.500127 3.099737 1.000000 0.125888 -0.868566 3.099285 1.000000 0.140906 -0.952482 3.049531 1.000000
31278626209 0.043747 0.186228 2.972943 1.000000 0.046184 0.246433 2.990915 1.000000 0.072363 0.546831 2.961655 1.000000 0.077565 0.780770 2.977134 1.000000 -0.131170 0.500105 2.989918 1.000000 -0.251381 0.682801 2.937646 1.000000 -0.100202 0.840794 2.897824 1.000000 -0.049809 0.893458 2.888937 1.000000 0.249244 0.519163 3.020118 1.000000 0.392446 0.703160 2.988146 1.000000 0.217891 0.811696 2.895754 1.000000 0.208663 0.829325 2.899199 1.000000 -0.044391 0.101476 2.960740 1.000000 -0.068609 -0.496421 3.099004 1.000000 -0.138207 -0.880110 3.086475 1.000000 -0.170585 -0.950825 3.038932 1.000000 0.122543 0.097756 2.976492 1.000000 0.107649 -0.498560 3.097243 1.000000 0.125127 -0.870066 3.097645 1.000000 0.141490 -0.953204 3.051345 1.000000
31278659551 0.042729 0.183615 2.972724 1.000000 0.044609 0.241382 2.991607 1.000000 0.056190 0.530126 2.981159 1.000000 0.059860 0.762666 2.984934 1.000000 -0.130526 0.496944 2.990589 1.000000 -0.249735 0.680203 2.937809 1.000000 -0.103460 0.842371 2.895902 1.000000 -0.054702 0.896427 2.886320 1.000000 0.242592 0.506569 3.015728 1.000000 0.392911 0.702644 2.987639 1.000000 0.218038 0.811444 2.896360 1.000000 0.208741 0.829092 2.899318 1.000000 -0.044691 0.100850 2.960370 1.000000 -0.091037 -0.472962 3.088510 1.000000 -0.138769 -0.874503 3.091562 1.000000 -0.170274 -0.950560 3.040227 1.000000 0.122054 0.096128 2.975854 1.000000 0.106972 -0.498500 3.097329 1.000000 0.125818 -0.869356 3.100516 1.000000 0.141136 -0.953658 3.053096 1.000000
31278692956 0.042972 0.183220 2.972564 1.000000 0.044672 0.240532 2.991696 1.000000 0.055006 0.527809 2.981526 1.000000 0.047112 0.737549 2.957307 1.000000 -0.130305 0.495667 2.990584 1.000000 -0.249963 0.678765 2.938827 1.000000 -0.105532 0.841977 2.893790 1.000000 -0.057388 0.896382 2.883164 1.000000 0.242926 0.503453 3.014789 1.000000 0.393198 0.701516 2.987422 1.000000 0.217930 0.809507 2.895943 1.000000 0.209338 0.827102 2.899225 1.000000 -0.044338 0.100569 2.960065 1.000000 -0.093214 -0.469063 3.086598 1.000000 -0.138885 -0.871756 3.088131 1.000000 -0.169254 -0.949537 3.043587 1.000000 0.123151 0.095612 2.975320 1.000000 0.102970 -0.489329 3.094979 1.000000 0.125649 -0.869604 3.101489 1.000000 0.141459 -0.953712 3.053749 1.000000
31278726212 0.043378 0.185259 2.972141 1.000000 0.044520 0.240383 2.992488 1.000000 0.051688 0.519737 2.987482 1.000000 0.047011 0.737153 2.958305 1.000000 -0.129905 0.488169 2.990580 1.000000 -0.250809 0.670874 2.939892 1.000000 -0.112821 0.839584 2.895021 1.000000 -0.066825 0.895820 2.884450 1.000000 0.242898 0.501633 3.016322 1.000000 0.393119 0.699375 2.986756 1.000000 0.212977 0.807308 2.907199 1.000000 0.199442 0.828956 2.903636 1.000000 -0.043285 0.103030 2.957667 1.000000 -0.093842 -0.384155 3.056990 1.000000 -0.131644 -0.811272 3.082544 1.000000 -0.125634 -0.855214 2.993073 1.000000 0.124871 0.099648 2.973795 1.000000 0.111078 -0.511148 3.105253 1.000000 0.118181 -0.890029 3.068488 1.000000 0.124190 -0.933971 2.979017 1.000000
31278758972 0.043651 0.185670 2.971684 1.000000 0.045713 0.243884 2.989064 1.000000 0.079163 0.552246 2.959331 1.000000 0.061691 0.738731 2.941217 1.000000 -0.134254 0.498318 2.990579 1.000000 -0.255587 0.680128 2.937833 1.000000 -0.102717 0.836240 2.897082 1.000000 -0.051760 0.888277 2.887884 1.000000 0.244974 0.505573 3.017397 1.000000 0.393262 0.698932 2.984594 1.000000 0.214126 0.808608 2.905234 1.000000 0.201576 0.828877 2.902093 1.000000 -0.043410 0.103055 2.957760 1.000000 -0.064697 -0.502930 3.101909 1.000000 -0.135578 -0.861584 3.101204 1.000000 -0.168567 -0.946143 3.048284 1.000000 0.124527 0.099593 2.973897 1.000000 0.110657 -0.491949 3.099034 1.000000 0.126795 -0.872865 3.100293 1.000000 0.140856 -0.953613 3.053499 1.000000
31278781414 0.043958 0.186181 2.970516 1.000000 0.046532 0.245759 2.984579 1.000000 0.076342 0.555211 2.955374 1.000000 0.064909 0.737476 2.937238 1.000000 -0.134627 0.498405 2.990756 1.000000 -0.254744 0.680739 2.936295 1.000000 -0.100801 0.836245 2.898375 1.000000 -0.049487 0.888081 2.890120 1.000000 0.246171 0.506938 3.017120 1.000000 0.394451 0.699742 2.983400 1.000000 0.214310 0.808351 2.905076 1.000000 0.202323 0.828843 2.901669 1.000000 -0.043591 0.103085 2.957837 1.000000 -0.089496 -0.483854 3.089055 1.000000 -0.135339 -0.862175 3.100403 1.000000 -0.169205 -0.945151 3.047345 1.000000 0.124576 0.099543 2.973778 1.000000 0.111419 -0.491083 3.098198 1.000000 0.126468 -0.873105 3.100399 1.000000 0.141083 -0.953089 3.052467 1.000000
31278826344 0.044327 0.186622 2.969970 1.000000 0.047451 0.246726 2.981864 1.000000 0.076805 0.555593 2.955157 1.000000 0.061783 0.781250 2.964120 1.000000 -0.135568 0.498632 2.990450 1.000000 -0.254939 0.681333 2.935361 1.000000 -0.099051 0.835127 2.899141 1.000000 -0.047088 0.886392 2.891453 1.000000 0.249014 0.510679 3.017970 1.000000 0.396821 0.700537 2.982231 1.000000 0.214924 0.807135 2.905549 1.000000 0.202403 0.828966 2.901195 1.000000 -0.043802 0.102939 2.958118 1.000000 -0.081548 -0.490875 3.093331 1.000000 -0.136402 -0.863572 3.097699 1.000000 -0.169132 -0.946863 3.047984 1.000000 0.124518 0.099547 2.973622 1.000000 0.111452 -0.491012 3.097850 1.000000 0.126173 -0.873099 3.099873 1.000000 0.141084 -0.953130 3.052393 1.000000
31278859647 0.044315 0.186462 2.969854 1.000000 0.047385 0.245874 2.981618 1.000000 0.068371 0.547954 2.969494 1.000000 0.062510 0.779155 2.965287 1.000000 -0.134529 0.496165 2.990021 1.000000 -0.253637 0.679135 2.935673 1.000000 -0.100780 0.835649 2.897689 1.000000 -0.034945 0.873042 2.886141 1.000000 0.248807 0.510334 3.017961 1.000000 0.397537 0.700252 2.982241 1.000000 0.216335 0.806335 2.902826 1.000000 0.202805 0.828791 2.899093 1.000000 -0.043899 0.102846 2.957998 1.000000 -0.092598 -0.471511 3.085810 1.000000 -0.138226 -0.866240 3.093976 1.000000 -0.168646 -0.947424 3.047571 1.000000 0.124555 0.099216 2.973091 1.000000 0.108151 -0.488372 3.097889 1.000000 0.125953 -0.873421 3.098485 1.000000 0.141437 -0.953230 3.052017 1.000000
31278892992 0.042918 0.185242 2.970106 1.000000 0.044654 0.241346 2.985496 1.000000 0.052849 0.518586 2.991845 1.000000 0.055920 0.740928 2.965956 1.000000 -0.132808 0.490823 2.990198 1.000000 -0.253450 0.676284 2.935509 1.000000 -0.103855 0.834127 2.887998 1.000000 -0.041796 0.878913 2.885349 1.000000 0.246676 0.497336 3.013825 1.000000 0.398189 0.699412 2.981255 1.000000 0.216943 0.806155 2.903069 1.000000 0.203223 0.828517 2.898861 1.000000 -0.045217 0.103700 2.957191 1.000000 -0.095825 -0.347412 3.041346 1.000000 -0.125144 -0.773890 3.076846 1.000000 -0.119622 -0.817410 2.987141 1.000000 0.122514 0.094689 2.972226 1.000000 0.105957 -0.380127 3.045252 1.000000 0.123044 -0.804870 3.095620 1.000000 0.135827 -0.914299 3.063229 1.000000
31278926314 0.042819 0.185028 2.970033 1.000000 0.044045 0.240557 2.987311 1.000000 0.051634 0.518324 2.990927 1.000000 0.056046 0.740999 2.965746 1.000000 -0.132594 0.488438 2.989842 1.000000 -0.254715 0.672314 2.934921 1.000000 -0.112009 0.836649 2.888647 1.000000 -0.050126 0.881630 2.885561 1.000000 0.244584 0.496912 3.014695 1.000000 0.398800 0.697336 2.981067 1.000000 0.217985 0.805540 2.904147 1.000000 0.201024 0.829281 2.898434 1.000000 -0.045207 0.103740 2.957023 1.000000 -0.095528 -0.347179 3.041339 1.000000 -0.124304 -0.774178 3.073208 1.000000 -0.118499 -0.817743 2.983553 1.000000 0.122839 0.094622 2.971882 1.000000 0.113037 -0.429932 3.074542 1.000000 0.124736 -0.858982 3.096293 1.000000 0.138977 -0.951181 3.052546 1.000000
31278959796 0.043712 0.183287 2.969667 1.000000 0.045523 0.240468 2.987467 1.000000 0.079182 0.540476 2.978782 1.000000 0.060192 0.771669 2.978051 1.000000 -0.133084 0.487218 2.989300 1.000000 -0.255299 0.672849 2.934462 1.000000 -0.109117 0.834058 2.888058 1.000000 -0.047724 0.879634 2.884304 1.000000 0.243868 0.496580 3.014342 1.000000 0.398917 0.697128 2.980175 1.000000 0.218151 0.805986 2.904278 1.000000 0.201328 0.829433 2.898302 1.000000 -0.045319 0.102140 2.957134 1.000000 -0.094849 -0.475586 3.092116 1.000000 -0.136835 -0.848462 3.104425 1.000000 -0.166858 -0.939544 3.049693 1.000000 0.122960 0.094061 2.971520 1.000000 0.115234 -0.489502 3.101881 1.000000 0.124931 -0.869876 3.097476 1.000000 0.139642 -0.951419 3.052794 1.000000
31278992995 0.042461 0.181776 2.969518 1.000000 0.044575 0.239805 2.987480 1.000000 0.069301 0.541596 2.977049 1.000000 0.059751 0.773485 2.976753 1.000000 -0.133121 0.487279 2.989270 1.000000 -0.256227 0.673078 2.933698 1.000000 -0.108506 0.833342 2.889687 1.000000 -0.047475 0.879408 2.886289 1.000000 0.244289 0.495901 3.014296 1.000000 0.399147 0.696515 2.979967 1.000000 0.220150 0.806218 2.900608 1.000000 0.202476 0.829589 2.895591 1.000000 -0.045979 0.100427 2.957549 1.000000 -0.089140 -0.479763 3.093599 1.000000 -0.136970 -0.848695 3.103883 1.000000 -0.166354 -0.941340 3.051189 1.000000 0.120948 0.092315 2.971079 1.000000 0.112677 -0.491136 3.101395 1.000000 0.124951 -0.870052 3.097352 1.000000 0.140159 -0.951453 3.051943 1.000000
31279026444 0.042455 0.181905 2.969447 1.000000 0.045030 0.240286 2.987386 1.000000 0.075325 0.543662 2.976287 1.000000 0.060624 0.775744 2.978576 1.000000 -0.137513 0.493627 2.989772 1.000000 -0.258461 0.674776 2.932199 1.000000 -0.106710 0.831852 2.891647 1.000000 -0.047592 0.880438 2.892570 1.000000 0.245073 0.495008 3.013938 1.000000 0.400071 0.696112 2.979436 1.000000 0.221602 0.806088 2.899158 1.000000 0.202853 0.829938 2.894081 1.000000 -0.046700 0.100543 2.957716 1.000000 -0.091266 -0.478981 3.092374 1.000000 -0.139078 -0.860486 3.092347 1.000000 -0.167152 -0.944276 3.050574 1.000000 0.120213 0.092145 2.970666 1.000000 0.112966 -0.489947 3.100448 1.000000 0.125006 -0.870358 3.097771 1.000000 0.140318 -0.951647 3.051849 1.000000
31279059813 0.041995 0.180405 2.969659 1.000000 0.044291 0.238975 2.988050 1.000000 0.065754 0.541807 2.979194 1.000000 0.059685 0.774156 2.980449 1.000000 -0.136040 0.488472 2.988736 1.000000 -0.262962 0.673771 2.931427 1.000000 -0.109558 0.829457 2.892283 1.000000 -0.048921 0.876028 2.895253 1.000000 0.247054 0.499764 3.014581 1.000000 0.400555 0.695440 2.979555 1.000000 0.222738 0.806421 2.899241 1.000000 0.203240 0.830311 2.893967 1.000000 -0.046496 0.097505 2.958368 1.000000 -0.091357 -0.478982 3.092361 1.000000 -0.137842 -0.864419 3.089695 1.000000 -0.167865 -0.946178 3.050992 1.000000 0.120025 0.091174 2.970429 1.000000 0.110484 -0.492083 3.100312 1.000000 0.125642 -0.871081 3.098014 1.000000 0.140864 -0.952201 3.051700 1.000000
31279093138 0.040697 0.177845 2.969321 1.000000 0.043121 0.237231 2.988521 1.000000 0.063654 0.542064 2.980406 1.000000 0.061532 0.771144 2.965911 1.000000 -0.135423 0.486007 2.988702 1.000000 -0.263485 0.672970 2.932416 1.000000 -0.142187 0.853136 2.883640 1.000000 -0.075840 0.891202 2.885380 1.000000 0.246576 0.497886 3.014462 1.000000 0.401455 0.694725 2.979064 1.000000 0.224580 0.806976 2.898410 1.000000 0.204464 0.830699 2.893109 1.000000 -0.046991 0.095990 2.958143 1.000000 -0.092359 -0.480395 3.092312 1.000000 -0.137951 -0.865751 3.090792 1.000000 -0.169105 -0.947108 3.053179 1.000000 0.118324 0.088458 2.969259 1.000000 0.110054 -0.491553 3.100265 1.000000 0.125740 -0.871591 3.098168 1.000000 0.141434 -0.952412 3.051802 1.000000
31279126453 0.040736 0.176782 2.969845 1.000000 0.042608 0.235748 2.990401 1.000000 0.056347 0.540961 2.986566 1.000000 0.060483 0.768669 2.965547 1.000000 -0.135910 0.483928 2.987839 1.000000 -0.267874 0.671565 2.930925 1.000000 -0.142865 0.850193 2.887730 1.000000 -0.076906 0.888822 2.891006 1.000000 0.246458 0.497762 3.014292 1.000000 0.404859 0.694234 2.978372 1.000000 0.227498 0.807200 2.900267 1.000000 0.206892 0.831115 2.893975 1.000000 -0.045998 0.094393 2.958159 1.000000 -0.076640 -0.488651 3.098157 1.000000 -0.137652 -0.866861 3.090928 1.000000 -0.168545 -0.947457 3.050957 1.000000 0.118699 0.087531 2.969499 1.000000 0.110403 -0.491478 3.100054 1.000000 0.126346 -0.871455 3.098891 1.000000 0.141012 -0.952516 3.052779 1.000000
31279159836 0.040466 0.175277 2.970478 1.000000 0.042002 0.233568 2.992802 1.000000 0.054572 0.537377 2.990518 1.000000 0.067932 0.689697 2.915238 1.000000 -0.136143 0.482890 2.988245 1.000000 -0.274708 0.668212 2.932709 1.000000 -0.119768 0.824505 2.919270 1.000000 -0.093689 0.821777 2.928151 1.000000 0.246923 0.496677 3.013591 1.000000 0.408495 0.692576 2.977256 1.000000 0.230869 0.808500 2.905419 1.000000 0.206051 0.834344 2.895867 1.000000 -0.046048 0.092522 2.958079 1.000000 -0.082472 -0.485481 3.097371 1.000000 -0.137429 -0.866328 3.090558 1.000000 -0.169752 -0.947018 3.049298 1.000000 0.118771 0.085949 2.969693 1.000000 0.108814 -0.492138 3.099266 1.000000 0.126522 -0.871504 3.098625 1.000000 0.142128 -0.953702 3.055814 1.000000
31279193121 0.040703 0.174477 2.970578 1.000000 0.042301 0.232518 2.994221 1.000000 0.055329 0.535796 2.991285 1.000000 0.056763 0.696718 2.920435 1.000000 -0.138217 0.485409 2.989924 1.000000 -0.280682 0.663552 2.932249 1.000000 -0.148110 0.838971 2.910026 1.000000 -0.091407 0.890214 2.906666 1.000000 0.246414 0.495590 3.012630 1.000000 0.410226 0.691667 2.977096 1.000000 0.235977 0.812625 2.905331 1.000000 0.214159 0.834396 2.897075 1.000000 -0.045830 0.091602 2.957893 1.000000 -0.078804 -0.485843 3.097530 1.000000 -0.136004 -0.866287 3.096339 1.000000 -0.170319 -0.946420 3.048244 1.000000 0.119174 0.084748 2.969457 1.000000 0.109841 -0.492934 3.099369 1.000000 0.126018 -0.872395 3.097378 1.000000 0.142226 -0.952723 3.055638 1.000000
31279225841 0.040425 0.174359 2.970591 1.000000 0.042129 0.232312 2.995312 1.000000 0.055572 0.535673 2.991374 1.000000 0.057109 0.696928 2.920583 1.000000 -0.139880 0.490288 2.992087 1.000000 -0.283231 0.659696 2.932029 1.000000 -0.164059 0.844092 2.904017 1.000000 -0.107363 0.895328 2.900657 1.000000 0.247026 0.495533 3.013027 1.000000 0.410837 0.690378 2.977317 1.000000 0.243536 0.820851 2.905759 1.000000 0.209209 0.848012 2.893785 1.000000 -0.046734 0.091264 2.957605 1.000000 -0.071082 -0.492170 3.097720 1.000000 -0.136035 -0.866300 3.096377 1.000000 -0.170893 -0.945233 3.046789 1.000000 0.118787 0.084137 2.969351 1.000000 0.106803 -0.479431 3.096542 1.000000 0.126266 -0.872663 3.096992 1.000000 0.142039 -0.953065 3.055542 1.000000
31279248152 0.040662 0.174468 2.970672 1.000000 0.042341 0.232371 2.996318 1.000000 0.056258 0.535970 2.991269 1.000000 0.056548 0.695958 2.922564 1.000000 -0.139921 0.488970 2.992150 1.000000 -0.285342 0.657632 2.932872 1.000000 -0.157295 0.836388 2.911413 1.000000 -0.104551 0.890789 2.900988 1.000000 0.250154 0.498046 3.013294 1.000000 0.412474 0.688547 2.977123 1.000000 0.246430 0.822548 2.910200 1.000000 0.233125 0.850458 2.932010 1.000000 -0.046615 0.091144 2.957722 1.000000 -0.070100 -0.492817 3.097452 1.000000 -0.136427 -0.866156 3.096484 1.000000 -0.171455 -0.945406 3.046565 1.000000 0.119243 0.084069 2.969236 1.000000 0.109089 -0.484177 3.097645 1.000000 0.126343 -0.873495 3.095727 1.000000 0.141989 -0.952975 3.055587 1.000000
31279293240 0.040456 0.172613 2.970356 1.000000 0.042072 0.230838 2.996931 1.000000 0.056252 0.535695 2.991040 1.000000 0.056793 0.692331 2.921893 1.000000 -0.139999 0.487579 2.991875 1.000000 -0.289150 0.649218 2.937596 1.000000 -0.168848 0.832907 2.910389 1.000000 -0.119943 0.890855 2.900402 1.000000 0.250824 0.496368 3.013048 1.000000 0.415504 0.685961 2.978636 1.000000 0.258480 0.831192 2.913884 1.000000 0.205437 0.885799 2.921222 1.000000 -0.047002 0.089736 2.957114 1.000000 -0.069599 -0.493183 3.097506 1.000000 -0.136754 -0.866409 3.096788 1.000000 -0.170641 -0.946886 3.047804 1.000000 0.119469 0.079881 2.968901 1.000000 0.109752 -0.486775 3.099176 1.000000 0.126621 -0.873977 3.095923 1.000000 0.141963 -0.953038 3.056060 1.000000
31279326584 0.040611 0.172341 2.970279 1.000000 0.042313 0.230438 2.997566 1.000000 0.057504 0.534597 2.990579 1.000000 0.057261 0.690480 2.921920 1.000000 -0.141212 0.485373 2.991570 1.000000 -0.292902 0.646966 2.939996 1.000000 -0.175331 0.831973 2.908024 1.000000 -0.128665 0.892478 2.905012 1.000000 0.251169 0.494384 3.011992 1.000000 0.417492 0.684112 2.979511 1.000000 0.266993 0.837692 2.919795 1.000000 0.212941 0.891505 2.925279 1.000000 -0.047261 0.088753 2.956656 1.000000 -0.082431 -0.486396 3.092330 1.000000 -0.136893 -0.865812 3.097104 1.000000 -0.170926 -0.944709 3.047582 1.000000 0.119857 0.079542 2.968889 1.000000 0.111368 -0.489303 3.098873 1.000000 0.126636 -0.874045 3.095993 1.000000 0.141930 -0.953108 3.055991 1.000000
31279359948 0.042346 0.168339 2.969637 1.000000 0.044189 0.226868 2.997419 1.000000 0.061014 0.532422 2.988804 1.000000 0.056501 0.690318 2.921682 1.000000 -0.141789 0.479064 2.990493 1.000000 -0.301730 0.637284 2.943728 1.000000 -0.205717 0.833990 2.908509 1.000000 -0.173712 0.899559 2.901150 1.000000 0.251079 0.492424 3.011189 1.000000 0.425528 0.677302 2.981711 1.000000 0.238758 0.907418 2.941065 1.000000 0.178942 0.954785 2.945924 1.000000 -0.046502 0.084459 2.955574 1.000000 -0.072792 -0.490402 3.097913 1.000000 -0.136804 -0.867463 3.095525 1.000000 -0.171785 -0.947005 3.049289 1.000000 0.121904 0.075569 2.968901 1.000000 0.108873 -0.489239 3.098663 1.000000 0.126749 -0.874929 3.094955 1.000000 0.143014 -0.954775 3.055704 1.000000
31279393241 0.043430 0.166298 2.969478 1.000000 0.045012 0.224709 2.997919 1.000000 0.060957 0.530408 2.989150 1.000000 0.055533 0.688589 2.921556 1.000000 -0.141471 0.475375 2.989965 1.000000 -0.307904 0.631820 2.947695 1.000000 -0.218078 0.831632 2.914537 1.000000 -0.185828 0.836703 2.910657 1.000000 0.251123 0.491781 3.011056 1.000000 0.436322 0.668433 2.984105 1.000000 0.299805 0.865723 2.943768 1.000000 0.228208 0.936874 2.955849 1.000000 -0.044791 0.080248 2.954536 1.000000 -0.082050 -0.486850 3.094339 1.000000 -0.137112 -0.866676 3.098414 1.000000 -0.170381 -0.947458 3.050765 1.000000 0.123203 0.074646 2.968872 1.000000 0.109711 -0.489660 3.097535 1.000000 0.126677 -0.874075 3.095305 1.000000 0.142317 -0.953504 3.052135 1.000000
31279426706 0.043550 0.160907 2.968272 1.000000 0.044747 0.220926 2.997807 1.000000 0.060231 0.530635 2.989318 1.000000 0.053243 0.689873 2.919054 1.000000 -0.141453 0.474200 2.989747 1.000000 -0.314722 0.626358 2.950823 1.000000 -0.227716 0.827791 2.922169 1.000000 -0.193257 0.896006 2.920189 1.000000 0.251047 0.491156 3.011402 1.000000 0.451257 0.628977 2.993318 1.000000 0.369014 0.831596 2.956344 1.000000 0.341600 0.899135 2.948400 1.000000 -0.044869 0.074281 2.953254 1.000000 -0.085212 -0.488852 3.094790 1.000000 -0.137107 -0.867911 3.096588 1.000000 -0.170296 -0.946414 3.042983 1.000000 0.124484 0.070403 2.967190 1.000000 0.108280 -0.491490 3.098048 1.000000 0.126502 -0.873905 3.096634 1.000000 0.142378 -0.953601 3.052283 1.000000
31279459913 0.042927 0.158987 2.967106 1.000000 0.044181 0.218908 2.997464 1.000000 0.059735 0.530267 2.989233 1.000000 0.051340 0.685466 2.919985 1.000000 -0.141610 0.473233 2.990477 1.000000 -0.325257 0.618967 2.951930 1.000000 -0.247001 0.824233 2.927738 1.000000 -0.206008 0.869516 2.922446 1.000000 0.248842 0.487592 3.010431 1.000000 0.451443 0.626821 2.993056 1.000000 0.386946 0.836849 2.969490 1.000000 0.328422 0.922024 2.965309 1.000000 -0.045242 0.072858 2.952799 1.000000 -0.087670 -0.485096 3.092004 1.000000 -0.139033 -0.877368 3.091562 1.000000 -0.168528 -0.947992 3.043380 1.000000 0.123745 0.069125 2.964833 1.000000 0.102825 -0.473216 3.091792 1.000000 0.127237 -0.858851 3.101539 1.000000 0.142243 -0.953412 3.052694 1.000000
31279493353 0.043243 0.156757 2.965853 1.000000 0.044350 0.216502 2.996844 1.000000 0.059483 0.529126 2.988466 1.000000 0.050885 0.682332 2.920501 1.000000 -0.142858 0.471095 2.990484 1.000000 -0.333570 0.608993 2.958870 1.000000 -0.278278 0.821118 2.927838 1.000000 -0.262252 0.895855 2.928873 1.000000 0.248514 0.486983 3.011224 1.000000 0.454099 0.620206 2.995716 1.000000 0.436058 0.838244 2.960034 1.000000 0.386521 0.929032 2.959801 1.000000 -0.045168 0.070250 2.950683 1.000000 -0.089051 -0.486877 3.092437 1.000000 -0.139277 -0.876306 3.093742 1.000000 -0.169251 -0.950339 3.036421 1.000000 0.124524 0.066513 2.964012 1.000000 0.107084 -0.480473 3.093529 1.000000 0.126439 -0.863852 3.099574 1.000000 0.142328 -0.953599 3.052548 1.000000
31279526758 0.042944 0.155027 2.964452 1.000000 0.043929 0.214625 2.996052 1.000000 0.058829 0.527864 2.987374 1.000000 0.050272 0.672237 2.921188 1.000000 -0.142830 0.469497 2.990488 1.000000 -0.341339 0.597624 2.965327 1.000000 -0.290946 0.810901 2.933700 1.000000 -0.247803 0.892090 2.928140 1.000000 0.249226 0.486398 3.011937 1.000000 0.456562 0.617367 2.997476 1.000000 0.438105 0.835327 2.961509 1.000000 0.399729 0.931359 2.962314 1.000000 -0.045558 0.069233 2.949432 1.000000 -0.089881 -0.481212 3.091650 1.000000 -0.137764 -0.874949 3.094114 1.000000 -0.167633 -0.950103 3.043192 1.000000 0.124440 0.063244 2.962156 1.000000 0.107728 -0.481386 3.093602 1.000000 0.125406 -0.866422 3.096818 1.000000 0.142296 -0.953942 3.052382 1.000000
31279560056 0.043480 0.154089 2.963492 1.000000 0.044140 0.213792 2.995669 1.000000 0.058570 0.527860 2.986463 1.000000 0.050578 0.679593 2.921138 1.000000 -0.143537 0.468163 2.990150 1.000000 -0.346565 0.580860 2.972147 1.000000 -0.371549 0.795212 2.916687 1.000000 -0.398168 0.861757 2.890069 1.000000 0.251241 0.486726 3.013786 1.000000 0.459533 0.608015 3.000327 1.000000 0.457219 0.827062 2.967828 1.000000 0.434133 0.927608 2.975386 1.000000 -0.044427 0.067192 2.948200 1.000000 -0.090928 -0.483530 3.093182 1.000000 -0.137320 -0.873977 3.094642 1.000000 -0.167862 -0.950403 3.045004 1.000000 0.125025 0.062006 2.961142 1.000000 0.106895 -0.483681 3.095109 1.000000 0.127141 -0.860848 3.105029 1.000000 0.141459 -0.951836 3.053788 1.000000
31279593324 0.043618 0.152713 2.961564 1.000000 0.043951 0.212542 2.994572 1.000000 0.057524 0.527855 2.985497 1.000000 0.050258 0.682847 2.919532 1.000000 -0.143399 0.463902 2.989684 1.000000 -0.351062 0.566456 2.973433 1.000000 -0.370864 0.782700 2.925640 1.000000 -0.374083 0.859070 2.927034 1.000000 0.251632 0.485952 3.014757 1.000000 0.465532 0.591172 3.003586 1.000000 0.474330 0.809706 2.967648 1.000000 0.462561 0.912288 2.973731 1.000000 -0.044269 0.066038 2.947074 1.000000 -0.091266 -0.484180 3.094267 1.000000 -0.136061 -0.857709 3.097428 1.000000 -0.169095 -0.947628 3.043961 1.000000 0.125811 0.060531 2.957809 1.000000 0.108369 -0.483199 3.094917 1.000000 0.126696 -0.857782 3.105598 1.000000 0.140140 -0.949558 3.052562 1.000000
31279626812 0.044334 0.151058 2.960189 1.000000 0.044613 0.210972 2.993623 1.000000 0.057704 0.527312 2.983904 1.000000 0.049832 0.685158 2.917768 1.000000 -0.144172 0.459162 2.990552 1.000000 -0.359432 0.557575 2.976913 1.000000 -0.385450 0.774432 2.938392 1.000000 -0.383700 0.850562 2.931618 1.000000 0.252136 0.484951 3.015604 1.000000 0.473662 0.583368 3.007497 1.000000 0.498047 0.836914 2.967202 1.000000 0.485222 0.939541 2.965868 1.000000 -0.043739 0.063631 2.945760 1.000000 -0.067211 -0.500457 3.104828 1.000000 -0.136563 -0.860896 3.095888 1.000000 -0.169856 -0.950092 3.046226 1.000000 0.126754 0.059162 2.956675 1.000000 0.109938 -0.487922 3.096524 1.000000 0.126835 -0.859712 3.102278 1.000000 0.140427 -0.949792 3.052389 1.000000
31279660064 0.044764 0.149250 2.959343 1.000000 0.044987 0.209567 2.993414 1.000000 0.057889 0.527436 2.983641 1.000000 0.049203 0.688514 2.917859 1.000000 -0.143775 0.456437 2.992003 1.000000 -0.354717 0.510800 2.995999 1.000000 -0.400822 0.722936 2.948041 1.000000 -0.401278 0.824347 2.937945 1.000000 0.251863 0.480710 3.016854 1.000000 0.481329 0.568372 3.014704 1.000000 0.534196 0.780378 2.977105 1.000000 0.534560 0.883796 2.975649 1.000000 -0.043442 0.062337 2.945081 1.000000 -0.066954 -0.499570 3.103628 1.000000 -0.136081 -0.861602 3.096105 1.000000 -0.169874 -0.946120 3.045821 1.000000 0.127124 0.057705 2.955976 1.000000 0.110730 -0.490103 3.097266 1.000000 0.126185 -0.863306 3.103681 1.000000 0.140673 -0.949860 3.052257 1.000000
31279693525 0.044319 0.147130 2.958383 1.000000 0.044491 0.207741 2.993099 1.000000 0.057735 0.527357 2.983425 1.000000 0.048866 0.688773 2.917465 1.000000 -0.143736 0.455071 2.992776 1.000000 -0.355708 0.506664 2.996539 1.000000 -0.422202 0.714571 2.957293 1.000000 -0.423243 0.817861 2.952113 1.000000 0.252339 0.476305 3.018354 1.000000 0.473145 0.518066 3.023310 1.000000 0.551264 0.741189 2.995383 1.000000 0.558190 0.844269 2.990568 1.000000 -0.044090 0.060895 2.943409 1.000000 -0.065667 -0.499919 3.102578 1.000000 -0.136428 -0.861864 3.097240 1.000000 -0.171371 -0.946352 3.044423 1.000000 0.126789 0.054305 2.955614 1.000000 0.111432 -0.491745 3.097391 1.000000 0.125748 -0.865869 3.098092 1.000000 0.141264 -0.950808 3.052608 1.000000
31279726770 0.044637 0.143465 2.957824 1.000000 0.044769 0.204769 2.993068 1.000000 0.057880 0.527249 2.983231 1.000000 0.050230 0.690816 2.918283 1.000000 -0.143524 0.453864 2.993371 1.000000 -0.381341 0.499670 2.996123 1.000000 -0.453882 0.724762 2.972599 1.000000 -0.468458 0.799806 2.973437 1.000000 0.251014 0.470790 3.018847 1.000000 0.474014 0.513371 3.027485 1.000000 0.567561 0.741202 2.998272 1.000000 0.597114 0.840005 3.006217 1.000000 -0.043216 0.058566 2.943289 1.000000 -0.064823 -0.499078 3.101362 1.000000 -0.135232 -0.861404 3.099553 1.000000 -0.171642 -0.945585 3.044219 1.000000 0.126262 0.050971 2.954929 1.000000 0.112255 -0.492606 3.097476 1.000000 0.125798 -0.866904 3.098011 1.000000 0.142357 -0.951975 3.053342 1.000000
31279760110 0.044461 0.139151 2.957782 1.000000 0.044402 0.201263 2.993248 1.000000 0.057296 0.526936 2.982641 1.000000 0.048809 0.694970 2.918237 1.000000 -0.143125 0.452784 2.993846 1.000000 -0.366248 0.481947 3.000043 1.000000 -0.465600 0.724688 2.973772 1.000000 -0.487317 0.825776 2.976589 1.000000 0.250508 0.465969 3.019148 1.000000 0.475700 0.503473 3.032963 1.000000 0.594683 0.735758 2.996953 1.000000 0.629340 0.832996 3.003423 1.000000 -0.042844 0.055369 2.943955 1.000000 -0.063402 -0.499517 3.102170 1.000000 -0.135455 -0.861085 3.099961 1.000000 -0.170003 -0.940864 3.038295 1.000000 0.126083 0.046656 2.954751 1.000000 0.113163 -0.497975 3.098278 1.000000 0.126036 -0.868368 3.099520 1.000000 0.142493 -0.952108 3.053297 1.000000
31279793479 0.045851 0.131251 2.958421 1.000000 0.045451 0.194993 2.994071 1.000000 0.057314 0.526754 2.982647 1.000000 0.049458 0.694778 2.918460 1.000000 -0.137245 0.444435 2.993224 1.000000 -0.364076 0.469276 3.004009 1.000000 -0.500742 0.715356 2.981582 1.000000 -0.527546 0.784084 3.001603 1.000000 0.249997 0.460951 3.018739 1.000000 0.482541 0.491097 3.037274 1.000000 0.615168 0.704733 3.005077 1.000000 0.658224 0.798598 3.010594 1.000000 -0.040431 0.048456 2.944340 1.000000 -0.080722 -0.493012 3.097131 1.000000 -0.135013 -0.862235 3.098264 1.000000 -0.170340 -0.940785 3.038184 1.000000 0.126806 0.041624 2.955934 1.000000 0.113706 -0.496460 3.097474 1.000000 0.127223 -0.854422 3.106010 1.000000 0.142025 -0.950958 3.053190 1.000000
31279826881 0.045912 0.128775 2.958802 1.000000 0.045458 0.192411 2.994563 1.000000 0.056871 0.525603 2.982347 1.000000 0.050079 0.694873 2.918065 1.000000 -0.136375 0.442429 2.993901 1.000000 -0.352368 0.433135 3.007544 1.000000 -0.519021 0.678934 2.979879 1.000000 -0.537997 0.751852 2.967166 1.000000 0.249997 0.458930 3.018958 1.000000 0.492986 0.484151 3.041130 1.000000 0.660689 0.709751 3.009967 1.000000 0.702864 0.788636 3.006451 1.000000 -0.039933 0.046071 2.945142 1.000000 -0.083098 -0.493209 3.097745 1.000000 -0.135378 -0.863709 3.097398 1.000000 -0.170763 -0.944723 3.043409 1.000000 0.126818 0.039005 2.956365 1.000000 0.113641 -0.498599 3.098421 1.000000 0.125206 -0.863904 3.103075 1.000000 0.142042 -0.950977 3.052788 1.000000
31279860133 0.045781 0.126759 2.958762 1.000000 0.045319 0.190103 2.994758 1.000000 0.056476 0.523573 2.982422 1.000000 0.050609 0.692193 2.916348 1.000000 -0.134953 0.440901 2.994416 1.000000 -0.353846 0.428865 3.008693 1.000000 -0.550322 0.647253 2.978930 1.000000 -0.558887 0.722724 2.970787 1.000000 0.249998 0.457130 3.019123 1.000000 0.503713 0.474194 3.046448 1.000000 0.678543 0.688736 3.014502 1.000000 0.726023 0.748523 3.011906 1.000000 -0.039723 0.044737 2.945378 1.000000 -0.076924 -0.494761 3.097817 1.000000 -0.135221 -0.854780 3.099123 1.000000 -0.171506 -0.943721 3.040176 1.000000 0.126455 0.037018 2.956018 1.000000 0.113489 -0.500075 3.099037 1.000000 0.125079 -0.866047 3.101843 1.000000 0.142412 -0.951587 3.053634 1.000000
31279893513 0.045841 0.124921 2.959213 1.000000 0.045459 0.188377 2.995296 1.000000 0.056227 0.522816 2.982460 1.000000 0.051960 0.692460 2.915212 1.000000 -0.133533 0.439414 2.996255 1.000000 -0.349893 0.405400 3.012062 1.000000 -0.549395 0.624835 2.978217 1.000000 -0.590507 0.689157 2.981009 1.000000 0.249698 0.454650 3.019281 1.000000 0.508826 0.454499 3.047892 1.000000 0.723145 0.657715 3.012127 1.000000 0.763530 0.722332 3.017512 1.000000 -0.039237 0.043313 2.945968 1.000000 -0.068143 -0.506607 3.102223 1.000000 -0.135622 -0.864572 3.101935 1.000000 -0.171770 -0.948614 3.048060 1.000000 0.126306 0.035394 2.956526 1.000000 0.113739 -0.500266 3.098951 1.000000 0.125754 -0.869336 3.098778 1.000000 0.142264 -0.952207 3.053519 1.000000
31279926867 0.045759 0.123289 2.959852 1.000000 0.045391 0.187137 2.995926 1.000000 0.056096 0.522763 2.982601 1.000000 0.052656 0.692816 2.915213 1.000000 -0.132668 0.438406 2.996956 1.000000 -0.357427 0.396706 3.015671 1.000000 -0.541016 0.528809 2.992597 1.000000 -0.596365 0.614702 2.977140 1.000000 0.248661 0.452591 3.019398 1.000000 0.502678 0.420929 3.055099 1.000000 0.721098 0.619719 3.008054 1.000000 0.781484 0.666253 3.012833 1.000000 -0.039015 0.042163 2.946379 1.000000 -0.066898 -0.506329 3.102479 1.000000 -0.135273 -0.866112 3.100111 1.000000 -0.171967 -0.946217 3.043079 1.000000 0.126073 0.034131 2.957532 1.000000 0.113950 -0.500142 3.098881 1.000000 0.125705 -0.869793 3.098658 1.000000 0.141993 -0.952702 3.053194 1.000000
31279960399 0.046179 0.119936 2.960069 1.000000 0.045661 0.184971 2.996059 1.000000 0.055886 0.523097 2.982432 1.000000 0.053219 0.695679 2.914741 1.000000 -0.130483 0.435718 2.997323 1.000000 -0.365022 0.379043 3.021770 1.000000 -0.551447 0.495104 3.001205 1.000000 -0.609896 0.578588 2.984053 1.000000 0.247378 0.446625 3.018865 1.000000 0.503735 0.402122 3.057178 1.000000 0.716797 0.533691 3.023848 1.000000 0.785156 0.599121 3.014082 1.000000 -0.037890 0.039367 2.946595 1.000000 -0.066881 -0.506467 3.102556 1.000000 -0.135761 -0.866122 3.099840 1.000000 -0.170381 -0.945919 3.044703 1.000000 0.126188 0.031869 2.958251 1.000000 0.114109 -0.499813 3.098802 1.000000 0.125731 -0.869838 3.098688 1.000000 0.142628 -0.953147 3.051625 1.000000
31279993536 0.046114 0.117324 2.960295 1.000000 0.045665 0.182537 2.996195 1.000000 0.056178 0.522596 2.982251 1.000000 0.055581 0.694549 2.915785 1.000000 -0.128343 0.431856 2.998217 1.000000 -0.337111 0.342377 3.036756 1.000000 -0.560723 0.471004 2.996265 1.000000 -0.627998 0.505614 2.985751 1.000000 0.247015 0.445208 3.020798 1.000000 0.478426 0.364943 3.065900 1.000000 0.736571 0.509716 3.025045 1.000000 0.803688 0.545623 3.031386 1.000000 -0.037627 0.037456 2.946952 1.000000 -0.067694 -0.502646 3.101810 1.000000 -0.136006 -0.864151 3.097260 1.000000 -0.169554 -0.946657 3.046247 1.000000 0.125525 0.029494 2.958735 1.000000 0.114641 -0.503366 3.100800 1.000000 0.126054 -0.869647 3.098588 1.000000 0.142481 -0.953423 3.050649 1.000000
31280026932 0.045991 0.114894 2.960566 1.000000 0.045741 0.180217 2.996339 1.000000 0.056574 0.521663 2.982039 1.000000 0.056995 0.696738 2.916106 1.000000 -0.127454 0.429755 2.999111 1.000000 -0.332670 0.333520 3.035993 1.000000 -0.547343 0.376319 3.004009 1.000000 -0.610188 0.418330 2.993080 1.000000 0.245916 0.442724 3.021030 1.000000 0.477273 0.361214 3.064904 1.000000 0.690175 0.408876 3.025831 1.000000 0.779472 0.459002 3.011966 1.000000 -0.037592 0.035864 2.947480 1.000000 -0.063063 -0.503794 3.102433 1.000000 -0.136156 -0.861321 3.098823 1.000000 -0.169380 -0.943901 3.046834 1.000000 0.125022 0.027282 2.959045 1.000000 0.114722 -0.504206 3.101979 1.000000 0.126090 -0.869745 3.098387 1.000000 0.142736 -0.953488 3.051026 1.000000
31280060354 0.046364 0.110037 2.961081 1.000000 0.046311 0.176555 2.996351 1.000000 0.057189 0.521361 2.981308 1.000000 0.057480 0.697058 2.916121 1.000000 -0.127114 0.426233 3.000519 1.000000 -0.335472 0.316303 3.037744 1.000000 -0.550014 0.360079 3.006589 1.000000 -0.623822 0.376221 2.995456 1.000000 0.243074 0.436876 3.021303 1.000000 0.474725 0.342447 3.066967 1.000000 0.708008 0.392822 3.016038 1.000000 0.780739 0.415689 3.011630 1.000000 -0.037114 0.031150 2.949115 1.000000 -0.063380 -0.505091 3.102342 1.000000 -0.136789 -0.866699 3.095595 1.000000 -0.171725 -0.945293 3.038725 1.000000 0.125043 0.023752 2.959552 1.000000 0.114624 -0.504976 3.102216 1.000000 0.126619 -0.870481 3.099163 1.000000 0.142419 -0.953444 3.051698 1.000000
31280093655 0.045902 0.108689 2.960992 1.000000 0.046034 0.175357 2.996008 1.000000 0.057399 0.521111 2.980832 1.000000 0.057568 0.697273 2.916276 1.000000 -0.127488 0.424929 3.001160 1.000000 -0.330468 0.294923 3.045218 1.000000 -0.548165 0.317852 3.013482 1.000000 -0.623070 0.328442 3.003142 1.000000 0.242089 0.433698 3.021430 1.000000 0.424316 0.307617 3.060435 1.000000 0.711303 0.357403 3.016039 1.000000 0.781145 0.360913 2.985386 1.000000 -0.037648 0.030185 2.949148 1.000000 -0.062799 -0.504955 3.102065 1.000000 -0.136751 -0.866462 3.095597 1.000000 -0.171899 -0.944670 3.038526 1.000000 0.124369 0.021686 2.959659 1.000000 0.114599 -0.505692 3.101640 1.000000 0.127106 -0.870804 3.099698 1.000000 0.142424 -0.954051 3.052341 1.000000
31280143617 0.045383 0.106701 2.961397 1.000000 0.045559 0.173623 2.996228 1.000000 0.057644 0.520837 2.981005 1.000000 0.057448 0.698290 2.916707 1.000000 -0.126012 0.421708 3.000934 1.000000 -0.326652 0.282577 3.047006 1.000000 -0.544624 0.262316 3.015306 1.000000 -0.618828 0.276662 3.004575 1.000000 0.242084 0.431492 3.022857 1.000000 0.471680 0.284912 3.070202 1.000000 0.688273 0.294184 3.021451 1.000000 0.757035 0.307034 2.990891 1.000000 -0.038091 0.028505 2.949612 1.000000 -0.083266 -0.498113 3.098053 1.000000 -0.136892 -0.866507 3.095719 1.000000 -0.171143 -0.945012 3.039546 1.000000 0.123552 0.020009 2.960020 1.000000 0.114730 -0.505387 3.101661 1.000000 0.127000 -0.870792 3.099576 1.000000 0.142454 -0.954053 3.052447 1.000000
31280193681 0.045046 0.103966 2.961888 1.000000 0.045374 0.171413 2.996689 1.000000 0.058396 0.520714 2.981859 1.000000 0.058490 0.699816 2.919293 1.000000 -0.125496 0.415892 3.000050 1.000000 -0.311035 0.234131 3.044813 1.000000 -0.524161 0.184412 3.012264 1.000000 -0.598596 0.197357 3.001476 1.000000 0.242597 0.427525 3.023111 1.000000 0.437012 0.246948 3.066298 1.000000 0.648179 0.186290 3.053151 1.000000 0.721235 0.208206 3.050494 1.000000 -0.038808 0.026093 2.950385 1.000000 -0.063907 -0.502480 3.104296 1.000000 -0.136402 -0.867154 3.094776 1.000000 -0.171548 -0.944995 3.039673 1.000000 0.123113 0.016632 2.959972 1.000000 0.115702 -0.509032 3.104062 1.000000 0.126916 -0.872003 3.095623 1.000000 0.143451 -0.954938 3.052478 1.000000
31280227173 0.044586 0.101463 2.962388 1.000000 0.045214 0.169526 2.996944 1.000000 0.059278 0.520751 2.981978 1.000000 0.058186 0.700088 2.920042 1.000000 -0.124988 0.414447 2.999753 1.000000 -0.304392 0.228058 3.045646 1.000000 -0.490440 0.113732 3.008178 1.000000 -0.564874 0.126677 2.997390 1.000000 0.241647 0.423896 3.022752 1.000000 0.433057 0.233569 3.070518 1.000000 0.636854 0.153569 3.038853 1.000000 0.706615 0.138271 3.011951 1.000000 -0.039331 0.024473 2.950825 1.000000 -0.079321 -0.502730 3.102949 1.000000 -0.136377 -0.879842 3.092213 1.000000 -0.171409 -0.949612 3.036089 1.000000 0.122220 0.014146 2.960770 1.000000 0.115050 -0.508559 3.104286 1.000000 0.126960 -0.871937 3.096840 1.000000 0.143413 -0.953905 3.052501 1.000000
31280260338 0.044398 0.097862 2.963600 1.000000 0.045289 0.166533 2.997806 1.000000 0.059702 0.520459 2.982276 1.000000 0.059030 0.699278 2.923994 1.000000 -0.124441 0.413682 3.000436 1.000000 -0.257146 0.222176 3.050568 1.000000 -0.458008 0.124634 3.014091 1.000000 -0.556672 0.101136 2.994745 1.000000 0.240765 0.421136 3.022044 1.000000 0.385010 0.213623 3.078020 1.000000 0.575980 0.115121 3.019015 1.000000 0.668535 0.083966 2.985491 1.000000 -0.039607 0.020575 2.952127 1.000000 -0.084478 -0.507380 3.104013 1.000000 -0.137030 -0.879923 3.091234 1.000000 -0.171840 -0.949872 3.035464 1.000000 0.121906 0.011898 2.962088 1.000000 0.115106 -0.508472 3.104365 1.000000 0.127585 -0.871097 3.098003 1.000000 0.143408 -0.953872 3.052506 1.000000
31280293025 0.044242 0.096964 2.963704 1.000000 0.045507 0.165221 2.998199 1.000000 0.059937 0.519087 2.984692 1.000000 0.060891 0.680982 2.932071 1.000000 -0.123473 0.412198 3.001623 1.000000 -0.251731 0.201947 3.050640 1.000000 -0.431641 0.069824 3.010185 1.000000 -0.503099 0.045780 2.998439 1.000000 0.239864 0.411661 3.018408 1.000000 0.389379 0.183700 3.079541 1.000000 0.594238 0.051331 3.002373 1.000000 0.649184 0.010065 2.969198 1.000000 -0.039691 0.020363 2.952121 1.000000 -0.095154 -0.451172 3.086254 1.000000 -0.137573 -0.868863 3.090531 1.000000 -0.171053 -0.950373 3.042834 1.000000 0.121727 0.010740 2.961927 1.000000 0.106506 -0.467773 3.076488 1.000000 0.127179 -0.869997 3.098941 1.000000 0.142488 -0.954133 3.054649 1.000000
31280343698 0.044194 0.095545 2.964545 1.000000 0.045541 0.163316 2.999956 1.000000 0.061049 0.518119 2.989778 1.000000 0.061748 0.676736 2.934820 1.000000 -0.121443 0.410889 3.002670 1.000000 -0.242651 0.163050 3.048929 1.000000 -0.409133 0.023715 3.001741 1.000000 -0.474609 -0.021057 2.992608 1.000000 0.240365 0.407438 3.018831 1.000000 0.374830 0.172266 3.078618 1.000000 0.540527 0.009956 3.010186 1.000000 0.595110 -0.033606 2.979484 1.000000 -0.039703 0.019876 2.952391 1.000000 -0.094420 -0.456369 3.088939 1.000000 -0.137014 -0.868164 3.089404 1.000000 -0.168762 -0.949218 3.042397 1.000000 0.121520 0.009421 2.962471 1.000000 0.097186 -0.494198 3.097794 1.000000 0.127226 -0.870098 3.099357 1.000000 0.142657 -0.954573 3.054841 1.000000
31280377042 0.044373 0.097080 2.964195 1.000000 0.045753 0.163921 3.000317 1.000000 0.060999 0.517561 2.990087 1.000000 0.060371 0.671353 2.934155 1.000000 -0.120072 0.409637 3.004323 1.000000 -0.237172 0.156125 3.047185 1.000000 -0.382324 -0.014534 2.998467 1.000000 -0.456747 -0.085812 2.992645 1.000000 0.239124 0.403899 3.018575 1.000000 0.356631 0.157069 3.074134 1.000000 0.485699 -0.018503 3.032441 1.000000 0.536076 -0.070324 3.008016 1.000000 -0.039574 0.022179 2.951193 1.000000 -0.103282 -0.418679 3.069738 1.000000 -0.137061 -0.845488 3.101482 1.000000 -0.162644 -0.932015 3.045055 1.000000 0.121996 0.012003 2.962228 1.000000 0.110057 -0.496769 3.109481 1.000000 0.128272 -0.870886 3.094404 1.000000 0.132023 -0.914637 3.004760 1.000000
31280418975 0.044429 0.093705 2.966096 1.000000 0.045961 0.161577 3.002346 1.000000 0.061282 0.517629 2.990935 1.000000 0.061552 0.675466 2.934922 1.000000 -0.118869 0.409187 3.004972 1.000000 -0.231741 0.155161 3.040514 1.000000 -0.335529 -0.034634 2.988428 1.000000 -0.388692 -0.118956 2.961661 1.000000 0.237641 0.403883 3.018114 1.000000 0.340569 0.138999 3.061094 1.000000 0.451173 -0.050359 3.033102 1.000000 0.496748 -0.136611 2.999389 1.000000 -0.038614 0.017957 2.954343 1.000000 -0.091431 -0.497559 3.099931 1.000000 -0.133676 -0.853375 3.099491 1.000000 -0.163420 -0.932099 3.044480 1.000000 0.121541 0.011113 2.963086 1.000000 0.108955 -0.497175 3.108884 1.000000 0.128777 -0.841520 3.106238 1.000000 0.140618 -0.946402 3.061072 1.000000
31280461881 0.044273 0.090446 2.967926 1.000000 0.046076 0.159256 3.004164 1.000000 0.061841 0.517825 2.991700 1.000000 0.064725 0.683007 2.937715 1.000000 -0.117426 0.409898 3.005970 1.000000 -0.220800 0.146413 3.024098 1.000000 -0.303308 -0.055333 2.982443 1.000000 -0.344167 -0.142773 2.945868 1.000000 0.236931 0.403933 3.018092 1.000000 0.326257 0.135841 3.051458 1.000000 0.417969 -0.086975 3.016048 1.000000 0.449164 -0.182973 2.994503 1.000000 -0.038251 0.015486 2.956204 1.000000 -0.065390 -0.516678 3.107901 1.000000 -0.133672 -0.862767 3.100349 1.000000 -0.163762 -0.939104 3.051627 1.000000 0.120442 0.008602 2.965102 1.000000 0.114959 -0.507117 3.106428 1.000000 0.127633 -0.867791 3.090232 1.000000 0.130881 -0.911687 3.000632 1.000000
31280493767 0.044062 0.088698 2.968528 1.000000 0.046082 0.157378 3.005405 1.000000 0.062319 0.517111 2.994082 1.000000 0.065730 0.683165 2.939204 1.000000 -0.116999 0.410000 3.006807 1.000000 -0.211573 0.146122 3.021188 1.000000 -0.289978 -0.057219 2.979082 1.000000 -0.297607 -0.115173 2.959409 1.000000 0.235125 0.403664 3.017275 1.000000 0.317511 0.125875 3.040743 1.000000 0.395852 -0.101750 3.023301 1.000000 0.411940 -0.202540 3.007895 1.000000 -0.038173 0.014389 2.956564 1.000000 -0.084884 -0.497018 3.100390 1.000000 -0.135338 -0.856960 3.101426 1.000000 -0.165353 -0.937122 3.046800 1.000000 0.119791 0.007288 2.965578 1.000000 0.114538 -0.505811 3.104635 1.000000 0.126779 -0.867536 3.099096 1.000000 0.141065 -0.954180 3.056832 1.000000
31280536311 0.043883 0.088362 2.968842 1.000000 0.046030 0.156751 3.006330 1.000000 0.062852 0.516253 2.995677 1.000000 0.066657 0.673922 2.949843 1.000000 -0.115995 0.409704 3.007673 1.000000 -0.206426 0.140335 3.018080 1.000000 -0.259764 -0.068874 2.963313 1.000000 -0.277696 -0.164460 2.928648 1.000000 0.234678 0.403275 3.017132 1.000000 0.311261 0.126178 3.038681 1.000000 0.382068 -0.107413 3.023608 1.000000 0.389125 -0.204861 3.001176 1.000000 -0.038199 0.014393 2.956599 1.000000 -0.086412 -0.495617 3.099896 1.000000 -0.137239 -0.861912 3.095092 1.000000 -0.166081 -0.938765 3.049181 1.000000 0.119121 0.006588 2.966254 1.000000 0.113450 -0.503172 3.102300 1.000000 0.127076 -0.867560 3.100483 1.000000 0.141372 -0.952160 3.051420 1.000000
31280569305 0.043791 0.088179 2.968970 1.000000 0.046012 0.156274 3.007024 1.000000 0.062983 0.514935 2.996500 1.000000 0.065879 0.671891 2.949352 1.000000 -0.114621 0.410387 3.009476 1.000000 -0.194777 0.134053 3.008869 1.000000 -0.246243 -0.074516 2.948749 1.000000 -0.260831 -0.172588 2.919822 1.000000 0.233633 0.402964 3.017898 1.000000 0.299168 0.129256 3.034836 1.000000 0.318155 -0.089814 3.019954 1.000000 0.338671 -0.189081 3.000127 1.000000 -0.038193 0.014245 2.956737 1.000000 -0.091248 -0.464171 3.090383 1.000000 -0.137485 -0.861030 3.094897 1.000000 -0.166358 -0.938309 3.048647 1.000000 0.118856 0.006686 2.966331 1.000000 0.112694 -0.500491 3.101250 1.000000 0.127287 -0.867739 3.100231 1.000000 0.140575 -0.952701 3.052236 1.000000
31280602659 0.043950 0.087306 2.969825 1.000000 0.046299 0.155619 3.008297 1.000000 0.063750 0.515834 2.997527 1.000000 0.071610 0.686421 2.951611 1.000000 -0.113305 0.410648 3.010280 1.000000 -0.191688 0.132322 3.005445 1.000000 -0.225902 -0.078560 2.940101 1.000000 -0.227517 -0.170178 2.892448 1.000000 0.233535 0.403119 3.018034 1.000000 0.294196 0.129262 3.034292 1.000000 0.309466 -0.090063 3.015716 1.000000 0.315215 -0.191213 2.995640 1.000000 -0.037559 0.013519 2.958209 1.000000 -0.091826 -0.498829 3.103672 1.000000 -0.136815 -0.863030 3.095456 1.000000 -0.170386 -0.940314 3.045430 1.000000 0.118598 0.006249 2.966751 1.000000 0.113442 -0.501743 3.101364 1.000000 0.127177 -0.868387 3.099611 1.000000 0.140968 -0.952512 3.052276 1.000000
31280635508 0.043645 0.086290 2.971409 1.000000 0.046044 0.154820 3.010037 1.000000 0.063748 0.515814 2.997985 1.000000 0.071255 0.689132 2.950103 1.000000 -0.112415 0.410648 3.010525 1.000000 -0.183981 0.127691 2.992453 1.000000 -0.201467 -0.084195 2.922953 1.000000 -0.208499 -0.179186 2.883024 1.000000 0.233702 0.403593 3.018475 1.000000 0.287933 0.124218 3.031383 1.000000 0.299826 -0.095367 3.014021 1.000000 0.284708 -0.193584 2.985882 1.000000 -0.037576 0.012389 2.960050 1.000000 -0.095827 -0.517814 3.108737 1.000000 -0.137363 -0.869763 3.095515 1.000000 -0.167709 -0.950612 3.035661 1.000000 0.117841 0.005543 2.968534 1.000000 0.106659 -0.507708 3.103276 1.000000 0.127455 -0.869000 3.099835 1.000000 0.141667 -0.952649 3.052565 1.000000
31280668240 0.044769 0.085730 2.973641 1.000000 0.046725 0.154301 3.012366 1.000000 0.063733 0.515537 2.999365 1.000000 0.071216 0.688940 2.950376 1.000000 -0.111767 0.410647 3.011302 1.000000 -0.180581 0.128400 2.988553 1.000000 -0.191652 -0.083085 2.915907 1.000000 -0.187804 -0.179857 2.880036 1.000000 0.235283 0.405284 3.021585 1.000000 0.280551 0.123408 3.027270 1.000000 0.286846 -0.096286 3.005046 1.000000 0.271947 -0.196112 2.983152 1.000000 -0.035975 0.011225 2.962281 1.000000 -0.095218 -0.514906 3.106305 1.000000 -0.137523 -0.869983 3.095372 1.000000 -0.168373 -0.949857 3.033327 1.000000 0.119047 0.005172 2.971216 1.000000 0.112168 -0.504363 3.104915 1.000000 0.127320 -0.857787 3.107881 1.000000 0.140968 -0.950942 3.052204 1.000000
31280701287 0.046431 0.085326 2.975661 1.000000 0.048017 0.153929 3.014171 1.000000 0.064071 0.515107 3.000000 1.000000 0.070964 0.690494 2.951558 1.000000 -0.111177 0.410732 3.011620 1.000000 -0.174112 0.133606 2.978353 1.000000 -0.180733 -0.078865 2.908552 1.000000 -0.175246 -0.176819 2.876291 1.000000 0.235569 0.405747 3.022982 1.000000 0.275993 0.126262 3.025283 1.000000 0.280778 -0.093398 3.001049 1.000000 0.265621 -0.193783 2.982096 1.000000 -0.033430 0.010597 2.964805 1.000000 -0.073357 -0.515707 3.108572 1.000000 -0.138281 -0.847030 3.109961 1.000000 -0.164178 -0.935315 3.041275 1.000000 0.120472 0.005066 2.973337 1.000000 0.111380 -0.510014 3.108063 1.000000 0.129830 -0.865175 3.108439 1.000000 0.142890 -0.953468 3.055229 1.000000
31280734394 0.047045 0.085491 2.976383 1.000000 0.048280 0.153990 3.014815 1.000000 0.064059 0.514738 3.000466 1.000000 0.070734 0.690651 2.951925 1.000000 -0.111018 0.410654 3.012036 1.000000 -0.168842 0.135082 2.971983 1.000000 -0.173323 -0.077404 2.901969 1.000000 -0.165018 -0.176033 2.872489 1.000000 0.236577 0.407025 3.025613 1.000000 0.271831 0.135116 3.024430 1.000000 0.273709 -0.085888 2.997509 1.000000 0.254394 -0.184821 2.975040 1.000000 -0.032812 0.010422 2.965682 1.000000 -0.082190 -0.510081 3.108208 1.000000 -0.138222 -0.847137 3.108519 1.000000 -0.164619 -0.935562 3.040185 1.000000 0.121298 0.005346 2.973945 1.000000 0.113428 -0.509763 3.107604 1.000000 0.130072 -0.866101 3.105027 1.000000 0.141717 -0.954096 3.054433 1.000000
31280768307 0.047755 0.085435 2.977169 1.000000 0.048836 0.153656 3.015639 1.000000 0.063752 0.512843 3.001694 1.000000 0.064755 0.677414 2.960105 1.000000 -0.110964 0.410631 3.012131 1.000000 -0.167508 0.135237 2.970553 1.000000 -0.169451 -0.076826 2.898786 1.000000 -0.156073 -0.175051 2.869835 1.000000 0.235998 0.406011 3.025634 1.000000 0.271146 0.135469 3.024296 1.000000 0.268388 -0.084576 2.993982 1.000000 0.246798 -0.181526 2.965702 1.000000 -0.032039 0.009555 2.966588 1.000000 -0.085134 -0.502125 3.105555 1.000000 -0.133238 -0.831694 3.107290 1.000000 -0.160599 -0.925588 3.047068 1.000000 0.122709 0.006482 2.974941 1.000000 0.100079 -0.488364 3.102113 1.000000 0.130787 -0.851920 3.111803 1.000000 0.140540 -0.950791 3.054177 1.000000
31280801263 0.048176 0.085268 2.977581 1.000000 0.049045 0.153043 3.016428 1.000000 0.062708 0.509951 3.004037 1.000000 0.062710 0.672097 2.958116 1.000000 -0.110820 0.410568 3.011787 1.000000 -0.166156 0.134962 2.969882 1.000000 -0.163585 -0.074992 2.890939 1.000000 -0.145417 -0.173202 2.864679 1.000000 0.234835 0.406050 3.026292 1.000000 0.269774 0.141011 3.024639 1.000000 0.263434 -0.082189 2.988424 1.000000 0.242722 -0.179746 2.961622 1.000000 -0.031512 0.009561 2.966474 1.000000 -0.095409 -0.435269 3.070186 1.000000 -0.130858 -0.861842 3.101677 1.000000 -0.163979 -0.939000 3.041873 1.000000 0.123344 0.006419 2.975814 1.000000 0.103583 -0.483866 3.101385 1.000000 0.129527 -0.857647 3.108762 1.000000 0.140791 -0.952553 3.053756 1.000000
31280834346 0.048599 0.085108 2.978501 1.000000 0.048985 0.152853 3.017446 1.000000 0.062367 0.509771 3.004489 1.000000 0.063102 0.680337 2.958186 1.000000 -0.110738 0.410636 3.011701 1.000000 -0.164347 0.135506 2.968817 1.000000 -0.160823 -0.073958 2.888330 1.000000 -0.141314 -0.171866 2.861916 1.000000 0.234151 0.407547 3.029170 1.000000 0.269575 0.141192 3.025532 1.000000 0.263340 -0.076986 2.984438 1.000000 0.243564 -0.175398 2.960187 1.000000 -0.030970 0.009271 2.966927 1.000000 -0.092773 -0.509766 3.105824 1.000000 -0.132825 -0.859622 3.099296 1.000000 -0.161480 -0.944653 3.051816 1.000000 0.123883 0.006574 2.977362 1.000000 0.114484 -0.498370 3.104075 1.000000 0.129115 -0.860106 3.108882 1.000000 0.140349 -0.950698 3.046539 1.000000
31280868324 0.048739 0.085045 2.978925 1.000000 0.048947 0.152840 3.017933 1.000000 0.062121 0.510089 3.004651 1.000000 0.063649 0.684237 2.957387 1.000000 -0.110706 0.410637 3.011646 1.000000 -0.163080 0.135279 2.967711 1.000000 -0.158391 -0.073849 2.886219 1.000000 -0.139257 -0.172188 2.861180 1.000000 0.233901 0.407735 3.030028 1.000000 0.269062 0.142534 3.027098 1.000000 0.263786 -0.075294 2.983132 1.000000 0.242731 -0.172534 2.955476 1.000000 -0.030786 0.009148 2.967034 1.000000 -0.093416 -0.511546 3.106618 1.000000 -0.135817 -0.876870 3.092241 1.000000 -0.163938 -0.951547 3.038143 1.000000 0.124045 0.006633 2.978361 1.000000 0.110627 -0.500450 3.104597 1.000000 0.129470 -0.863070 3.106243 1.000000 0.140281 -0.951359 3.047462 1.000000
31280901526 0.048754 0.084888 2.979451 1.000000 0.048755 0.152579 3.018771 1.000000 0.061529 0.510116 3.005879 1.000000 0.063932 0.685115 2.957514 1.000000 -0.110733 0.410643 3.011659 1.000000 -0.162741 0.135070 2.967420 1.000000 -0.158030 -0.074098 2.886013 1.000000 -0.138329 -0.172313 2.860933 1.000000 0.233633 0.407959 3.031187 1.000000 0.268726 0.143564 3.028652 1.000000 0.263860 -0.073844 2.981706 1.000000 0.241911 -0.170245 2.951901 1.000000 -0.030699 0.008960 2.967307 1.000000 -0.093936 -0.512039 3.106761 1.000000 -0.135830 -0.880411 3.092624 1.000000 -0.165131 -0.954017 3.037414 1.000000 0.124043 0.006541 2.978731 1.000000 0.109584 -0.500357 3.106473 1.000000 0.128034 -0.867144 3.100842 1.000000 0.140085 -0.951751 3.047805 1.000000
31280935124 0.048815 0.084729 2.979978 1.000000 0.048333 0.152337 3.019482 1.000000 0.060698 0.509697 3.006519 1.000000 0.064010 0.684990 2.957822 1.000000 -0.110713 0.410510 3.011390 1.000000 -0.162560 0.134840 2.967367 1.000000 -0.157059 -0.074150 2.885434 1.000000 -0.137786 -0.172603 2.860975 1.000000 0.233543 0.408888 3.034271 1.000000 0.268579 0.144355 3.029697 1.000000 0.263855 -0.072844 2.981340 1.000000 0.242108 -0.169440 2.952030 1.000000 -0.030544 0.008659 2.967593 1.000000 -0.094354 -0.512625 3.107888 1.000000 -0.136690 -0.882534 3.093281 1.000000 -0.165651 -0.954353 3.037373 1.000000 0.124186 0.006499 2.979389 1.000000 0.106844 -0.503356 3.107417 1.000000 0.128073 -0.868366 3.097257 1.000000 0.140200 -0.951825 3.047857 1.000000
31280977229 0.048992 0.084649 2.981007 1.000000 0.048204 0.152141 3.020903 1.000000 0.060003 0.509809 3.008433 1.000000 0.064533 0.686525 2.958272 1.000000 -0.110647 0.410469 3.011174 1.000000 -0.162375 0.134971 2.967460 1.000000 -0.156903 -0.074239 2.886157 1.000000 -0.137317 -0.172741 2.862158 1.000000 0.233220 0.410268 3.035698 1.000000 0.268383 0.144403 3.030309 1.000000 0.264065 -0.072514 2.980127 1.000000 0.242215 -0.168300 2.948348 1.000000 -0.030207 0.008585 2.967982 1.000000 -0.093923 -0.510750 3.106608 1.000000 -0.137766 -0.876422 3.095556 1.000000 -0.165820 -0.953330 3.048095 1.000000 0.124271 0.006484 2.980731 1.000000 0.106168 -0.503580 3.106615 1.000000 0.127659 -0.869386 3.098864 1.000000 0.140244 -0.951447 3.048838 1.000000
31281008941 0.049041 0.084399 2.981499 1.000000 0.048016 0.151813 3.021702 1.000000 0.059337 0.509587 3.009260 1.000000 0.063644 0.683335 2.961183 1.000000 -0.111099 0.410053 3.010819 1.000000 -0.162356 0.135067 2.967682 1.000000 -0.156484 -0.074521 2.887539 1.000000 -0.137340 -0.172946 2.862888 1.000000 0.233007 0.409939 3.036433 1.000000 0.268659 0.141762 3.031459 1.000000 0.263930 -0.074776 2.979092 1.000000 0.243970 -0.170764 2.946694 1.000000 -0.030123 0.007985 2.968227 1.000000 -0.094120 -0.508977 3.105195 1.000000 -0.138050 -0.875459 3.095568 1.000000 -0.163535 -0.945289 3.042213 1.000000 0.124491 0.006344 2.981345 1.000000 0.104884 -0.498968 3.105134 1.000000 0.127586 -0.869369 3.098644 1.000000 0.140414 -0.951466 3.049168 1.000000
31281041588 0.048899 0.084046 2.982297 1.000000 0.047761 0.151449 3.022613 1.000000 0.059138 0.509209 3.009550 1.000000 0.063870 0.683096 2.961111 1.000000 -0.111018 0.410040 3.010392 1.000000 -0.162432 0.136010 2.968448 1.000000 -0.157391 -0.073496 2.887938 1.000000 -0.137896 -0.172408 2.865629 1.000000 0.232569 0.409716 3.036541 1.000000 0.268427 0.140745 3.031130 1.000000 0.264674 -0.075785 2.978537 1.000000 0.244916 -0.173039 2.950031 1.000000 -0.030057 0.007897 2.968955 1.000000 -0.067712 -0.489000 3.099317 1.000000 -0.137506 -0.867493 3.097989 1.000000 -0.164239 -0.943025 3.039869 1.000000 0.124170 0.005991 2.982145 1.000000 0.107785 -0.499461 3.105788 1.000000 0.126661 -0.872713 3.089567 1.000000 0.140621 -0.954604 3.048572 1.000000
31281085376 0.048630 0.083706 2.982858 1.000000 0.047362 0.151249 3.023121 1.000000 0.058010 0.509368 3.009345 1.000000 0.064631 0.684434 2.960217 1.000000 -0.110918 0.410029 3.010036 1.000000 -0.162901 0.136307 2.968957 1.000000 -0.161491 -0.073904 2.890455 1.000000 -0.142201 -0.172423 2.866316 1.000000 0.232372 0.409478 3.036463 1.000000 0.268106 0.139760 3.031745 1.000000 0.266679 -0.077074 2.980624 1.000000 0.245996 -0.173686 2.950637 1.000000 -0.030046 0.007752 2.969392 1.000000 -0.081123 -0.495349 3.102924 1.000000 -0.136512 -0.851048 3.106024 1.000000 -0.164575 -0.941088 3.040471 1.000000 0.123759 0.005502 2.983050 1.000000 0.110428 -0.503078 3.108313 1.000000 0.126000 -0.873408 3.092556 1.000000 0.140788 -0.954602 3.049322 1.000000
31281118297 0.048450 0.083550 2.983443 1.000000 0.047154 0.151047 3.023815 1.000000 0.057585 0.509115 3.009928 1.000000 0.064453 0.684209 2.960067 1.000000 -0.110982 0.409945 3.010043 1.000000 -0.164191 0.136314 2.969572 1.000000 -0.162654 -0.073954 2.891214 1.000000 -0.145740 -0.172542 2.865628 1.000000 0.231080 0.408631 3.035944 1.000000 0.268222 0.138678 3.032634 1.000000 0.268298 -0.083340 2.983173 1.000000 0.247036 -0.181036 2.957412 1.000000 -0.030059 0.007848 2.969891 1.000000 -0.093380 -0.465718 3.085382 1.000000 -0.135417 -0.834173 3.109095 1.000000 -0.161476 -0.927982 3.048138 1.000000 0.123516 0.005349 2.983566 1.000000 0.106536 -0.502051 3.105740 1.000000 0.126291 -0.872134 3.095203 1.000000 0.141031 -0.953478 3.046952 1.000000
31281152399 0.048423 0.083600 2.983865 1.000000 0.047152 0.151019 3.024161 1.000000 0.057771 0.508329 3.009956 1.000000 0.063809 0.672547 2.958747 1.000000 -0.110839 0.410040 3.010180 1.000000 -0.165619 0.135809 2.969759 1.000000 -0.164335 -0.074766 2.892345 1.000000 -0.148325 -0.173492 2.866715 1.000000 0.230627 0.408301 3.035902 1.000000 0.268297 0.136130 3.032306 1.000000 0.269214 -0.085774 2.984015 1.000000 0.248212 -0.183538 2.958304 1.000000 -0.030072 0.008173 2.970156 1.000000 -0.093508 -0.457985 3.081730 1.000000 -0.143278 -0.846306 3.095752 1.000000 -0.165782 -0.939475 3.043501 1.000000 0.123384 0.005343 2.984532 1.000000 0.108268 -0.483674 3.103423 1.000000 0.124588 -0.871726 3.087712 1.000000 0.131489 -0.915516 2.998202 1.000000
31281185369 0.048348 0.083356 2.984471 1.000000 0.046982 0.150911 3.024642 1.000000 0.057775 0.508484 3.010097 1.000000 0.066947 0.686725 2.962254 1.000000 -0.110719 0.410142 3.010180 1.000000 -0.167859 0.136693 2.970392 1.000000 -0.167280 -0.074681 2.895591 1.000000 -0.151494 -0.173428 2.869913 1.000000 0.230109 0.407737 3.036728 1.000000 0.268360 0.134631 3.034902 1.000000 0.269686 -0.090222 2.985460 1.000000 0.253248 -0.190612 2.967822 1.000000 -0.029969 0.008087 2.970549 1.000000 -0.095106 -0.486702 3.094682 1.000000 -0.141491 -0.854045 3.095708 1.000000 -0.166696 -0.940845 3.044123 1.000000 0.123035 0.005162 2.985456 1.000000 0.109378 -0.495573 3.107593 1.000000 0.124890 -0.871925 3.090536 1.000000 0.138215 -0.953825 3.051700 1.000000
31281218208 0.047920 0.082966 2.985028 1.000000 0.046581 0.150669 3.025064 1.000000 0.057672 0.508560 3.010218 1.000000 0.066562 0.687516 2.959795 1.000000 -0.110616 0.410061 3.009849 1.000000 -0.169563 0.137021 2.970809 1.000000 -0.168879 -0.074633 2.896920 1.000000 -0.158044 -0.174257 2.872090 1.000000 0.229437 0.407297 3.036578 1.000000 0.268550 0.133332 3.036543 1.000000 0.270478 -0.091403 2.990154 1.000000 0.256666 -0.192540 2.974684 1.000000 -0.030156 0.007992 2.970990 1.000000 -0.079397 -0.497575 3.100508 1.000000 -0.140553 -0.855699 3.096942 1.000000 -0.167368 -0.940348 3.044220 1.000000 0.122297 0.004813 2.986104 1.000000 0.108752 -0.498632 3.107648 1.000000 0.124835 -0.872797 3.091761 1.000000 0.139035 -0.954269 3.053449 1.000000
31281252393 0.047435 0.082812 2.985618 1.000000 0.046109 0.150651 3.025455 1.000000 0.057643 0.508794 3.010360 1.000000 0.066576 0.688015 2.959268 1.000000 -0.110180 0.410202 3.009122 1.000000 -0.170507 0.137463 2.971768 1.000000 -0.173472 -0.074625 2.899423 1.000000 -0.163914 -0.174209 2.873930 1.000000 0.229276 0.407218 3.036637 1.000000 0.269107 0.132190 3.038265 1.000000 0.271396 -0.092292 2.992555 1.000000 0.259933 -0.193706 2.977001 1.000000 -0.030396 0.008123 2.971258 1.000000 -0.085900 -0.494915 3.100317 1.000000 -0.138246 -0.847372 3.103641 1.000000 -0.168577 -0.940040 3.042918 1.000000 0.121183 0.004463 2.987386 1.000000 0.107295 -0.499632 3.107309 1.000000 0.124880 -0.872912 3.092981 1.000000 0.139365 -0.953463 3.051082 1.000000
31281285515 0.046208 0.082383 2.986461 1.000000 0.045118 0.150432 3.026195 1.000000 0.057453 0.509432 3.011184 1.000000 0.066931 0.689043 2.957778 1.000000 -0.110166 0.410206 3.009104 1.000000 -0.172721 0.139952 2.971983 1.000000 -0.179669 -0.072259 2.900359 1.000000 -0.171740 -0.172871 2.878636 1.000000 0.228718 0.407087 3.036521 1.000000 0.269248 0.131730 3.038831 1.000000 0.274830 -0.091797 2.998315 1.000000 0.266406 -0.193298 2.981463 1.000000 -0.031539 0.008248 2.972286 1.000000 -0.063378 -0.507871 3.105778 1.000000 -0.138648 -0.850184 3.104551 1.000000 -0.168631 -0.939749 3.043630 1.000000 0.119469 0.003953 2.987939 1.000000 0.108338 -0.500399 3.107392 1.000000 0.124972 -0.872859 3.093150 1.000000 0.139509 -0.953420 3.050295 1.000000
31281318367 0.045582 0.082349 2.986837 1.000000 0.044748 0.150493 3.026301 1.000000 0.057922 0.509669 3.011080 1.000000 0.067224 0.689490 2.957738 1.000000 -0.110103 0.410233 3.008931 1.000000 -0.174484 0.140224 2.973358 1.000000 -0.185061 -0.071889 2.901861 1.000000 -0.177379 -0.172766 2.881326 1.000000 0.228743 0.407125 3.036700 1.000000 0.269793 0.130652 3.040431 1.000000 0.277451 -0.093837 3.005300 1.000000 0.272197 -0.194710 2.983995 1.000000 -0.032785 0.008616 2.973105 1.000000 -0.085076 -0.503595 3.108440 1.000000 -0.138491 -0.848412 3.104345 1.000000 -0.168243 -0.939454 3.040926 1.000000 0.118606 0.003635 2.988257 1.000000 0.107466 -0.500757 3.107730 1.000000 0.124718 -0.873047 3.093369 1.000000 0.139921 -0.953311 3.051175 1.000000
31281352338 0.044514 0.082227 2.987350 1.000000 0.043834 0.150393 3.026739 1.000000 0.057861 0.509679 3.011574 1.000000 0.067534 0.689573 2.957969 1.000000 -0.109812 0.410485 3.008869 1.000000 -0.176288 0.139819 2.976219 1.000000 -0.192859 -0.077764 2.907433 1.000000 -0.186900 -0.179024 2.888278 1.000000 0.228314 0.406995 3.036779 1.000000 0.270037 0.128762 3.045952 1.000000 0.286054 -0.095246 3.014717 1.000000 0.280203 -0.195090 2.989164 1.000000 -0.033539 0.009075 2.973313 1.000000 -0.077987 -0.502604 3.108205 1.000000 -0.138063 -0.847135 3.105240 1.000000 -0.167399 -0.937556 3.040740 1.000000 0.116667 0.003257 2.989043 1.000000 0.109254 -0.504986 3.108352 1.000000 0.124670 -0.873022 3.093485 1.000000 0.139518 -0.953290 3.050685 1.000000
31281385384 0.043658 0.081777 2.988075 1.000000 0.043166 0.150167 3.027202 1.000000 0.057894 0.509860 3.011755 1.000000 0.068248 0.689590 2.957354 1.000000 -0.109454 0.410816 3.008806 1.000000 -0.177456 0.138760 2.977450 1.000000 -0.198153 -0.080640 2.911646 1.000000 -0.195020 -0.182553 2.895290 1.000000 0.228238 0.406994 3.036811 1.000000 0.271914 0.127393 3.049685 1.000000 0.287529 -0.095948 3.015337 1.000000 0.286533 -0.196490 2.991805 1.000000 -0.034377 0.008874 2.974326 1.000000 -0.092303 -0.515967 3.106739 1.000000 -0.140428 -0.877070 3.103860 1.000000 -0.167549 -0.943030 3.042467 1.000000 0.115641 0.002926 2.989549 1.000000 0.104080 -0.506737 3.107527 1.000000 0.124960 -0.872759 3.093936 1.000000 0.139672 -0.952794 3.049881 1.000000
31281419492 0.043029 0.081627 2.988319 1.000000 0.042678 0.150079 3.027232 1.000000 0.057965 0.509856 3.011771 1.000000 0.068326 0.689753 2.956855 1.000000 -0.109458 0.410820 3.008800 1.000000 -0.180584 0.135101 2.981219 1.000000 -0.207385 -0.085074 2.918966 1.000000 -0.203199 -0.186327 2.898973 1.000000 0.228196 0.407038 3.037242 1.000000 0.273531 0.126173 3.051839 1.000000 0.295748 -0.101160 3.013049 1.000000 0.299453 -0.202229 2.992055 1.000000 -0.035383 0.008821 2.974957 1.000000 -0.094016 -0.510714 3.105119 1.000000 -0.139494 -0.869724 3.093946 1.000000 -0.168395 -0.942945 3.042270 1.000000 0.114946 0.002670 2.989536 1.000000 0.104695 -0.506748 3.107562 1.000000 0.125612 -0.871709 3.093585 1.000000 0.139689 -0.952911 3.049825 1.000000
31281452232 0.042796 0.081805 2.988355 1.000000 0.042389 0.150315 3.026983 1.000000 0.058055 0.510140 3.011107 1.000000 0.069880 0.691694 2.952802 1.000000 -0.109333 0.411044 3.008596 1.000000 -0.182310 0.133177 2.988647 1.000000 -0.215518 -0.086542 2.921165 1.000000 -0.222995 -0.187456 2.900300 1.000000 0.228145 0.406910 3.038007 1.000000 0.275073 0.126910 3.053819 1.000000 0.304030 -0.100198 3.014293 1.000000 0.314141 -0.199862 2.988998 1.000000 -0.035737 0.009451 2.975022 1.000000 -0.076712 -0.506052 3.104400 1.000000 -0.139262 -0.869792 3.093778 1.000000 -0.170432 -0.948259 3.053294 1.000000 0.114710 0.002655 2.989659 1.000000 0.104887 -0.507224 3.107800 1.000000 0.125511 -0.871614 3.093934 1.000000 0.139851 -0.953212 3.050372 1.000000
31281485324 0.042641 0.081752 2.988405 1.000000 0.042194 0.150321 3.026733 1.000000 0.057943 0.510053 3.010620 1.000000 0.069638 0.691483 2.952501 1.000000 -0.109497 0.410831 3.008165 1.000000 -0.187611 0.131068 2.994906 1.000000 -0.228008 -0.085781 2.920771 1.000000 -0.234189 -0.187272 2.902451 1.000000 0.228031 0.406967 3.038089 1.000000 0.279035 0.130247 3.056063 1.000000 0.339804 -0.081525 3.039142 1.000000 0.339900 -0.178834 3.004426 1.000000 -0.035984 0.009264 2.975068 1.000000 -0.085886 -0.508970 3.105048 1.000000 -0.139248 -0.870717 3.094039 1.000000 -0.171484 -0.950118 3.047657 1.000000 0.114624 0.002647 2.989795 1.000000 0.107144 -0.508114 3.108241 1.000000 0.125547 -0.871528 3.093925 1.000000 0.139690 -0.952614 3.048508 1.000000
31281519438 0.042207 0.081837 2.988781 1.000000 0.041913 0.150470 3.026721 1.000000 0.058282 0.510294 3.010581 1.000000 0.069726 0.691664 2.951267 1.000000 -0.109671 0.410786 3.008041 1.000000 -0.193309 0.137356 2.998772 1.000000 -0.246789 -0.080094 2.926775 1.000000 -0.256136 -0.180504 2.904327 1.000000 0.227289 0.407389 3.038273 1.000000 0.286293 0.131870 3.057797 1.000000 0.345355 -0.080310 3.037171 1.000000 0.357965 -0.176457 3.001530 1.000000 -0.036628 0.009057 2.975641 1.000000 -0.088847 -0.510159 3.105258 1.000000 -0.140267 -0.877763 3.096972 1.000000 -0.172063 -0.951819 3.043131 1.000000 0.113961 0.003217 2.990306 1.000000 0.107883 -0.508571 3.107609 1.000000 0.125890 -0.871740 3.094316 1.000000 0.139269 -0.952664 3.048726 1.000000
31281552494 0.042043 0.081975 2.988917 1.000000 0.041880 0.150684 3.026439 1.000000 0.058295 0.510545 3.009762 1.000000 0.070097 0.691661 2.949043 1.000000 -0.109941 0.410641 3.008826 1.000000 -0.196999 0.137991 3.000830 1.000000 -0.263920 -0.074148 2.928810 1.000000 -0.278799 -0.170446 2.898916 1.000000 0.227237 0.407040 3.038378 1.000000 0.295137 0.132983 3.061563 1.000000 0.376686 -0.082492 3.023720 1.000000 0.383437 -0.172949 2.983547 1.000000 -0.036909 0.009447 2.975884 1.000000 -0.070260 -0.509323 3.105636 1.000000 -0.141408 -0.874094 3.098875 1.000000 -0.171122 -0.951888 3.045148 1.000000 0.113850 0.003125 2.990583 1.000000 0.108302 -0.508956 3.108491 1.000000 0.126141 -0.872926 3.095697 1.000000 0.140177 -0.953123 3.050224 1.000000
31281585349 0.041697 0.082145 2.988869 1.000000 0.041569 0.150969 3.025894 1.000000 0.058271 0.510797 3.008641 1.000000 0.069662 0.689990 2.946871 1.000000 -0.110272 0.410309 3.008770 1.000000 -0.207579 0.146835 3.004537 1.000000 -0.292105 -0.068314 2.926857 1.000000 -0.314591 -0.158596 2.882993 1.000000 0.227047 0.406305 3.038516 1.000000 0.306917 0.135683 3.065979 1.000000 0.391020 -0.076404 3.022727 1.000000 0.415293 -0.169538 2.985038 1.000000 -0.037404 0.009713 2.975979 1.000000 -0.082474 -0.502558 3.103692 1.000000 -0.140491 -0.872454 3.101548 1.000000 -0.170783 -0.945911 3.047132 1.000000 0.113643 0.003125 2.990565 1.000000 0.108994 -0.509798 3.108396 1.000000 0.126026 -0.871894 3.097806 1.000000 0.139910 -0.953189 3.051077 1.000000
31281619433 0.041099 0.082930 2.989270 1.000000 0.041236 0.151465 3.025685 1.000000 0.058226 0.510347 3.008402 1.000000 0.069630 0.689890 2.946750 1.000000 -0.111211 0.409996 3.009272 1.000000 -0.216293 0.153013 3.006963 1.000000 -0.321321 -0.048645 2.916277 1.000000 -0.341829 -0.142887 2.879117 1.000000 0.227047 0.406299 3.038536 1.000000 0.314777 0.136753 3.068527 1.000000 0.430639 -0.049731 3.035523 1.000000 0.455323 -0.137422 2.986699 1.000000 -0.038342 0.010326 2.976415 1.000000 -0.072531 -0.507616 3.105664 1.000000 -0.138691 -0.869906 3.103085 1.000000 -0.170714 -0.945077 3.047637 1.000000 0.113372 0.003494 2.990956 1.000000 0.111061 -0.508094 3.108267 1.000000 0.126680 -0.871705 3.098637 1.000000 0.139936 -0.953072 3.051698 1.000000
31281652557 0.040572 0.083015 2.989499 1.000000 0.040809 0.151552 3.025345 1.000000 0.057807 0.509642 3.007825 1.000000 0.069107 0.688676 2.946061 1.000000 -0.111625 0.409660 3.009592 1.000000 -0.225109 0.163449 3.007384 1.000000 -0.346019 -0.008914 2.924078 1.000000 -0.378174 -0.087891 2.885224 1.000000 0.226922 0.406026 3.038458 1.000000 0.335512 0.142290 3.072254 1.000000 0.445869 -0.045923 3.027477 1.000000 0.475416 -0.134521 2.983212 1.000000 -0.039232 0.010736 2.976891 1.000000 -0.082837 -0.502917 3.103899 1.000000 -0.138748 -0.869857 3.103101 1.000000 -0.170863 -0.944571 3.049320 1.000000 0.113013 0.003237 2.991233 1.000000 0.111328 -0.507958 3.108235 1.000000 0.126139 -0.871924 3.101887 1.000000 0.140361 -0.952959 3.052295 1.000000
31281686336 0.040013 0.083367 2.990176 1.000000 0.040403 0.151847 3.025361 1.000000 0.057826 0.509482 3.007849 1.000000 0.068929 0.687720 2.945872 1.000000 -0.111832 0.409454 3.010067 1.000000 -0.235403 0.178449 3.013682 1.000000 -0.368431 -0.003816 2.918857 1.000000 -0.417180 -0.061538 2.894796 1.000000 0.227693 0.404703 3.038994 1.000000 0.345544 0.143471 3.074008 1.000000 0.482552 -0.023173 3.015373 1.000000 0.526020 -0.108621 2.976745 1.000000 -0.040421 0.011191 2.977699 1.000000 -0.079997 -0.504210 3.105455 1.000000 -0.138903 -0.867373 3.101801 1.000000 -0.170619 -0.943540 3.049242 1.000000 0.112768 0.003120 2.992023 1.000000 0.111895 -0.506821 3.107852 1.000000 0.126248 -0.872197 3.098950 1.000000 0.140323 -0.953134 3.052006 1.000000
31281719335 0.039725 0.084107 2.990576 1.000000 0.040370 0.152405 3.025093 1.000000 0.057679 0.509290 3.007536 1.000000 0.068785 0.687693 2.945128 1.000000 -0.113706 0.408831 3.012559 1.000000 -0.259872 0.191448 3.009252 1.000000 -0.407959 0.030731 2.924287 1.000000 -0.449012 -0.029040 2.900252 1.000000 0.228621 0.403888 3.039740 1.000000 0.372334 0.156024 3.074136 1.000000 0.500138 -0.016370 3.010353 1.000000 0.548844 -0.081931 2.978661 1.000000 -0.041137 0.011937 2.978280 1.000000 -0.083908 -0.498248 3.102559 1.000000 -0.137312 -0.853949 3.108042 1.000000 -0.170021 -0.941516 3.047817 1.000000 0.112847 0.003112 2.992297 1.000000 0.112381 -0.507764 3.108141 1.000000 0.126331 -0.872282 3.099115 1.000000 0.140762 -0.953133 3.052549 1.000000
31281752563 0.039577 0.085082 2.990915 1.000000 0.040358 0.153148 3.024766 1.000000 0.057948 0.509154 3.007242 1.000000 0.069213 0.688270 2.942543 1.000000 -0.113971 0.409088 3.012911 1.000000 -0.271346 0.196639 3.008508 1.000000 -0.429328 0.055718 2.933647 1.000000 -0.492676 -0.002121 2.896944 1.000000 0.228977 0.403681 3.039717 1.000000 0.384538 0.159778 3.074156 1.000000 0.540124 0.009469 3.018291 1.000000 0.603467 -0.060534 2.976160 1.000000 -0.041522 0.012587 2.978560 1.000000 -0.086018 -0.497681 3.103273 1.000000 -0.138388 -0.856188 3.103384 1.000000 -0.172540 -0.944733 3.049883 1.000000 0.112899 0.003589 2.992727 1.000000 0.112768 -0.506384 3.107753 1.000000 0.126344 -0.872501 3.099542 1.000000 0.140978 -0.953330 3.052403 1.000000
31281786683 0.039538 0.086973 2.991616 1.000000 0.040469 0.154588 3.024744 1.000000 0.057997 0.509099 3.007203 1.000000 0.067410 0.687603 2.938528 1.000000 -0.116119 0.410445 3.014659 1.000000 -0.292861 0.211340 3.005141 1.000000 -0.470329 0.089860 2.943199 1.000000 -0.541579 0.027544 2.901579 1.000000 0.229925 0.403845 3.040264 1.000000 0.406646 0.172494 3.079706 1.000000 0.574037 0.037046 3.018945 1.000000 0.626953 -0.000990 2.992647 1.000000 -0.042019 0.013419 2.979212 1.000000 -0.086699 -0.497024 3.102802 1.000000 -0.138557 -0.857800 3.102666 1.000000 -0.172679 -0.944158 3.049215 1.000000 0.113348 0.004525 2.993261 1.000000 0.112514 -0.503180 3.106212 1.000000 0.126894 -0.872172 3.100900 1.000000 0.140447 -0.951893 3.049458 1.000000
31281819438 0.039482 0.087403 2.991752 1.000000 0.040533 0.154939 3.024350 1.000000 0.058058 0.508874 3.007140 1.000000 0.067267 0.687407 2.938483 1.000000 -0.116567 0.410961 3.015415 1.000000 -0.313168 0.228946 3.005637 1.000000 -0.497527 0.119800 2.940150 1.000000 -0.577516 0.072331 2.894983 1.000000 0.230371 0.404178 3.040182 1.000000 0.427606 0.194181 3.072281 1.000000 0.611626 0.075692 3.031996 1.000000 0.684005 0.013356 2.992409 1.000000 -0.042316 0.014184 2.979159 1.000000 -0.072674 -0.503276 3.103430 1.000000 -0.138099 -0.860382 3.104328 1.000000 -0.172634 -0.943942 3.049187 1.000000 0.113445 0.004489 2.993572 1.000000 0.113266 -0.502947 3.106700 1.000000 0.126856 -0.872221 3.101045 1.000000 0.140000 -0.952864 3.051356 1.000000
31281852463 0.039082 0.087766 2.992148 1.000000 0.040353 0.155303 3.024184 1.000000 0.057997 0.508771 3.007098 1.000000 0.067329 0.686687 2.937462 1.000000 -0.119111 0.410943 3.017006 1.000000 -0.327667 0.243284 3.001982 1.000000 -0.522603 0.147825 2.949674 1.000000 -0.587666 0.129312 2.914129 1.000000 0.231537 0.404008 3.040377 1.000000 0.442504 0.216322 3.072240 1.000000 0.635807 0.113017 3.034453 1.000000 0.677734 0.094482 3.006320 1.000000 -0.043343 0.014059 2.979549 1.000000 -0.080187 -0.498606 3.102821 1.000000 -0.136606 -0.861886 3.104152 1.000000 -0.172759 -0.944049 3.049165 1.000000 0.113399 0.004328 2.994175 1.000000 0.113389 -0.502878 3.106512 1.000000 0.126644 -0.872292 3.100750 1.000000 0.140130 -0.952834 3.050508 1.000000
31281886469 0.038498 0.090265 2.992321 1.000000 0.040021 0.157110 3.023686 1.000000 0.058286 0.508345 3.006507 1.000000 0.066800 0.686969 2.937292 1.000000 -0.120571 0.412086 3.018013 1.000000 -0.351590 0.268974 3.000287 1.000000 -0.555460 0.191805 2.953478 1.000000 -0.617676 0.177002 2.924289 1.000000 0.232466 0.403582 3.041178 1.000000 0.450729 0.232764 3.071046 1.000000 0.655906 0.152072 3.051468 1.000000 0.744943 0.119005 3.010599 1.000000 -0.044447 0.015622 2.979974 1.000000 -0.084120 -0.496489 3.101368 1.000000 -0.136871 -0.863271 3.104039 1.000000 -0.171224 -0.944833 3.049460 1.000000 0.113238 0.005477 2.994302 1.000000 0.115009 -0.499761 3.105276 1.000000 0.126456 -0.871730 3.100621 1.000000 0.140142 -0.952831 3.050512 1.000000
31281919555 0.038165 0.092358 2.992713 1.000000 0.039839 0.158948 3.023605 1.000000 0.058612 0.508383 3.006655 1.000000 0.066181 0.686865 2.936355 1.000000 -0.122253 0.412617 3.018777 1.000000 -0.360746 0.284157 2.998928 1.000000 -0.573459 0.229587 2.964993 1.000000 -0.624512 0.232300 2.930149 1.000000 0.235577 0.402483 3.042277 1.000000 0.470868 0.250008 3.067624 1.000000 0.684391 0.195608 3.044222 1.000000 0.746582 0.180420 3.008274 1.000000 -0.045407 0.016492 2.980000 1.000000 -0.078599 -0.496521 3.102900 1.000000 -0.137400 -0.863275 3.095946 1.000000 -0.172049 -0.944903 3.048793 1.000000 0.113310 0.006222 2.994659 1.000000 0.114916 -0.499628 3.105197 1.000000 0.127859 -0.869100 3.103760 1.000000 0.140517 -0.953239 3.050753 1.000000
31281952672 0.038311 0.094305 2.993166 1.000000 0.039927 0.160753 3.023497 1.000000 0.058771 0.508501 3.006632 1.000000 0.066068 0.686372 2.935660 1.000000 -0.124093 0.413190 3.019010 1.000000 -0.381898 0.311329 2.999785 1.000000 -0.595277 0.261076 2.961986 1.000000 -0.657464 0.283217 2.923486 1.000000 0.238810 0.402382 3.043606 1.000000 0.485806 0.275425 3.063642 1.000000 0.703288 0.239056 3.044023 1.000000 0.756836 0.235596 3.021947 1.000000 -0.045834 0.016999 2.980162 1.000000 -0.068826 -0.500596 3.103379 1.000000 -0.136929 -0.863473 3.096699 1.000000 -0.172085 -0.944740 3.048667 1.000000 0.113998 0.007189 2.995252 1.000000 0.114882 -0.500630 3.104719 1.000000 0.127812 -0.869715 3.103950 1.000000 0.140527 -0.952832 3.050752 1.000000
31281986703 0.038479 0.096513 2.993043 1.000000 0.040089 0.162746 3.023075 1.000000 0.059036 0.508797 3.006781 1.000000 0.066091 0.686098 2.935530 1.000000 -0.127658 0.414367 3.018734 1.000000 -0.385467 0.345081 2.999930 1.000000 -0.604388 0.323210 2.970514 1.000000 -0.676282 0.316079 2.945622 1.000000 0.241770 0.403548 3.044048 1.000000 0.507177 0.310071 3.071459 1.000000 0.726300 0.289882 3.042608 1.000000 0.801512 0.279338 3.034173 1.000000 -0.046687 0.018110 2.979395 1.000000 -0.068601 -0.500671 3.103090 1.000000 -0.136969 -0.865158 3.093960 1.000000 -0.172099 -0.950389 3.054137 1.000000 0.114689 0.007741 2.995473 1.000000 0.114880 -0.501406 3.104623 1.000000 0.127765 -0.869832 3.103798 1.000000 0.140582 -0.952582 3.051122 1.000000
31282019566 0.039606 0.102015 2.992347 1.000000 0.040906 0.167156 3.022365 1.000000 0.059295 0.509114 3.006917 1.000000 0.065208 0.685645 2.933207 1.000000 -0.131862 0.419064 3.019871 1.000000 -0.382416 0.359696 2.999948 1.000000 -0.602721 0.361933 2.975281 1.000000 -0.677692 0.359737 2.960665 1.000000 0.246744 0.410090 3.047042 1.000000 0.512608 0.329997 3.070697 1.000000 0.732914 0.341151 3.053962 1.000000 0.806918 0.334584 3.036095 1.000000 -0.046849 0.020195 2.978263 1.000000 -0.082608 -0.501093 3.101468 1.000000 -0.136654 -0.885433 3.095047 1.000000 -0.176364 -0.955359 3.045177 1.000000 0.116930 0.011574 2.995099 1.000000 0.109046 -0.503640 3.108053 1.000000 0.127464 -0.871237 3.102075 1.000000 0.141246 -0.953116 3.050808 1.000000
31282053748 0.040656 0.107359 2.992262 1.000000 0.041757 0.171612 3.022244 1.000000 0.059237 0.509541 3.007261 1.000000 0.064633 0.686134 2.932643 1.000000 -0.135059 0.422161 3.019897 1.000000 -0.428467 0.396484 2.999962 1.000000 -0.645797 0.425953 2.962681 1.000000 -0.719237 0.434053 2.943241 1.000000 0.250954 0.412953 3.045863 1.000000 0.530303 0.364230 3.066888 1.000000 0.749160 0.392214 3.053061 1.000000 0.824281 0.384215 3.041668 1.000000 -0.047025 0.024203 2.976839 1.000000 -0.085666 -0.496682 3.098958 1.000000 -0.136451 -0.876223 3.101894 1.000000 -0.173466 -0.951625 3.051166 1.000000 0.119137 0.013845 2.995425 1.000000 0.110671 -0.503510 3.107658 1.000000 0.127521 -0.870628 3.102482 1.000000 0.140045 -0.953292 3.051843 1.000000
31282086636 0.041290 0.112872 2.992514 1.000000 0.042289 0.176788 3.022255 1.000000 0.059215 0.511176 3.007438 1.000000 0.063960 0.686897 2.932106 1.000000 -0.137656 0.424827 3.019378 1.000000 -0.397599 0.413359 3.004901 1.000000 -0.608766 0.474824 2.973983 1.000000 -0.680801 0.475883 2.948558 1.000000 0.256524 0.419064 3.045654 1.000000 0.525217 0.401151 3.068126 1.000000 0.741955 0.442131 3.060404 1.000000 0.813903 0.466314 3.051720 1.000000 -0.047376 0.028361 2.976570 1.000000 -0.072094 -0.498956 3.101596 1.000000 -0.136977 -0.874468 3.101443 1.000000 -0.171776 -0.950169 3.049717 1.000000 0.120757 0.016504 2.995778 1.000000 0.111752 -0.503352 3.107686 1.000000 0.126984 -0.871712 3.101649 1.000000 0.141330 -0.954783 3.055446 1.000000
31282118852 0.041865 0.120767 2.991996 1.000000 0.042391 0.183214 3.021877 1.000000 0.058916 0.512106 3.007838 1.000000 0.064377 0.686885 2.932189 1.000000 -0.141358 0.429973 3.017456 1.000000 -0.438951 0.449194 3.005626 1.000000 -0.651839 0.500898 2.966050 1.000000 -0.717072 0.526203 2.935380 1.000000 0.259791 0.427474 3.047194 1.000000 0.517712 0.438346 3.068297 1.000000 0.730174 0.496983 3.065759 1.000000 0.753418 0.503906 3.061010 1.000000 -0.047545 0.034112 2.975415 1.000000 -0.082306 -0.494083 3.099915 1.000000 -0.137073 -0.865947 3.099851 1.000000 -0.166374 -0.946223 3.050814 1.000000 0.122873 0.023243 2.994996 1.000000 0.112621 -0.502014 3.106560 1.000000 0.126794 -0.871894 3.101485 1.000000 0.141336 -0.954851 3.055416 1.000000
31282181185 0.041362 0.128823 2.990644 1.000000 0.041810 0.190631 3.020432 1.000000 0.058803 0.514796 3.007007 1.000000 0.063957 0.687630 2.932893 1.000000 -0.146041 0.439549 3.014972 1.000000 -0.424805 0.509766 3.005822 1.000000 -0.619428 0.612068 2.974116 1.000000 -0.672437 0.664713 2.958140 1.000000 0.264886 0.440126 3.048273 1.000000 0.473952 0.488171 3.074096 1.000000 0.711914 0.562988 3.074682 1.000000 0.797119 0.621343 3.070386 1.000000 -0.048702 0.039353 2.974779 1.000000 -0.075739 -0.501826 3.103603 1.000000 -0.137344 -0.868154 3.097878 1.000000 -0.167737 -0.946250 3.043014 1.000000 0.123111 0.030447 2.992884 1.000000 0.112913 -0.500263 3.104615 1.000000 0.126647 -0.871674 3.100764 1.000000 0.141456 -0.955128 3.055178 1.000000
31282234825 0.041216 0.132385 2.989909 1.000000 0.041547 0.193211 3.020073 1.000000 0.058420 0.514880 3.007328 1.000000 0.063640 0.676725 2.936213 1.000000 -0.146893 0.442913 3.013671 1.000000 -0.374512 0.528809 3.005823 1.000000 -0.559548 0.647332 2.972647 1.000000 -0.612556 0.699976 2.956673 1.000000 0.266564 0.449154 3.047857 1.000000 0.514160 0.534180 3.078088 1.000000 0.699219 0.665527 3.076636 1.000000 0.791725 0.711371 3.071724 1.000000 -0.048924 0.044042 2.973768 1.000000 -0.083958 -0.495132 3.102859 1.000000 -0.137480 -0.864653 3.100047 1.000000 -0.167537 -0.947516 3.048003 1.000000 0.123327 0.033392 2.991224 1.000000 0.112956 -0.498371 3.102628 1.000000 0.126375 -0.871922 3.100660 1.000000 0.141234 -0.954153 3.055103 1.000000
31282277202 0.041454 0.137456 2.989309 1.000000 0.041707 0.196698 3.020105 1.000000 0.058470 0.514569 3.008291 1.000000 0.063294 0.671872 2.937357 1.000000 -0.146823 0.451815 3.012191 1.000000 -0.371272 0.530528 3.005821 1.000000 -0.541016 0.694824 2.978979 1.000000 -0.613816 0.767933 2.972809 1.000000 0.266429 0.453397 3.046524 1.000000 0.521973 0.593750 3.080040 1.000000 0.697805 0.726659 3.077212 1.000000 0.778234 0.790287 3.064344 1.000000 -0.049634 0.050819 2.971833 1.000000 -0.088787 -0.487608 3.099939 1.000000 -0.137667 -0.865358 3.099051 1.000000 -0.167471 -0.947356 3.048201 1.000000 0.124248 0.038423 2.990005 1.000000 0.111290 -0.497757 3.102505 1.000000 0.125549 -0.872658 3.101879 1.000000 0.141543 -0.954199 3.054642 1.000000
31282308914 0.043187 0.148206 2.989225 1.000000 0.043233 0.204999 3.020389 1.000000 0.058746 0.514576 3.008658 1.000000 0.062282 0.667590 2.936929 1.000000 -0.145321 0.457895 3.012171 1.000000 -0.365437 0.558287 3.005819 1.000000 -0.532948 0.733635 2.974617 1.000000 -0.572403 0.797627 2.961137 1.000000 0.266247 0.469971 3.046968 1.000000 0.509756 0.599604 3.081056 1.000000 0.670374 0.750482 3.079173 1.000000 0.724513 0.803284 3.089867 1.000000 -0.048466 0.059421 2.970944 1.000000 -0.090755 -0.466389 3.093483 1.000000 -0.137284 -0.865295 3.098704 1.000000 -0.166880 -0.941894 3.045688 1.000000 0.126727 0.053251 2.989863 1.000000 0.115967 -0.439697 3.082453 1.000000 0.125474 -0.869433 3.096263 1.000000 0.138888 -0.950035 3.047222 1.000000
31282341079 0.043436 0.148972 2.989388 1.000000 0.043406 0.206389 3.020500 1.000000 0.058252 0.516211 3.007813 1.000000 0.063019 0.670345 2.937634 1.000000 -0.145410 0.460046 3.012165 1.000000 -0.363621 0.577827 3.003363 1.000000 -0.543277 0.815443 2.970158 1.000000 -0.587837 0.877410 2.967373 1.000000 0.268757 0.476462 3.047822 1.000000 0.510319 0.642249 3.079430 1.000000 0.654831 0.809024 3.066908 1.000000 0.706694 0.864440 3.058382 1.000000 -0.047638 0.060088 2.971688 1.000000 -0.093215 -0.485529 3.100164 1.000000 -0.137550 -0.865574 3.098978 1.000000 -0.167620 -0.945525 3.050038 1.000000 0.126807 0.053438 2.989984 1.000000 0.115479 -0.495117 3.100031 1.000000 0.125598 -0.873623 3.097149 1.000000 0.139802 -0.951050 3.048717 1.000000
31282383537 0.043490 0.149490 2.989881 1.000000 0.043553 0.206809 3.021387 1.000000 0.057913 0.515779 3.009955 1.000000 0.063454 0.666528 2.939409 1.000000 -0.144743 0.460895 3.012161 1.000000 -0.383570 0.639917 2.995491 1.000000 -0.526219 0.852618 2.974236 1.000000 -0.556602 0.922644 2.972420 1.000000 0.265852 0.477507 3.045505 1.000000 0.503960 0.648516 3.076505 1.000000 0.640896 0.821366 3.072660 1.000000 0.662636 0.875376 3.059198 1.000000 -0.046219 0.062241 2.973114 1.000000 -0.097247 -0.461046 3.085193 1.000000 -0.131470 -0.815918 3.107382 1.000000 -0.161383 -0.915663 3.058966 1.000000 0.126362 0.054063 2.990078 1.000000 0.115055 -0.489712 3.100676 1.000000 0.125692 -0.873241 3.097379 1.000000 0.139833 -0.951141 3.048719 1.000000
31282416755 0.043664 0.150179 2.990074 1.000000 0.043940 0.207588 3.022134 1.000000 0.059342 0.516723 3.011744 1.000000 0.063435 0.664702 2.939301 1.000000 -0.144481 0.460989 3.012158 1.000000 -0.381551 0.642490 2.993675 1.000000 -0.492855 0.833112 2.978176 1.000000 -0.526374 0.930813 2.979670 1.000000 0.262525 0.480125 3.044297 1.000000 0.495323 0.658430 3.075114 1.000000 0.619970 0.840427 3.070347 1.000000 0.656201 0.936152 3.056370 1.000000 -0.045784 0.063210 2.973024 1.000000 -0.095145 -0.433906 3.080247 1.000000 -0.138582 -0.857462 3.100156 1.000000 -0.166526 -0.934855 3.046871 1.000000 0.125834 0.055818 2.990268 1.000000 0.114929 -0.440186 3.086357 1.000000 0.122940 -0.871391 3.079865 1.000000 0.129737 -0.915142 2.990365 1.000000
31282450569 0.044278 0.150860 2.990614 1.000000 0.045047 0.208574 3.023486 1.000000 0.061739 0.520014 3.014288 1.000000 0.064330 0.676788 2.936648 1.000000 -0.143427 0.466957 3.015011 1.000000 -0.364728 0.655274 2.994079 1.000000 -0.471347 0.848519 2.975658 1.000000 -0.493377 0.949369 2.979554 1.000000 0.260907 0.484145 3.043447 1.000000 0.471249 0.659937 3.068537 1.000000 0.578170 0.853074 3.057643 1.000000 0.622309 0.946180 3.050287 1.000000 -0.043838 0.064689 2.974632 1.000000 -0.067017 -0.508789 3.105890 1.000000 -0.140406 -0.880591 3.095725 1.000000 -0.168942 -0.948458 3.040376 1.000000 0.125639 0.056568 2.990110 1.000000 0.117310 -0.493408 3.100030 1.000000 0.123904 -0.875317 3.086329 1.000000 0.139850 -0.953970 3.048739 1.000000
31282494634 0.044536 0.151915 2.990784 1.000000 0.045246 0.209523 3.024226 1.000000 0.061635 0.520185 3.014611 1.000000 0.062509 0.676139 2.940417 1.000000 -0.142917 0.468292 3.015532 1.000000 -0.341669 0.643297 2.992685 1.000000 -0.399564 0.855530 2.960879 1.000000 -0.411052 0.958034 2.955224 1.000000 0.259948 0.486421 3.043434 1.000000 0.461977 0.663156 3.072002 1.000000 0.557381 0.861396 3.040368 1.000000 0.569712 0.936578 3.035330 1.000000 -0.043004 0.066130 2.974824 1.000000 -0.082999 -0.497471 3.104666 1.000000 -0.140433 -0.882900 3.092359 1.000000 -0.167315 -0.950658 3.037881 1.000000 0.125385 0.058083 2.989832 1.000000 0.109347 -0.487883 3.098296 1.000000 0.124763 -0.872845 3.092687 1.000000 0.139838 -0.952935 3.048746 1.000000
31282526720 0.045294 0.153014 2.991203 1.000000 0.045795 0.210332 3.024928 1.000000 0.061630 0.520092 3.014588 1.000000 0.061242 0.674433 2.941342 1.000000 -0.142169 0.471831 3.015669 1.000000 -0.338442 0.655126 2.990466 1.000000 -0.365683 0.951871 2.956678 1.000000 -0.362341 1.027397 2.967372 1.000000 0.256777 0.488987 3.042860 1.000000 0.450205 0.670601 3.071087 1.000000 0.534471 0.873853 3.039677 1.000000 0.545358 0.973635 3.015264 1.000000 -0.041021 0.067303 2.975957 1.000000 -0.087062 -0.497261 3.101243 1.000000 -0.140343 -0.882622 3.091478 1.000000 -0.167561 -0.950349 3.035609 1.000000 0.125632 0.061414 2.989941 1.000000 0.110246 -0.487072 3.097196 1.000000 0.125000 -0.872047 3.092819 1.000000 0.140037 -0.952843 3.048890 1.000000
31282569659 0.044941 0.156248 2.991270 1.000000 0.045413 0.212935 3.025611 1.000000 0.061437 0.520315 3.015219 1.000000 0.059258 0.669686 2.940851 1.000000 -0.141291 0.472917 3.015400 1.000000 -0.330462 0.661074 2.990342 1.000000 -0.348145 0.895020 2.961397 1.000000 -0.339606 0.997937 2.964032 1.000000 0.256525 0.489566 3.043150 1.000000 0.441731 0.686511 3.064531 1.000000 0.522046 0.891476 3.034427 1.000000 0.521773 0.990463 3.004875 1.000000 -0.041830 0.071149 2.975351 1.000000 -0.091570 -0.460202 3.089812 1.000000 -0.139417 -0.878495 3.090404 1.000000 -0.163550 -0.942365 3.040027 1.000000 0.125128 0.065030 2.989577 1.000000 0.111789 -0.460711 3.087605 1.000000 0.123858 -0.869972 3.087981 1.000000 0.139726 -0.953075 3.048097 1.000000
31282601985 0.045248 0.156898 2.991566 1.000000 0.045478 0.213712 3.026433 1.000000 0.060272 0.521890 3.016209 1.000000 0.058174 0.684362 2.945717 1.000000 -0.140707 0.474328 3.014809 1.000000 -0.318225 0.659156 2.991240 1.000000 -0.323325 0.879312 2.962010 1.000000 -0.297334 0.979257 2.964695 1.000000 0.256621 0.494307 3.043826 1.000000 0.441861 0.712165 3.083084 1.000000 0.482530 0.923954 3.022543 1.000000 0.484628 1.024092 2.997251 1.000000 -0.041135 0.071487 2.975820 1.000000 -0.067604 -0.487517 3.096920 1.000000 -0.134509 -0.853944 3.106517 1.000000 -0.162933 -0.938537 3.042165 1.000000 0.125452 0.066024 2.989543 1.000000 0.114271 -0.473858 3.093245 1.000000 0.123803 -0.870826 3.091740 1.000000 0.140482 -0.953082 3.047340 1.000000
31282636773 0.045352 0.157046 2.991590 1.000000 0.045355 0.213745 3.026978 1.000000 0.059793 0.521769 3.016978 1.000000 0.059481 0.673916 2.950387 1.000000 -0.138301 0.474617 3.013743 1.000000 -0.303654 0.676635 2.990531 1.000000 -0.297615 0.897079 2.966221 1.000000 -0.282910 0.999332 2.965872 1.000000 0.256121 0.494233 3.044217 1.000000 0.432656 0.709215 3.073286 1.000000 0.467034 0.923392 3.018857 1.000000 0.454329 1.024497 3.001868 1.000000 -0.040210 0.072202 2.975886 1.000000 -0.086321 -0.459925 3.089807 1.000000 -0.138813 -0.856433 3.091719 1.000000 -0.164324 -0.941538 3.042361 1.000000 0.125332 0.066601 2.989290 1.000000 0.112390 -0.468049 3.089095 1.000000 0.125768 -0.869751 3.094286 1.000000 0.140357 -0.952813 3.047455 1.000000
31282668966 0.044479 0.158331 2.991361 1.000000 0.044544 0.214622 3.027299 1.000000 0.059600 0.521559 3.017053 1.000000 0.056571 0.667244 2.946032 1.000000 -0.137399 0.479281 3.013846 1.000000 -0.297997 0.674059 2.989010 1.000000 -0.297212 0.894480 2.962713 1.000000 -0.259233 0.990482 2.966384 1.000000 0.254407 0.493753 3.044426 1.000000 0.424349 0.717133 3.066710 1.000000 0.444274 0.933336 3.013324 1.000000 0.424467 1.004903 2.995540 1.000000 -0.041269 0.073871 2.975369 1.000000 -0.089885 -0.426824 3.078730 1.000000 -0.130470 -0.854907 3.092774 1.000000 -0.165069 -0.938855 3.042492 1.000000 0.123543 0.069109 2.988848 1.000000 0.116473 -0.447085 3.083372 1.000000 0.129506 -0.870313 3.097106 1.000000 0.138914 -0.952669 3.045633 1.000000
31282704040 0.044407 0.159493 2.991806 1.000000 0.044423 0.215911 3.028420 1.000000 0.059462 0.523157 3.018456 1.000000 0.056024 0.677142 2.945439 1.000000 -0.137281 0.486133 3.015400 1.000000 -0.294645 0.676201 2.989343 1.000000 -0.263566 0.894625 2.966948 1.000000 -0.214432 0.985070 2.958136 1.000000 0.251784 0.498631 3.045385 1.000000 0.417282 0.722041 3.063190 1.000000 0.408537 0.938959 3.009648 1.000000 0.392310 1.012302 2.995947 1.000000 -0.040614 0.075409 2.976023 1.000000 -0.092468 -0.481934 3.090256 1.000000 -0.133869 -0.866005 3.094131 1.000000 -0.165781 -0.943233 3.047712 1.000000 0.122622 0.070763 2.988937 1.000000 0.101746 -0.498047 3.096115 1.000000 0.128646 -0.871057 3.096566 1.000000 0.138941 -0.952487 3.045433 1.000000
31282736019 0.043845 0.161497 2.991528 1.000000 0.043788 0.217802 3.028643 1.000000 0.059533 0.524040 3.018390 1.000000 0.056849 0.679557 2.947821 1.000000 -0.136374 0.487061 3.016188 1.000000 -0.288577 0.679912 2.989660 1.000000 -0.240790 0.895013 2.962073 1.000000 -0.208688 0.964279 2.961867 1.000000 0.252121 0.504988 3.048285 1.000000 0.403574 0.729394 3.054599 1.000000 0.404879 0.948042 3.010594 1.000000 0.394407 1.022627 2.998111 1.000000 -0.041607 0.077405 2.976343 1.000000 -0.074344 -0.501021 3.100530 1.000000 -0.135303 -0.878394 3.091948 1.000000 -0.168807 -0.950000 3.041257 1.000000 0.121953 0.073326 2.987725 1.000000 0.101697 -0.496042 3.096112 1.000000 0.127069 -0.871574 3.095151 1.000000 0.138905 -0.953029 3.046139 1.000000
31282769614 0.043058 0.164283 2.991628 1.000000 0.042572 0.219992 3.029094 1.000000 0.058686 0.524218 3.018334 1.000000 0.057688 0.680789 2.952226 1.000000 -0.135823 0.487218 3.016169 1.000000 -0.277345 0.689303 2.989943 1.000000 -0.216132 0.900756 2.959486 1.000000 -0.197642 0.974794 2.961217 1.000000 0.256466 0.512898 3.053133 1.000000 0.399036 0.732619 3.052596 1.000000 0.398515 0.949453 2.997701 1.000000 0.389654 1.024346 2.985914 1.000000 -0.042495 0.079141 2.976704 1.000000 -0.084057 -0.495532 3.098422 1.000000 -0.135657 -0.877636 3.092829 1.000000 -0.168786 -0.950624 3.043146 1.000000 0.121745 0.075422 2.987386 1.000000 0.105909 -0.494417 3.094915 1.000000 0.126841 -0.871826 3.096571 1.000000 0.140017 -0.953350 3.046552 1.000000
31282803868 0.043227 0.165965 2.991961 1.000000 0.042586 0.221573 3.029691 1.000000 0.058568 0.524748 3.018293 1.000000 0.058444 0.687702 2.954180 1.000000 -0.134321 0.487492 3.016485 1.000000 -0.276249 0.689875 2.990292 1.000000 -0.208055 0.898917 2.956933 1.000000 -0.189590 0.972935 2.959108 1.000000 0.256615 0.513334 3.053924 1.000000 0.396843 0.728687 3.051429 1.000000 0.378354 0.941376 2.981887 1.000000 0.369854 1.016234 2.969704 1.000000 -0.042574 0.080552 2.977758 1.000000 -0.080417 -0.500879 3.099705 1.000000 -0.136549 -0.884447 3.092425 1.000000 -0.168940 -0.951809 3.041533 1.000000 0.122361 0.078359 2.987108 1.000000 0.108580 -0.491400 3.094133 1.000000 0.126795 -0.871665 3.096358 1.000000 0.140570 -0.952844 3.046582 1.000000
31282836681 0.043343 0.166433 2.992046 1.000000 0.042654 0.222101 3.030116 1.000000 0.058689 0.525395 3.018480 1.000000 0.060667 0.690488 2.955601 1.000000 -0.132721 0.487951 3.016755 1.000000 -0.274250 0.689692 2.990662 1.000000 -0.193083 0.893495 2.952396 1.000000 -0.115063 0.960742 2.945131 1.000000 0.256352 0.512952 3.054252 1.000000 0.394731 0.726118 3.051750 1.000000 0.334046 0.928965 2.975938 1.000000 0.326073 1.003858 2.963599 1.000000 -0.042641 0.081321 2.977925 1.000000 -0.085425 -0.497309 3.099121 1.000000 -0.136829 -0.882543 3.093072 1.000000 -0.168890 -0.951175 3.042269 1.000000 0.122671 0.079176 2.987167 1.000000 0.109434 -0.490565 3.094438 1.000000 0.126841 -0.871680 3.096400 1.000000 0.139790 -0.953934 3.049694 1.000000
31282870125 0.043395 0.167125 2.992098 1.000000 0.042777 0.222621 3.030533 1.000000 0.059025 0.525491 3.018810 1.000000 0.060977 0.692112 2.956105 1.000000 -0.130235 0.488244 3.017024 1.000000 -0.269902 0.686572 2.991141 1.000000 -0.179484 0.885399 2.945674 1.000000 -0.120938 0.930203 2.925957 1.000000 0.254772 0.513266 3.053679 1.000000 0.392238 0.727293 3.049361 1.000000 0.278959 0.911042 2.989772 1.000000 0.270851 0.985892 2.977297 1.000000 -0.042311 0.083308 2.977855 1.000000 -0.088636 -0.493278 3.098138 1.000000 -0.136853 -0.882256 3.092770 1.000000 -0.168573 -0.950822 3.042814 1.000000 0.122195 0.080710 2.987234 1.000000 0.110071 -0.490677 3.094888 1.000000 0.126485 -0.872412 3.097601 1.000000 0.139598 -0.953433 3.050755 1.000000
31282904052 0.043940 0.167626 2.992218 1.000000 0.043292 0.223133 3.031015 1.000000 0.059819 0.526133 3.019266 1.000000 0.059931 0.692673 2.955510 1.000000 -0.126750 0.487130 3.016748 1.000000 -0.265335 0.684715 2.990836 1.000000 -0.168881 0.880414 2.943810 1.000000 -0.124860 0.940449 2.927047 1.000000 0.254618 0.513680 3.053811 1.000000 0.391297 0.727169 3.048260 1.000000 0.240234 0.946777 2.980917 1.000000 0.176291 0.978396 2.953816 1.000000 -0.040921 0.084275 2.977964 1.000000 -0.078811 -0.489859 3.096298 1.000000 -0.138228 -0.878068 3.093042 1.000000 -0.167750 -0.950783 3.046689 1.000000 0.122275 0.081605 2.987371 1.000000 0.110378 -0.490217 3.094806 1.000000 0.125940 -0.872741 3.097102 1.000000 0.140135 -0.953451 3.050750 1.000000
31282944969 0.044970 0.171152 2.992816 1.000000 0.044437 0.226261 3.031762 1.000000 0.060900 0.527312 3.019380 1.000000 0.060066 0.691277 2.955992 1.000000 -0.126122 0.491469 3.019678 1.000000 -0.259767 0.683490 2.989264 1.000000 -0.177052 0.884968 2.939929 1.000000 -0.144462 0.953400 2.931181 1.000000 0.255558 0.515782 3.055513 1.000000 0.390789 0.726957 3.046465 1.000000 0.252172 0.890457 2.980417 1.000000 0.181912 0.963032 2.959144 1.000000 -0.040208 0.086926 2.978293 1.000000 -0.082582 -0.488943 3.096237 1.000000 -0.137528 -0.874596 3.098059 1.000000 -0.167823 -0.945877 3.044130 1.000000 0.122818 0.084569 2.988168 1.000000 0.109881 -0.486644 3.093539 1.000000 0.125793 -0.872933 3.097135 1.000000 0.140532 -0.953672 3.049950 1.000000
31282978332 0.044938 0.173002 2.992929 1.000000 0.044707 0.227791 3.032273 1.000000 0.062053 0.528107 3.020176 1.000000 0.061092 0.691182 2.956663 1.000000 -0.126705 0.495815 3.020928 1.000000 -0.258271 0.684326 2.989069 1.000000 -0.127375 0.859722 2.946911 1.000000 -0.097132 0.929372 2.939579 1.000000 0.255993 0.516684 3.055163 1.000000 0.388430 0.723757 3.043498 1.000000 0.252781 0.892016 2.985319 1.000000 0.218933 0.904053 2.978962 1.000000 -0.040250 0.089221 2.978362 1.000000 -0.075479 -0.493002 3.098592 1.000000 -0.135866 -0.874683 3.099631 1.000000 -0.167378 -0.944559 3.044251 1.000000 0.122214 0.085598 2.987946 1.000000 0.110345 -0.486535 3.093803 1.000000 0.125766 -0.873066 3.097288 1.000000 0.140987 -0.953957 3.050947 1.000000
31283011850 0.044856 0.176327 2.993816 1.000000 0.044619 0.230352 3.033261 1.000000 0.062170 0.528204 3.020472 1.000000 0.064718 0.686882 2.958581 1.000000 -0.126905 0.497196 3.021806 1.000000 -0.253414 0.685705 2.986838 1.000000 -0.124036 0.862515 2.946628 1.000000 -0.093795 0.932161 2.939297 1.000000 0.257715 0.522674 3.057252 1.000000 0.385360 0.721226 3.039313 1.000000 0.250929 0.891156 2.983912 1.000000 0.194623 0.941623 2.973833 1.000000 -0.040151 0.092150 2.978621 1.000000 -0.070653 -0.496310 3.100450 1.000000 -0.135865 -0.870960 3.098517 1.000000 -0.168388 -0.944999 3.044984 1.000000 0.121608 0.087815 2.988974 1.000000 0.110996 -0.486158 3.094771 1.000000 0.125780 -0.873130 3.097214 1.000000 0.139912 -0.953438 3.048686 1.000000
31283045058 0.045212 0.177253 2.994028 1.000000 0.044938 0.231138 3.033697 1.000000 0.062732 0.528275 3.020864 1.000000 0.064713 0.685935 2.958266 1.000000 -0.126123 0.497272 3.021813 1.000000 -0.252171 0.685425 2.986064 1.000000 -0.124786 0.862152 2.937333 1.000000 -0.074451 0.919460 2.937248 1.000000 0.258997 0.523991 3.057982 1.000000 0.375952 0.712116 3.033949 1.000000 0.251808 0.890998 2.984539 1.000000 0.200330 0.946558 2.975541 1.000000 -0.039572 0.093255 2.978569 1.000000 -0.070730 -0.496612 3.100571 1.000000 -0.134381 -0.851154 3.114614 1.000000 -0.167230 -0.938874 3.048319 1.000000 0.121582 0.088542 2.989293 1.000000 0.111022 -0.486767 3.095163 1.000000 0.125577 -0.873156 3.097237 1.000000 0.139986 -0.953187 3.048540 1.000000
31283078427 0.045210 0.178226 2.994289 1.000000 0.044843 0.231848 3.034056 1.000000 0.062606 0.528160 3.020922 1.000000 0.067311 0.688315 2.956344 1.000000 -0.126849 0.499084 3.022211 1.000000 -0.251405 0.685834 2.985828 1.000000 -0.120647 0.859827 2.935984 1.000000 -0.060005 0.906035 2.933897 1.000000 0.258758 0.524146 3.058523 1.000000 0.379355 0.712696 3.038207 1.000000 0.243490 0.879487 2.975669 1.000000 0.195722 0.938827 2.971937 1.000000 -0.039309 0.094162 2.978784 1.000000 -0.071295 -0.495593 3.100781 1.000000 -0.136955 -0.858390 3.108868 1.000000 -0.166462 -0.943585 3.046608 1.000000 0.121394 0.089462 2.989645 1.000000 0.111192 -0.487175 3.095458 1.000000 0.125430 -0.873190 3.097626 1.000000 0.139941 -0.952335 3.048309 1.000000
31283111067 0.044986 0.180148 2.994016 1.000000 0.044629 0.233362 3.034113 1.000000 0.062603 0.528268 3.021110 1.000000 0.066829 0.685220 2.956835 1.000000 -0.126569 0.499281 3.022178 1.000000 -0.249724 0.686329 2.985907 1.000000 -0.116863 0.858861 2.936837 1.000000 -0.055109 0.903592 2.935634 1.000000 0.258667 0.524353 3.058702 1.000000 0.379684 0.714532 3.035350 1.000000 0.236776 0.875747 2.974273 1.000000 0.189462 0.935507 2.971864 1.000000 -0.040356 0.096836 2.977924 1.000000 -0.086025 -0.489790 3.098114 1.000000 -0.136973 -0.859350 3.108654 1.000000 -0.166511 -0.945272 3.050760 1.000000 0.121627 0.091670 2.989409 1.000000 0.110057 -0.487233 3.095854 1.000000 0.125620 -0.871548 3.097976 1.000000 0.139622 -0.952386 3.049709 1.000000
31283133393 0.044856 0.180288 2.994118 1.000000 0.044524 0.233503 3.034414 1.000000 0.062415 0.528309 3.021309 1.000000 0.066863 0.684782 2.956973 1.000000 -0.126543 0.499823 3.022596 1.000000 -0.249432 0.686384 2.985776 1.000000 -0.112718 0.855651 2.935744 1.000000 -0.050505 0.899736 2.934803 1.000000 0.256534 0.525209 3.058335 1.000000 0.382461 0.712711 3.034774 1.000000 0.231825 0.860702 2.957511 1.000000 0.185215 0.921054 2.957604 1.000000 -0.040320 0.096978 2.977939 1.000000 -0.075177 -0.499663 3.101276 1.000000 -0.138791 -0.866849 3.104875 1.000000 -0.168528 -0.945968 3.047461 1.000000 0.121024 0.092354 2.989900 1.000000 0.107273 -0.488898 3.097492 1.000000 0.125954 -0.872071 3.095828 1.000000 0.140492 -0.952243 3.047983 1.000000
31283178462 0.044436 0.180792 2.994052 1.000000 0.044134 0.234031 3.034479 1.000000 0.062248 0.528538 3.021197 1.000000 0.067131 0.685458 2.957258 1.000000 -0.126510 0.499778 3.022568 1.000000 -0.249113 0.686543 2.985435 1.000000 -0.108299 0.852713 2.936872 1.000000 -0.045825 0.896423 2.936242 1.000000 0.256171 0.525079 3.058003 1.000000 0.390318 0.711472 3.041072 1.000000 0.232866 0.849612 2.958484 1.000000 0.186188 0.909905 2.958577 1.000000 -0.040631 0.097617 2.977858 1.000000 -0.089284 -0.488140 3.094370 1.000000 -0.137251 -0.856050 3.104205 1.000000 -0.169020 -0.944445 3.047693 1.000000 0.120325 0.092986 2.989976 1.000000 0.109004 -0.487002 3.096709 1.000000 0.125854 -0.873061 3.094804 1.000000 0.140363 -0.952341 3.048176 1.000000
31283211832 0.043955 0.181405 2.994290 1.000000 0.043529 0.234610 3.034733 1.000000 0.061662 0.528568 3.021052 1.000000 0.074972 0.694696 2.960722 1.000000 -0.126339 0.499643 3.021676 1.000000 -0.248879 0.688105 2.985580 1.000000 -0.104435 0.850987 2.936483 1.000000 -0.041935 0.894653 2.936010 1.000000 0.256329 0.524937 3.058065 1.000000 0.389230 0.706706 3.039129 1.000000 0.233288 0.847503 2.958556 1.000000 0.186240 0.907499 2.958493 1.000000 -0.041137 0.098370 2.978593 1.000000 -0.090375 -0.487851 3.094950 1.000000 -0.138492 -0.858154 3.102006 1.000000 -0.169547 -0.943285 3.045850 1.000000 0.120019 0.093324 2.990031 1.000000 0.109721 -0.487658 3.096617 1.000000 0.125637 -0.873341 3.094507 1.000000 0.141025 -0.953414 3.049914 1.000000
31283245181 0.043549 0.181597 2.994677 1.000000 0.043324 0.234677 3.035295 1.000000 0.061963 0.528246 3.022024 1.000000 0.068352 0.760043 3.022777 1.000000 -0.126339 0.499859 3.022057 1.000000 -0.248958 0.689297 2.985683 1.000000 -0.100633 0.849109 2.938787 1.000000 -0.038108 0.892730 2.938470 1.000000 0.256221 0.524659 3.057504 1.000000 0.389736 0.706245 3.037721 1.000000 0.232587 0.846175 2.958212 1.000000 0.185414 0.906067 2.958085 1.000000 -0.041556 0.098498 2.979037 1.000000 -0.092235 -0.489721 3.095667 1.000000 -0.139619 -0.884007 3.092944 1.000000 -0.169550 -0.947831 3.039164 1.000000 0.119109 0.093726 2.990273 1.000000 0.107269 -0.489474 3.097461 1.000000 0.125824 -0.873525 3.095065 1.000000 0.141584 -0.953835 3.050974 1.000000
31283295525 0.043863 0.181457 2.994707 1.000000 0.044086 0.234545 3.035113 1.000000 0.068642 0.522660 3.019451 1.000000 0.072579 0.755035 3.023190 1.000000 -0.125023 0.499215 3.022019 1.000000 -0.248952 0.688734 2.985533 1.000000 -0.102303 0.849536 2.936210 1.000000 -0.039766 0.893133 2.936021 1.000000 0.256373 0.524534 3.057323 1.000000 0.389945 0.703808 3.033063 1.000000 0.232047 0.845675 2.959796 1.000000 0.184793 0.905497 2.959677 1.000000 -0.041272 0.098420 2.979188 1.000000 -0.094286 -0.492423 3.097393 1.000000 -0.139531 -0.883157 3.092163 1.000000 -0.171589 -0.950254 3.036941 1.000000 0.119027 0.093702 2.990356 1.000000 0.108664 -0.488720 3.096428 1.000000 0.125826 -0.873716 3.094973 1.000000 0.141499 -0.953908 3.050843 1.000000
31283327842 0.043564 0.182185 2.994470 1.000000 0.043734 0.234240 3.035448 1.000000 0.062918 0.520862 3.024206 1.000000 0.071619 0.752878 3.026114 1.000000 -0.124192 0.493633 3.021297 1.000000 -0.248892 0.687985 2.984782 1.000000 -0.102626 0.849459 2.937025 1.000000 -0.040087 0.893044 2.936852 1.000000 0.256283 0.524060 3.056821 1.000000 0.389622 0.702966 3.031638 1.000000 0.220449 0.831639 2.959420 1.000000 0.173035 0.891327 2.959419 1.000000 -0.042114 0.099767 2.977942 1.000000 -0.091176 -0.490998 3.096516 1.000000 -0.139799 -0.882677 3.091236 1.000000 -0.171713 -0.950380 3.037294 1.000000 0.119511 0.094626 2.989702 1.000000 0.109914 -0.487914 3.096017 1.000000 0.125968 -0.873737 3.095146 1.000000 0.141717 -0.953552 3.048836 1.000000
31283350431 0.043299 0.183307 2.994406 1.000000 0.043787 0.234343 3.035921 1.000000 0.062675 0.518049 3.025050 1.000000 0.069969 0.750543 3.029367 1.000000 -0.124076 0.492821 3.021362 1.000000 -0.249986 0.682811 2.983324 1.000000 -0.106045 0.846624 2.936925 1.000000 -0.043504 0.890198 2.936804 1.000000 0.250817 0.509355 3.052459 1.000000 0.390494 0.701456 3.030772 1.000000 0.215826 0.824973 2.963825 1.000000 0.168449 0.884686 2.963825 1.000000 -0.042754 0.103387 2.978092 1.000000 -0.099578 -0.349833 3.046102 1.000000 -0.126224 -0.777132 3.077906 1.000000 -0.119156 -0.820169 2.988178 1.000000 0.119228 0.095714 2.989027 1.000000 0.110657 -0.419189 3.072619 1.000000 0.122132 -0.849208 3.086383 1.000000 0.129200 -0.892246 2.996655 1.000000
31283395542 0.044758 0.184295 2.993115 1.000000 0.047422 0.242976 3.029410 1.000000 0.086975 0.566406 2.990585 1.000000 0.065716 0.787258 2.998407 1.000000 -0.124502 0.492527 3.021207 1.000000 -0.250232 0.684231 2.981959 1.000000 -0.102558 0.845295 2.938751 1.000000 -0.040009 0.888850 2.938657 1.000000 0.251498 0.512024 3.051672 1.000000 0.389832 0.700979 3.029472 1.000000 0.215241 0.825215 2.964014 1.000000 0.167872 0.884927 2.964015 1.000000 -0.042761 0.103333 2.978012 1.000000 -0.099182 -0.497559 3.099960 1.000000 -0.132884 -0.879447 3.090579 1.000000 -0.170109 -0.947008 3.034534 1.000000 0.120771 0.096882 2.989860 1.000000 0.100914 -0.454948 3.082895 1.000000 0.125901 -0.851211 3.107024 1.000000 0.138145 -0.948796 3.047990 1.000000
31283427884 0.044647 0.184403 2.993208 1.000000 0.046719 0.238187 3.030645 1.000000 0.056824 0.514648 3.025738 1.000000 0.058884 0.665039 2.960223 1.000000 -0.125431 0.491317 3.020609 1.000000 -0.250090 0.681409 2.982047 1.000000 -0.103583 0.843856 2.940735 1.000000 -0.041032 0.887393 2.940666 1.000000 0.252738 0.513801 3.052850 1.000000 0.390431 0.699839 3.028337 1.000000 0.211915 0.821144 2.969764 1.000000 0.164566 0.880862 2.969759 1.000000 -0.042761 0.103274 2.977943 1.000000 -0.096252 -0.431885 3.074566 1.000000 -0.130587 -0.860913 3.086431 1.000000 -0.169712 -0.946552 3.034591 1.000000 0.120778 0.096878 2.989852 1.000000 0.106465 -0.457016 3.085519 1.000000 0.125666 -0.855446 3.105347 1.000000 0.138446 -0.948922 3.048233 1.000000
31283450487 0.044650 0.184379 2.993188 1.000000 0.046834 0.238105 3.031121 1.000000 0.065537 0.512911 3.021390 1.000000 0.059379 0.664875 2.958902 1.000000 -0.125561 0.490921 3.020718 1.000000 -0.250019 0.679789 2.980437 1.000000 -0.104187 0.843318 2.942155 1.000000 -0.041641 0.886848 2.942094 1.000000 0.250581 0.508904 3.050949 1.000000 0.391842 0.699356 3.027399 1.000000 0.218919 0.823071 2.955661 1.000000 0.171587 0.882792 2.955664 1.000000 -0.042821 0.103435 2.977811 1.000000 -0.092346 -0.365723 3.049170 1.000000 -0.124616 -0.793152 3.077292 1.000000 -0.117806 -0.836277 2.987597 1.000000 0.120439 0.096621 2.989912 1.000000 0.107922 -0.449445 3.081790 1.000000 0.128487 -0.880224 3.081548 1.000000 0.139470 -0.957190 3.047705 1.000000
31283495605 0.045123 0.187068 2.991508 1.000000 0.047814 0.247148 3.024875 1.000000 0.073853 0.565918 2.984715 1.000000 0.064600 0.731360 2.971231 1.000000 -0.128625 0.501117 3.024989 1.000000 -0.251478 0.683236 2.979884 1.000000 -0.100027 0.841462 2.941060 1.000000 -0.034022 0.879422 2.938168 1.000000 0.250697 0.513161 3.050426 1.000000 0.391730 0.700086 3.026475 1.000000 0.214853 0.818204 2.955059 1.000000 0.167525 0.877921 2.955059 1.000000 -0.043016 0.104839 2.978130 1.000000 -0.095520 -0.482422 3.090184 1.000000 -0.134839 -0.840351 3.107762 1.000000 -0.163117 -0.933450 3.046990 1.000000 0.121252 0.098633 2.989545 1.000000 0.113168 -0.466236 3.089405 1.000000 0.127428 -0.879210 3.085259 1.000000 0.139641 -0.954537 3.048294 1.000000
31283527946 0.045901 0.188551 2.990900 1.000000 0.048854 0.248887 3.021232 1.000000 0.074711 0.565395 2.985310 1.000000 0.064619 0.734063 2.982736 1.000000 -0.129566 0.501951 3.024793 1.000000 -0.251161 0.684873 2.979546 1.000000 -0.096575 0.839737 2.939122 1.000000 -0.029938 0.876472 2.935223 1.000000 0.252248 0.516251 3.050606 1.000000 0.389520 0.699165 3.023429 1.000000 0.212477 0.820486 2.959674 1.000000 0.165153 0.880198 2.959675 1.000000 -0.043066 0.105100 2.978138 1.000000 -0.095263 -0.482902 3.091005 1.000000 -0.135796 -0.845365 3.106995 1.000000 -0.164498 -0.933670 3.041499 1.000000 0.122484 0.099895 2.989983 1.000000 0.113917 -0.474192 3.092131 1.000000 0.126687 -0.875974 3.089213 1.000000 0.138987 -0.950710 3.050146 1.000000
31283550252 0.046256 0.188895 2.990454 1.000000 0.049474 0.249270 3.018304 1.000000 0.076015 0.564036 2.985969 1.000000 0.061081 0.784668 2.998290 1.000000 -0.129579 0.501922 3.024760 1.000000 -0.250799 0.685002 2.978890 1.000000 -0.095729 0.839720 2.940626 1.000000 -0.030052 0.877986 2.935482 1.000000 0.251371 0.519079 3.050252 1.000000 0.389783 0.698851 3.022121 1.000000 0.212189 0.820044 2.960108 1.000000 0.164869 0.879751 2.960109 1.000000 -0.043017 0.105301 2.978109 1.000000 -0.095513 -0.482867 3.091085 1.000000 -0.136481 -0.851822 3.107115 1.000000 -0.164548 -0.933657 3.040090 1.000000 0.122776 0.100355 2.989934 1.000000 0.114138 -0.477964 3.093815 1.000000 0.126675 -0.875922 3.089345 1.000000 0.141107 -0.952413 3.050271 1.000000
31283595307 0.046795 0.188859 2.990319 1.000000 0.050064 0.249185 3.016280 1.000000 0.077111 0.562681 2.987910 1.000000 0.062350 0.782794 2.998078 1.000000 -0.129618 0.499618 3.024546 1.000000 -0.249395 0.683635 2.978801 1.000000 -0.096507 0.840506 2.940689 1.000000 -0.031458 0.879718 2.934828 1.000000 0.251189 0.521182 3.050428 1.000000 0.390652 0.700848 3.020601 1.000000 0.210787 0.819164 2.959953 1.000000 0.163469 0.878867 2.959953 1.000000 -0.042700 0.105031 2.978216 1.000000 -0.096164 -0.493256 3.096300 1.000000 -0.137492 -0.866567 3.102901 1.000000 -0.164633 -0.935330 3.038032 1.000000 0.123535 0.100691 2.990013 1.000000 0.114261 -0.480458 3.094315 1.000000 0.126759 -0.875423 3.091471 1.000000 0.141322 -0.951915 3.049534 1.000000
31283628040 0.046808 0.188879 2.990299 1.000000 0.050208 0.249251 3.014570 1.000000 0.077078 0.562464 2.988377 1.000000 0.063873 0.779456 2.996475 1.000000 -0.129626 0.499661 3.024518 1.000000 -0.249156 0.683835 2.978949 1.000000 -0.095911 0.840205 2.940064 1.000000 -0.031226 0.879946 2.933819 1.000000 0.251381 0.521334 3.050148 1.000000 0.391138 0.700747 3.019515 1.000000 0.210429 0.818778 2.961524 1.000000 0.163115 0.878476 2.961524 1.000000 -0.042795 0.105010 2.978308 1.000000 -0.096210 -0.494043 3.096795 1.000000 -0.137788 -0.872045 3.095615 1.000000 -0.167636 -0.939676 3.034941 1.000000 0.123649 0.100774 2.990108 1.000000 0.113450 -0.484533 3.096653 1.000000 0.126599 -0.874137 3.093117 1.000000 0.141324 -0.951867 3.049731 1.000000
31283650281 0.047174 0.188907 2.990147 1.000000 0.050584 0.249445 3.012811 1.000000 0.077112 0.562507 2.988301 1.000000 0.063873 0.777123 2.993469 1.000000 -0.129375 0.496509 3.023304 1.000000 -0.248510 0.682954 2.978900 1.000000 -0.095756 0.839818 2.940272 1.000000 -0.031580 0.880307 2.933655 1.000000 0.253247 0.522264 3.049943 1.000000 0.392331 0.702040 3.017753 1.000000 0.209272 0.817370 2.962438 1.000000 0.161961 0.877064 2.962439 1.000000 -0.042611 0.104603 2.978628 1.000000 -0.073212 -0.504641 3.101860 1.000000 -0.139036 -0.874141 3.093000 1.000000 -0.167712 -0.941174 3.028672 1.000000 0.124521 0.100863 2.990171 1.000000 0.113484 -0.484514 3.096633 1.000000 0.126455 -0.874296 3.093018 1.000000 0.142717 -0.953013 3.050715 1.000000
31283695374 0.047177 0.188916 2.990139 1.000000 0.050677 0.249482 3.011522 1.000000 0.078958 0.562006 2.989164 1.000000 0.066264 0.777906 2.996078 1.000000 -0.129415 0.496518 3.023317 1.000000 -0.248475 0.683050 2.978755 1.000000 -0.095221 0.839363 2.939900 1.000000 -0.031334 0.880236 2.932928 1.000000 0.254886 0.523854 3.051090 1.000000 0.392085 0.702381 3.017284 1.000000 0.206975 0.814909 2.963473 1.000000 0.159668 0.874599 2.963473 1.000000 -0.042655 0.104575 2.978699 1.000000 -0.071649 -0.504031 3.102615 1.000000 -0.138197 -0.869623 3.095774 1.000000 -0.167632 -0.941049 3.030071 1.000000 0.124053 0.100671 2.990300 1.000000 0.113873 -0.485769 3.097191 1.000000 0.125795 -0.874323 3.092610 1.000000 0.142332 -0.953024 3.050532 1.000000
31283728041 0.049070 0.189692 2.990155 1.000000 0.052190 0.250010 3.010242 1.000000 0.079174 0.560765 2.989072 1.000000 0.064783 0.775228 2.994323 1.000000 -0.129435 0.496672 3.023339 1.000000 -0.248471 0.683051 2.978750 1.000000 -0.093857 0.837971 2.939771 1.000000 -0.030341 0.879351 2.932474 1.000000 0.255110 0.523972 3.050938 1.000000 0.390218 0.700691 3.015928 1.000000 0.205357 0.815283 2.967173 1.000000 0.158054 0.874968 2.967173 1.000000 -0.041448 0.104657 2.978991 1.000000 -0.087264 -0.494268 3.099785 1.000000 -0.139118 -0.871253 3.091577 1.000000 -0.168166 -0.942986 3.030287 1.000000 0.127541 0.101982 2.991418 1.000000 0.114035 -0.485834 3.097116 1.000000 0.125837 -0.874033 3.092690 1.000000 0.141338 -0.952878 3.049581 1.000000
31283750492 0.049026 0.190685 2.990060 1.000000 0.052361 0.250937 3.009108 1.000000 0.079139 0.560758 2.989123 1.000000 0.065853 0.772505 2.991562 1.000000 -0.130992 0.503482 3.024976 1.000000 -0.250714 0.687260 2.977811 1.000000 -0.088914 0.834844 2.940106 1.000000 -0.023987 0.873076 2.929073 1.000000 0.255578 0.524022 3.050515 1.000000 0.390789 0.701235 3.014927 1.000000 0.205071 0.814743 2.967310 1.000000 0.157771 0.874423 2.967310 1.000000 -0.041887 0.105668 2.979441 1.000000 -0.089043 -0.493703 3.099028 1.000000 -0.139102 -0.871415 3.093537 1.000000 -0.168081 -0.947773 3.038228 1.000000 0.127542 0.102296 2.991317 1.000000 0.114103 -0.486278 3.097196 1.000000 0.125912 -0.872709 3.094007 1.000000 0.141231 -0.952390 3.048004 1.000000
31283795414 0.047911 0.189890 2.989697 1.000000 0.051668 0.250523 3.007833 1.000000 0.079052 0.560745 2.988978 1.000000 0.065180 0.773150 2.994389 1.000000 -0.130225 0.502397 3.024439 1.000000 -0.249887 0.686230 2.977641 1.000000 -0.089556 0.835357 2.939807 1.000000 -0.024580 0.872572 2.925977 1.000000 0.255687 0.524011 3.049948 1.000000 0.390448 0.701228 3.014297 1.000000 0.204597 0.814961 2.968309 1.000000 0.157301 0.874637 2.968309 1.000000 -0.042477 0.105353 2.979337 1.000000 -0.079638 -0.492189 3.099422 1.000000 -0.138930 -0.871097 3.093546 1.000000 -0.168623 -0.946238 3.038723 1.000000 0.124307 0.100686 2.991441 1.000000 0.114219 -0.485920 3.097732 1.000000 0.125976 -0.872507 3.093597 1.000000 0.141305 -0.952374 3.047789 1.000000
31283828129 0.047902 0.189907 2.989668 1.000000 0.051818 0.250537 3.007066 1.000000 0.080142 0.560482 2.989536 1.000000 0.065014 0.772971 2.994907 1.000000 -0.131009 0.506223 3.025935 1.000000 -0.251770 0.689077 2.977187 1.000000 -0.086836 0.833179 2.940033 1.000000 -0.021874 0.870549 2.926590 1.000000 0.255641 0.523865 3.050014 1.000000 0.390794 0.701524 3.014019 1.000000 0.204459 0.814243 2.967427 1.000000 0.157166 0.873915 2.967427 1.000000 -0.042531 0.105404 2.979314 1.000000 -0.075718 -0.493608 3.100136 1.000000 -0.138389 -0.869333 3.094350 1.000000 -0.168496 -0.944033 3.036913 1.000000 0.124070 0.100675 2.991367 1.000000 0.114099 -0.486272 3.097933 1.000000 0.125952 -0.872431 3.093599 1.000000 0.141362 -0.952421 3.047969 1.000000
31283850338 0.047471 0.189484 2.989790 1.000000 0.051458 0.250212 3.006474 1.000000 0.079022 0.559952 2.989696 1.000000 0.065144 0.772988 2.994638 1.000000 -0.130729 0.504982 3.026214 1.000000 -0.251043 0.688078 2.977259 1.000000 -0.087429 0.833514 2.939334 1.000000 -0.022731 0.871527 2.926463 1.000000 0.255785 0.523920 3.049535 1.000000 0.390354 0.701035 3.013968 1.000000 0.204518 0.815126 2.969459 1.000000 0.157228 0.874794 2.969459 1.000000 -0.042585 0.105047 2.979486 1.000000 -0.086338 -0.494193 3.099137 1.000000 -0.138399 -0.872622 3.092554 1.000000 -0.169569 -0.945004 3.039996 1.000000 0.122985 0.099979 2.991843 1.000000 0.114289 -0.487243 3.097347 1.000000 0.126075 -0.872164 3.098521 1.000000 0.141069 -0.952589 3.048900 1.000000
31283895467 0.047498 0.189667 2.989676 1.000000 0.051410 0.250474 3.005723 1.000000 0.078781 0.560159 2.989604 1.000000 0.065702 0.773198 2.994603 1.000000 -0.130569 0.503401 3.024380 1.000000 -0.250217 0.687139 2.977338 1.000000 -0.087036 0.832224 2.935063 1.000000 -0.023054 0.871518 2.922502 1.000000 0.256050 0.523722 3.049501 1.000000 0.390039 0.700473 3.013688 1.000000 0.203993 0.814028 2.968627 1.000000 0.156708 0.873691 2.968628 1.000000 -0.042706 0.105161 2.979328 1.000000 -0.089319 -0.486353 3.097027 1.000000 -0.138500 -0.865955 3.093673 1.000000 -0.169053 -0.943850 3.038677 1.000000 0.123322 0.100171 2.991899 1.000000 0.113149 -0.488658 3.097090 1.000000 0.125534 -0.872580 3.100923 1.000000 0.140755 -0.952366 3.048701 1.000000
31283928149 0.047554 0.189317 2.989516 1.000000 0.051482 0.250260 3.005004 1.000000 0.078720 0.560122 2.989416 1.000000 0.065654 0.773069 2.994588 1.000000 -0.130631 0.502966 3.024320 1.000000 -0.250040 0.686839 2.977328 1.000000 -0.087052 0.832230 2.935663 1.000000 -0.023251 0.871905 2.923408 1.000000 0.256211 0.523339 3.049467 1.000000 0.390526 0.700230 3.013462 1.000000 0.204416 0.813730 2.968731 1.000000 0.157133 0.873389 2.968731 1.000000 -0.042642 0.104810 2.979398 1.000000 -0.090389 -0.486019 3.097168 1.000000 -0.140425 -0.852173 3.106991 1.000000 -0.165242 -0.944498 3.043648 1.000000 0.123428 0.099647 2.991695 1.000000 0.108904 -0.492380 3.098731 1.000000 0.125398 -0.873002 3.102379 1.000000 0.140767 -0.952839 3.048900 1.000000
31283950348 0.047593 0.189163 2.989342 1.000000 0.051513 0.250194 3.004380 1.000000 0.078712 0.560168 2.989386 1.000000 0.065216 0.772956 2.992897 1.000000 -0.130222 0.499383 3.023082 1.000000 -0.248267 0.684259 2.977409 1.000000 -0.088973 0.833306 2.933958 1.000000 -0.025299 0.873264 2.922005 1.000000 0.255884 0.523192 3.049009 1.000000 0.390763 0.699908 3.013287 1.000000 0.204901 0.813861 2.968870 1.000000 0.157622 0.873515 2.968870 1.000000 -0.042750 0.104520 2.979197 1.000000 -0.092320 -0.491726 3.096766 1.000000 -0.137456 -0.886050 3.102406 1.000000 -0.167073 -0.947178 3.037549 1.000000 0.123601 0.099673 2.991595 1.000000 0.108351 -0.493109 3.098346 1.000000 0.125313 -0.873280 3.102929 1.000000 0.140967 -0.952873 3.049573 1.000000
31283995466 0.047447 0.189095 2.989475 1.000000 0.050805 0.249649 3.005230 1.000000 0.067211 0.559078 2.997222 1.000000 0.066511 0.774019 2.993540 1.000000 -0.130211 0.499391 3.023093 1.000000 -0.248245 0.684228 2.977235 1.000000 -0.088675 0.832997 2.934016 1.000000 -0.025137 0.873250 2.922369 1.000000 0.255955 0.523659 3.048824 1.000000 0.390939 0.699652 3.012935 1.000000 0.205148 0.813560 2.968075 1.000000 0.157873 0.873210 2.968075 1.000000 -0.042550 0.104380 2.979228 1.000000 -0.092988 -0.490608 3.095948 1.000000 -0.133096 -0.858749 3.110583 1.000000 -0.165862 -0.944336 3.041630 1.000000 0.123651 0.099664 2.991572 1.000000 0.109562 -0.493467 3.098285 1.000000 0.125100 -0.872257 3.102998 1.000000 0.140640 -0.952771 3.049665 1.000000
31284028183 0.047376 0.189294 2.989387 1.000000 0.050915 0.250095 3.004902 1.000000 0.072319 0.559443 2.992553 1.000000 0.067068 0.774158 2.993031 1.000000 -0.132027 0.504240 3.024588 1.000000 -0.250853 0.688315 2.976718 1.000000 -0.085335 0.830410 2.933528 1.000000 -0.021414 0.870198 2.922432 1.000000 0.255305 0.523486 3.048019 1.000000 0.390649 0.697910 3.012684 1.000000 0.206317 0.814258 2.968320 1.000000 0.159045 0.873903 2.968320 1.000000 -0.043065 0.104678 2.979539 1.000000 -0.093079 -0.490431 3.095949 1.000000 -0.135761 -0.860905 3.106249 1.000000 -0.168664 -0.948747 3.044374 1.000000 0.123639 0.099971 2.991436 1.000000 0.110536 -0.487638 3.096089 1.000000 0.125110 -0.872211 3.102936 1.000000 0.140701 -0.952724 3.049706 1.000000
31284050348 0.046349 0.188858 2.989245 1.000000 0.050182 0.249850 3.004556 1.000000 0.072430 0.559538 2.992210 1.000000 0.067813 0.774579 2.993203 1.000000 -0.131973 0.503942 3.024676 1.000000 -0.250752 0.687994 2.976572 1.000000 -0.085553 0.830621 2.934320 1.000000 -0.020911 0.869784 2.925430 1.000000 0.254718 0.523424 3.047694 1.000000 0.390254 0.696675 3.012171 1.000000 0.206379 0.813423 2.966772 1.000000 0.159111 0.873064 2.966772 1.000000 -0.043452 0.104549 2.979641 1.000000 -0.093708 -0.489337 3.095644 1.000000 -0.135974 -0.864537 3.103646 1.000000 -0.168490 -0.949367 3.046546 1.000000 0.121385 0.099517 2.991157 1.000000 0.111175 -0.487590 3.096929 1.000000 0.125628 -0.870779 3.101902 1.000000 0.140705 -0.952748 3.049679 1.000000
31284095539 0.046384 0.189480 2.989289 1.000000 0.050280 0.250532 3.004304 1.000000 0.074025 0.560524 2.991482 1.000000 0.067831 0.774682 2.992901 1.000000 -0.132434 0.505094 3.024526 1.000000 -0.251352 0.689014 2.976287 1.000000 -0.085261 0.830520 2.933804 1.000000 -0.020394 0.869427 2.925500 1.000000 0.255061 0.521907 3.048313 1.000000 0.389679 0.696092 3.011843 1.000000 0.207107 0.814640 2.965765 1.000000 0.159842 0.874276 2.965765 1.000000 -0.043903 0.105187 2.979784 1.000000 -0.077681 -0.496294 3.099363 1.000000 -0.136085 -0.866200 3.101867 1.000000 -0.168214 -0.949922 3.047442 1.000000 0.121686 0.099909 2.991321 1.000000 0.111851 -0.488648 3.097789 1.000000 0.125378 -0.870914 3.100507 1.000000 0.140784 -0.952743 3.049637 1.000000
31284128247 0.046436 0.189849 2.989579 1.000000 0.049953 0.250350 3.005328 1.000000 0.066145 0.555836 2.998543 1.000000 0.064968 0.788185 3.002171 1.000000 -0.132214 0.504795 3.024262 1.000000 -0.251186 0.688676 2.976206 1.000000 -0.085880 0.831013 2.933472 1.000000 -0.020925 0.869826 2.925486 1.000000 0.255055 0.521961 3.048339 1.000000 0.389990 0.696401 3.011625 1.000000 0.207246 0.814390 2.964649 1.000000 0.159985 0.874021 2.964649 1.000000 -0.043617 0.105450 2.979692 1.000000 -0.074785 -0.496660 3.099020 1.000000 -0.136319 -0.866536 3.100455 1.000000 -0.169386 -0.948066 3.045350 1.000000 0.123077 0.100793 2.991568 1.000000 0.112092 -0.488158 3.096999 1.000000 0.125389 -0.870835 3.100016 1.000000 0.140855 -0.952633 3.050139 1.000000
31284150672 0.045955 0.190303 2.989578 1.000000 0.049613 0.250928 3.005045 1.000000 0.068370 0.556280 2.993118 1.000000 0.064741 0.787512 3.000484 1.000000 -0.133452 0.507480 3.025101 1.000000 -0.253196 0.690565 2.974944 1.000000 -0.085060 0.829536 2.932320 1.000000 -0.020190 0.868421 2.924042 1.000000 0.255276 0.522263 3.048236 1.000000 0.389604 0.696274 3.011115 1.000000 0.207194 0.814772 2.964258 1.000000 0.159937 0.874399 2.964258 1.000000 -0.043959 0.105879 2.980220 1.000000 -0.087318 -0.485270 3.093733 1.000000 -0.136179 -0.867873 3.097864 1.000000 -0.170368 -0.947856 3.046216 1.000000 0.122094 0.100871 2.991645 1.000000 0.112768 -0.489220 3.097476 1.000000 0.125317 -0.870883 3.101728 1.000000 0.140843 -0.952471 3.049550 1.000000
31284195667 0.045998 0.190284 2.989624 1.000000 0.049575 0.250823 3.005166 1.000000 0.068186 0.556042 2.994186 1.000000 0.066402 0.789029 3.001743 1.000000 -0.132293 0.504369 3.024229 1.000000 -0.251489 0.687941 2.975271 1.000000 -0.088352 0.832615 2.932156 1.000000 -0.022770 0.870672 2.925960 1.000000 0.254798 0.523009 3.048091 1.000000 0.389870 0.696419 3.011012 1.000000 0.207749 0.814875 2.962615 1.000000 0.160495 0.874497 2.962615 1.000000 -0.043856 0.105872 2.980232 1.000000 -0.089279 -0.486358 3.095154 1.000000 -0.136093 -0.867742 3.097962 1.000000 -0.170375 -0.946600 3.046301 1.000000 0.122502 0.100983 2.991549 1.000000 0.113133 -0.490994 3.097565 1.000000 0.125398 -0.870909 3.100968 1.000000 0.140751 -0.951949 3.049239 1.000000
31284228941 0.046305 0.189994 2.989342 1.000000 0.049845 0.250456 3.004365 1.000000 0.068841 0.553516 2.990846 1.000000 0.070788 0.787488 3.004519 1.000000 -0.132144 0.499030 3.024065 1.000000 -0.249767 0.683569 2.974944 1.000000 -0.092914 0.835326 2.933501 1.000000 -0.028990 0.876316 2.929003 1.000000 0.254426 0.523098 3.047809 1.000000 0.389796 0.696744 3.010577 1.000000 0.207418 0.814946 2.962787 1.000000 0.160169 0.874563 2.962787 1.000000 -0.043473 0.105212 2.980209 1.000000 -0.090395 -0.485962 3.094662 1.000000 -0.137080 -0.849357 3.102513 1.000000 -0.170114 -0.944488 3.047602 1.000000 0.123291 0.101014 2.991253 1.000000 0.113352 -0.489869 3.097323 1.000000 0.125235 -0.871163 3.100326 1.000000 0.140743 -0.952164 3.049336 1.000000
31284261588 0.046518 0.189883 2.989263 1.000000 0.050179 0.250447 3.003851 1.000000 0.071826 0.554850 2.989733 1.000000 0.070947 0.788949 3.004356 1.000000 -0.132056 0.499061 3.024048 1.000000 -0.250186 0.683291 2.974913 1.000000 -0.093420 0.835222 2.934083 1.000000 -0.028932 0.875303 2.929541 1.000000 0.254278 0.522677 3.047269 1.000000 0.389627 0.696480 3.010847 1.000000 0.207915 0.815631 2.962934 1.000000 0.160670 0.875243 2.962934 1.000000 -0.043438 0.105180 2.980218 1.000000 -0.091084 -0.485695 3.095872 1.000000 -0.137194 -0.848264 3.102045 1.000000 -0.170232 -0.943832 3.047887 1.000000 0.123518 0.100960 2.991206 1.000000 0.113450 -0.489289 3.096610 1.000000 0.125406 -0.871159 3.100393 1.000000 0.138350 -0.951065 3.046423 1.000000
31284329042 0.046657 0.187722 2.988943 1.000000 0.050727 0.247987 3.004009 1.000000 0.077252 0.551124 2.993901 1.000000 0.066863 0.784793 3.006399 1.000000 -0.131411 0.497430 3.023615 1.000000 -0.255920 0.679168 2.974016 1.000000 -0.104076 0.836817 2.938354 1.000000 -0.036985 0.872294 2.933332 1.000000 0.253989 0.519422 3.046218 1.000000 0.395810 0.694593 3.013306 1.000000 0.214696 0.814012 2.963363 1.000000 0.167454 0.873620 2.963363 1.000000 -0.043409 0.103641 2.979779 1.000000 -0.091167 -0.485773 3.095990 1.000000 -0.136914 -0.859207 3.100846 1.000000 -0.170094 -0.946248 3.049802 1.000000 0.122635 0.098788 2.989935 1.000000 0.113176 -0.490346 3.097486 1.000000 0.125401 -0.871798 3.100048 1.000000 0.138631 -0.951492 3.046666 1.000000
31284361722 0.045160 0.177342 2.989745 1.000000 0.049471 0.238278 3.007371 1.000000 0.076490 0.546216 3.004589 1.000000 0.074127 0.702637 2.954274 1.000000 -0.131155 0.487309 3.020047 1.000000 -0.262403 0.676391 2.975684 1.000000 -0.116788 0.839505 2.938005 1.000000 -0.048025 0.871621 2.933042 1.000000 0.248632 0.502830 3.040894 1.000000 0.398821 0.693518 3.012361 1.000000 0.221154 0.818547 2.964372 1.000000 0.173914 0.878153 2.964372 1.000000 -0.043671 0.096929 2.979051 1.000000 -0.091707 -0.485887 3.096202 1.000000 -0.138340 -0.863706 3.096957 1.000000 -0.170267 -0.950176 3.052476 1.000000 0.119768 0.088502 2.988302 1.000000 0.113237 -0.491376 3.097842 1.000000 0.125646 -0.872013 3.098611 1.000000 0.139318 -0.952488 3.047735 1.000000
31284384051 0.045140 0.177051 2.990082 1.000000 0.049190 0.236605 3.010188 1.000000 0.073198 0.538101 3.013076 1.000000 0.073978 0.701720 2.953315 1.000000 -0.131831 0.488043 3.020294 1.000000 -0.270338 0.666838 2.976062 1.000000 -0.130537 0.835659 2.943909 1.000000 -0.071043 0.882571 2.937299 1.000000 0.249193 0.502623 3.040720 1.000000 0.404760 0.691379 3.012089 1.000000 0.229091 0.820758 2.970522 1.000000 0.181852 0.880361 2.970522 1.000000 -0.043527 0.096355 2.978930 1.000000 -0.083495 -0.488019 3.098573 1.000000 -0.138556 -0.863658 3.096362 1.000000 -0.170006 -0.945894 3.050069 1.000000 0.119802 0.087829 2.988303 1.000000 0.113267 -0.491350 3.097844 1.000000 0.125792 -0.872023 3.097024 1.000000 0.140394 -0.952522 3.045223 1.000000
31284429035 0.044955 0.176211 2.990401 1.000000 0.048813 0.234648 3.012958 1.000000 0.073064 0.534843 3.016300 1.000000 0.073647 0.693020 2.955369 1.000000 -0.132784 0.486423 3.020581 1.000000 -0.283929 0.659904 2.975192 1.000000 -0.186782 0.855837 2.986005 1.000000 -0.126489 0.897218 2.965147 1.000000 0.250892 0.500377 3.040857 1.000000 0.411147 0.682119 3.012783 1.000000 0.246930 0.826798 2.977238 1.000000 0.199697 0.886394 2.977238 1.000000 -0.044089 0.094921 2.978639 1.000000 -0.087078 -0.484971 3.096491 1.000000 -0.138042 -0.861528 3.096607 1.000000 -0.170266 -0.945152 3.049283 1.000000 0.119841 0.085883 2.987789 1.000000 0.113315 -0.491436 3.097955 1.000000 0.126655 -0.872847 3.093379 1.000000 0.140261 -0.953417 3.046545 1.000000
31284461777 0.044683 0.174940 2.990285 1.000000 0.048159 0.232963 3.014692 1.000000 0.071603 0.533790 3.016225 1.000000 0.072733 0.691848 2.954427 1.000000 -0.133251 0.484508 3.019599 1.000000 -0.286828 0.649136 2.976710 1.000000 -0.194080 0.848209 2.976281 1.000000 -0.120787 0.918802 2.961139 1.000000 0.252997 0.499840 3.040948 1.000000 0.413862 0.678194 3.012415 1.000000 0.276526 0.849776 2.989651 1.000000 0.229294 0.909371 2.989651 1.000000 -0.044725 0.091881 2.977189 1.000000 -0.072796 -0.505686 3.106160 1.000000 -0.138484 -0.867026 3.093457 1.000000 -0.170794 -0.945561 3.046189 1.000000 0.120335 0.083724 2.987601 1.000000 0.113703 -0.490530 3.097671 1.000000 0.126492 -0.873182 3.092667 1.000000 0.140260 -0.953689 3.047858 1.000000
31284483813 0.045376 0.174164 2.990338 1.000000 0.048741 0.231560 3.016657 1.000000 0.071831 0.531350 3.017529 1.000000 0.069929 0.690173 2.953082 1.000000 -0.134133 0.483174 3.019635 1.000000 -0.289661 0.646253 2.977760 1.000000 -0.194445 0.843898 2.948598 1.000000 -0.126739 0.878473 2.949492 1.000000 0.253988 0.499434 3.040997 1.000000 0.417991 0.674557 3.014125 1.000000 0.296298 0.857732 2.996073 1.000000 0.249075 0.917316 2.996073 1.000000 -0.043985 0.089651 2.976128 1.000000 -0.082655 -0.498623 3.100930 1.000000 -0.138382 -0.866001 3.092881 1.000000 -0.170715 -0.944691 3.045368 1.000000 0.122001 0.082765 2.987389 1.000000 0.113986 -0.490502 3.097325 1.000000 0.128756 -0.865263 3.103292 1.000000 0.141561 -0.951328 3.050164 1.000000
31284529118 0.046456 0.170383 2.989821 1.000000 0.049388 0.228253 3.017787 1.000000 0.071543 0.530954 3.017124 1.000000 0.067462 0.690403 2.951990 1.000000 -0.134225 0.480506 3.018749 1.000000 -0.297079 0.643596 2.979584 1.000000 -0.207649 0.844014 2.951757 1.000000 -0.157810 0.901246 2.947246 1.000000 0.254782 0.496886 3.039067 1.000000 0.426120 0.676165 3.019011 1.000000 0.303153 0.877043 3.003134 1.000000 0.255932 0.936623 3.003134 1.000000 -0.042928 0.084986 2.975164 1.000000 -0.085981 -0.495095 3.100604 1.000000 -0.135865 -0.855706 3.099053 1.000000 -0.170658 -0.943856 3.045027 1.000000 0.124075 0.079491 2.986860 1.000000 0.113911 -0.490442 3.097259 1.000000 0.128154 -0.867968 3.100605 1.000000 0.141725 -0.951946 3.050452 1.000000
31284595802 0.046803 0.159247 2.988328 1.000000 0.049086 0.219111 3.018456 1.000000 0.070488 0.530120 3.017246 1.000000 0.064361 0.691289 2.948867 1.000000 -0.135169 0.477175 3.017446 1.000000 -0.308219 0.632456 2.983352 1.000000 -0.265395 0.848186 2.968855 1.000000 -0.213121 0.902662 2.960072 1.000000 0.254341 0.495312 3.038385 1.000000 0.438807 0.659562 3.027123 1.000000 0.405551 0.876706 3.003133 1.000000 0.358340 0.936275 3.003133 1.000000 -0.040709 0.074664 2.973235 1.000000 -0.087788 -0.494771 3.100469 1.000000 -0.136345 -0.859614 3.099175 1.000000 -0.171953 -0.947251 3.050667 1.000000 0.124154 0.068476 2.984503 1.000000 0.114064 -0.490493 3.097707 1.000000 0.127653 -0.868623 3.100713 1.000000 0.142122 -0.952887 3.051091 1.000000
31284628535 0.047275 0.156017 2.987989 1.000000 0.049109 0.215919 3.019414 1.000000 0.068941 0.529302 3.016612 1.000000 0.064475 0.691271 2.947796 1.000000 -0.135631 0.476223 3.017221 1.000000 -0.319450 0.620945 2.986098 1.000000 -0.288084 0.838581 2.968421 1.000000 -0.238458 0.895520 2.959922 1.000000 0.254172 0.494918 3.038684 1.000000 0.444197 0.654692 3.032079 1.000000 0.414882 0.872397 3.008211 1.000000 0.367672 0.931964 3.008211 1.000000 -0.039530 0.071672 2.972716 1.000000 -0.089492 -0.492333 3.099339 1.000000 -0.136329 -0.860102 3.098437 1.000000 -0.172097 -0.945216 3.049378 1.000000 0.124947 0.064607 2.984429 1.000000 0.114033 -0.490617 3.097610 1.000000 0.128072 -0.868294 3.100353 1.000000 0.141949 -0.952508 3.049674 1.000000
31284650604 0.047141 0.155287 2.987520 1.000000 0.048772 0.214864 3.020309 1.000000 0.067955 0.528615 3.016806 1.000000 0.063969 0.691916 2.944767 1.000000 -0.135788 0.475785 3.016867 1.000000 -0.330777 0.624100 2.985201 1.000000 -0.299132 0.841736 2.972577 1.000000 -0.288583 0.914281 2.972750 1.000000 0.254264 0.494151 3.039023 1.000000 0.451587 0.652608 3.037612 1.000000 0.439075 0.872152 3.021118 1.000000 0.391870 0.931713 3.021118 1.000000 -0.039667 0.071296 2.972110 1.000000 -0.077715 -0.496527 3.103640 1.000000 -0.136718 -0.860420 3.100079 1.000000 -0.172431 -0.944019 3.047615 1.000000 0.125053 0.063230 2.983516 1.000000 0.113934 -0.490831 3.097785 1.000000 0.127913 -0.868618 3.100278 1.000000 0.142242 -0.952358 3.049755 1.000000
31284695904 0.047207 0.154073 2.986689 1.000000 0.048691 0.213738 3.020318 1.000000 0.067258 0.528658 3.014436 1.000000 0.063773 0.692056 2.944363 1.000000 -0.137227 0.473620 3.016650 1.000000 -0.341546 0.597567 2.996733 1.000000 -0.378561 0.813748 2.967473 1.000000 -0.390899 0.885809 2.962101 1.000000 0.254330 0.493812 3.039475 1.000000 0.457021 0.652179 3.040101 1.000000 0.467666 0.871833 3.025250 1.000000 0.453984 0.973063 3.036972 1.000000 -0.039510 0.068744 2.970924 1.000000 -0.086857 -0.492801 3.099169 1.000000 -0.136595 -0.859010 3.099980 1.000000 -0.170123 -0.944327 3.046018 1.000000 0.125170 0.062444 2.983193 1.000000 0.112875 -0.491969 3.098976 1.000000 0.126656 -0.869695 3.100491 1.000000 0.142231 -0.952197 3.049533 1.000000
31284729173 0.047180 0.153195 2.986139 1.000000 0.048258 0.212499 3.020346 1.000000 0.063959 0.525654 3.012457 1.000000 0.063691 0.691368 2.943295 1.000000 -0.138064 0.471989 3.017274 1.000000 -0.349956 0.575672 3.004432 1.000000 -0.380195 0.792358 2.969096 1.000000 -0.390274 0.864587 2.961698 1.000000 0.256557 0.492666 3.041409 1.000000 0.470678 0.625020 3.057059 1.000000 0.501239 0.842474 3.032080 1.000000 0.491324 0.944555 3.039358 1.000000 -0.039412 0.067554 2.970430 1.000000 -0.088407 -0.492291 3.098947 1.000000 -0.137616 -0.861205 3.097877 1.000000 -0.169516 -0.944844 3.046374 1.000000 0.125828 0.060357 2.982299 1.000000 0.109609 -0.492985 3.099218 1.000000 0.126549 -0.869715 3.100538 1.000000 0.141609 -0.951535 3.052948 1.000000
31284762562 0.047138 0.152460 2.984626 1.000000 0.047529 0.211681 3.019414 1.000000 0.062549 0.525284 3.010685 1.000000 0.062730 0.691873 2.942334 1.000000 -0.138023 0.466645 3.016177 1.000000 -0.351772 0.569324 3.012027 1.000000 -0.410308 0.779850 2.974209 1.000000 -0.429820 0.850025 2.965984 1.000000 0.259474 0.490760 3.046020 1.000000 0.479765 0.609368 3.066721 1.000000 0.521290 0.824532 3.035232 1.000000 0.532675 0.926548 3.041507 1.000000 -0.040058 0.066385 2.968928 1.000000 -0.089752 -0.490587 3.099144 1.000000 -0.136125 -0.862930 3.094397 1.000000 -0.169192 -0.946169 3.048088 1.000000 0.127114 0.059235 2.980360 1.000000 0.110310 -0.493801 3.099316 1.000000 0.126212 -0.870516 3.099786 1.000000 0.141873 -0.951767 3.052741 1.000000
31284795230 0.046395 0.148980 2.981417 1.000000 0.046190 0.208651 3.016897 1.000000 0.059527 0.525029 3.007633 1.000000 0.061554 0.690804 2.938897 1.000000 -0.138499 0.462958 3.016103 1.000000 -0.351494 0.553776 3.022531 1.000000 -0.427247 0.758674 2.984299 1.000000 -0.452498 0.826973 2.975936 1.000000 0.257690 0.482630 3.047287 1.000000 0.477705 0.583067 3.078244 1.000000 0.561016 0.786251 3.053843 1.000000 0.578327 0.887564 3.057248 1.000000 -0.040980 0.063696 2.965929 1.000000 -0.090142 -0.490370 3.098809 1.000000 -0.136191 -0.862842 3.095395 1.000000 -0.169824 -0.945114 3.048184 1.000000 0.127729 0.056016 2.977943 1.000000 0.110718 -0.495093 3.099741 1.000000 0.126614 -0.866715 3.103518 1.000000 0.141507 -0.950728 3.051697 1.000000
31284817452 0.045107 0.146377 2.979779 1.000000 0.044947 0.206209 3.016211 1.000000 0.059106 0.524642 3.007470 1.000000 0.061291 0.690693 2.938475 1.000000 -0.138888 0.461828 3.016710 1.000000 -0.348826 0.523778 3.032488 1.000000 -0.455158 0.735959 2.989942 1.000000 -0.490602 0.806686 2.980140 1.000000 0.256260 0.473321 3.047230 1.000000 0.465820 0.530273 3.076048 1.000000 0.571387 0.765205 3.056320 1.000000 0.601657 0.862944 3.066828 1.000000 -0.042903 0.061093 2.963859 1.000000 -0.090591 -0.490253 3.098512 1.000000 -0.136296 -0.862534 3.095817 1.000000 -0.169962 -0.943350 3.047526 1.000000 0.126845 0.053652 2.976293 1.000000 0.110993 -0.495188 3.099752 1.000000 0.125860 -0.868695 3.098179 1.000000 0.141443 -0.950584 3.051903 1.000000
31284862565 0.043970 0.142811 2.978302 1.000000 0.043676 0.203030 3.015562 1.000000 0.057390 0.524021 3.006826 1.000000 0.059746 0.689705 2.938321 1.000000 -0.138775 0.460240 3.017689 1.000000 -0.353639 0.510662 3.033837 1.000000 -0.486917 0.731486 2.998468 1.000000 -0.531343 0.805094 2.991059 1.000000 0.256166 0.470604 3.047215 1.000000 0.468320 0.527643 3.076049 1.000000 0.610112 0.763400 3.065692 1.000000 0.643175 0.860727 3.069639 1.000000 -0.043288 0.057973 2.962479 1.000000 -0.092890 -0.496269 3.101219 1.000000 -0.137175 -0.876769 3.096735 1.000000 -0.169434 -0.947312 3.044108 1.000000 0.125593 0.050307 2.974835 1.000000 0.107157 -0.496719 3.100358 1.000000 0.125738 -0.868935 3.097964 1.000000 0.141910 -0.951451 3.052291 1.000000
31284895968 0.043398 0.141611 2.977373 1.000000 0.043260 0.201707 3.015277 1.000000 0.056776 0.523340 3.006128 1.000000 0.059809 0.689508 2.937446 1.000000 -0.138878 0.457348 3.019831 1.000000 -0.360799 0.493074 3.032163 1.000000 -0.515588 0.722754 2.999969 1.000000 -0.567185 0.799314 2.993619 1.000000 0.255735 0.467718 3.046725 1.000000 0.476243 0.524703 3.076853 1.000000 0.642310 0.750912 3.058429 1.000000 0.691952 0.840868 3.063555 1.000000 -0.044194 0.057031 2.961690 1.000000 -0.084958 -0.496199 3.100689 1.000000 -0.138170 -0.873978 3.097923 1.000000 -0.167899 -0.946798 3.049654 1.000000 0.125351 0.049019 2.973739 1.000000 0.107860 -0.497464 3.099670 1.000000 0.125764 -0.868999 3.097834 1.000000 0.141781 -0.951211 3.050486 1.000000
31284929252 0.043135 0.138797 2.976235 1.000000 0.043175 0.199487 3.014965 1.000000 0.056736 0.523386 3.005819 1.000000 0.058627 0.690314 2.936142 1.000000 -0.136334 0.451128 3.020542 1.000000 -0.365696 0.481445 3.037776 1.000000 -0.553055 0.702369 3.000373 1.000000 -0.615507 0.776010 2.992285 1.000000 0.255607 0.465616 3.045991 1.000000 0.486187 0.513571 3.078552 1.000000 0.682074 0.737327 3.064485 1.000000 0.739746 0.823730 3.064859 1.000000 -0.044479 0.055664 2.960962 1.000000 -0.088859 -0.490295 3.096390 1.000000 -0.137803 -0.867293 3.100752 1.000000 -0.168431 -0.944919 3.050251 1.000000 0.125091 0.046134 2.972593 1.000000 0.109025 -0.497830 3.100016 1.000000 0.125494 -0.868857 3.097811 1.000000 0.141815 -0.951210 3.050490 1.000000
31284962698 0.043254 0.134540 2.977030 1.000000 0.043311 0.196027 3.016205 1.000000 0.056520 0.523132 3.006021 1.000000 0.058460 0.689930 2.935477 1.000000 -0.135317 0.447907 3.021930 1.000000 -0.374291 0.468224 3.042948 1.000000 -0.567383 0.651367 3.002360 1.000000 -0.631747 0.712415 2.993211 1.000000 0.254973 0.462364 3.045279 1.000000 0.495250 0.491650 3.082231 1.000000 0.696777 0.683594 3.062907 1.000000 0.755371 0.752441 3.060954 1.000000 -0.043574 0.052331 2.961740 1.000000 -0.089582 -0.489129 3.095993 1.000000 -0.137561 -0.865763 3.100168 1.000000 -0.168553 -0.944433 3.049062 1.000000 0.124635 0.042301 2.973413 1.000000 0.109731 -0.497916 3.100241 1.000000 0.125403 -0.868892 3.097052 1.000000 0.142051 -0.951243 3.050359 1.000000
31284995965 0.043978 0.129866 2.977987 1.000000 0.043754 0.192085 3.017447 1.000000 0.056192 0.522604 3.006263 1.000000 0.059089 0.688236 2.936524 1.000000 -0.134015 0.444505 3.021888 1.000000 -0.383547 0.455518 3.046211 1.000000 -0.599977 0.645405 3.002361 1.000000 -0.672121 0.708700 2.992125 1.000000 0.253013 0.456841 3.044585 1.000000 0.492899 0.469862 3.082018 1.000000 0.727043 0.652458 3.052613 1.000000 0.778208 0.708615 3.055109 1.000000 -0.041948 0.048377 2.962275 1.000000 -0.090631 -0.486549 3.096458 1.000000 -0.137718 -0.865324 3.100826 1.000000 -0.168957 -0.943492 3.047993 1.000000 0.124946 0.038652 2.975007 1.000000 0.111088 -0.499935 3.101048 1.000000 0.125370 -0.869248 3.099182 1.000000 0.142014 -0.951227 3.050369 1.000000
31285029393 0.044171 0.126831 2.978424 1.000000 0.043775 0.189579 3.018012 1.000000 0.056120 0.522424 3.006120 1.000000 0.058925 0.688208 2.936536 1.000000 -0.132844 0.441690 3.021861 1.000000 -0.380126 0.419443 3.058654 1.000000 -0.566854 0.532144 3.018309 1.000000 -0.629096 0.569711 3.009242 1.000000 0.251719 0.452422 3.045373 1.000000 0.496417 0.444367 3.081941 1.000000 0.710449 0.565430 3.053142 1.000000 0.790033 0.628405 3.069751 1.000000 -0.041450 0.045944 2.962666 1.000000 -0.090791 -0.486795 3.096423 1.000000 -0.133484 -0.855628 3.106921 1.000000 -0.169471 -0.942647 3.048094 1.000000 0.124923 0.036018 2.976103 1.000000 0.111996 -0.499490 3.100884 1.000000 0.125295 -0.869624 3.099210 1.000000 0.141345 -0.951409 3.049902 1.000000
31285062705 0.043280 0.121351 2.979925 1.000000 0.043102 0.184896 3.019367 1.000000 0.055560 0.521376 3.006126 1.000000 0.058504 0.687259 2.937358 1.000000 -0.131541 0.439089 3.021841 1.000000 -0.342041 0.375732 3.058474 1.000000 -0.543416 0.460417 3.021326 1.000000 -0.610542 0.488645 3.013324 1.000000 0.247910 0.445591 3.042937 1.000000 0.461670 0.397461 3.083864 1.000000 0.669084 0.468142 3.053893 1.000000 0.728575 0.515338 3.050720 1.000000 -0.041378 0.041612 2.964806 1.000000 -0.063581 -0.505087 3.107436 1.000000 -0.133774 -0.856232 3.106967 1.000000 -0.169896 -0.942515 3.047745 1.000000 0.123426 0.032276 2.977598 1.000000 0.112360 -0.500160 3.101007 1.000000 0.125653 -0.869417 3.098825 1.000000 0.141542 -0.951290 3.049819 1.000000
31285096138 0.043013 0.117422 2.980014 1.000000 0.042764 0.181666 3.019579 1.000000 0.055387 0.521114 3.006130 1.000000 0.058332 0.687731 2.936952 1.000000 -0.130526 0.435146 3.020687 1.000000 -0.339063 0.368189 3.056887 1.000000 -0.550688 0.421316 3.017580 1.000000 -0.621230 0.439025 3.008858 1.000000 0.245160 0.442474 3.042467 1.000000 0.465128 0.384140 3.083866 1.000000 0.680043 0.427624 3.056125 1.000000 0.746626 0.464267 3.056169 1.000000 -0.041097 0.038978 2.965592 1.000000 -0.064790 -0.503523 3.108307 1.000000 -0.134182 -0.857533 3.105949 1.000000 -0.170067 -0.942536 3.047804 1.000000 0.122661 0.029144 2.977371 1.000000 0.112542 -0.502229 3.102530 1.000000 0.125508 -0.869577 3.099703 1.000000 0.141598 -0.951178 3.049604 1.000000
31285129452 0.043128 0.114697 2.979750 1.000000 0.043063 0.179342 3.019085 1.000000 0.056323 0.520313 3.004581 1.000000 0.058367 0.688575 2.935732 1.000000 -0.129633 0.432748 3.020493 1.000000 -0.335933 0.347466 3.056652 1.000000 -0.554070 0.373485 3.038410 1.000000 -0.624184 0.401948 3.031222 1.000000 0.243609 0.439558 3.042170 1.000000 0.472347 0.368883 3.082731 1.000000 0.688453 0.402535 3.048317 1.000000 0.785684 0.436037 3.048317 1.000000 -0.040894 0.035776 2.965650 1.000000 -0.084282 -0.502846 3.106715 1.000000 -0.135159 -0.868129 3.098709 1.000000 -0.170301 -0.943882 3.045880 1.000000 0.122310 0.027658 2.977643 1.000000 0.112715 -0.502325 3.102793 1.000000 0.125387 -0.869705 3.100018 1.000000 0.141765 -0.951510 3.049898 1.000000
31285162730 0.043020 0.112094 2.979930 1.000000 0.043074 0.176832 3.018982 1.000000 0.056532 0.518652 3.003754 1.000000 0.058381 0.688387 2.936241 1.000000 -0.129447 0.430360 3.020777 1.000000 -0.336652 0.320941 3.060853 1.000000 -0.552450 0.359727 3.033170 1.000000 -0.651574 0.384249 3.020962 1.000000 0.241384 0.435639 3.041913 1.000000 0.472772 0.339440 3.080603 1.000000 0.687817 0.378979 3.045620 1.000000 0.785047 0.412480 3.045620 1.000000 -0.040958 0.033426 2.966393 1.000000 -0.064444 -0.508254 3.109881 1.000000 -0.135331 -0.865837 3.102394 1.000000 -0.170562 -0.942384 3.045337 1.000000 0.121951 0.025554 2.977898 1.000000 0.112890 -0.503260 3.103565 1.000000 0.124332 -0.873704 3.095813 1.000000 0.142300 -0.955615 3.054217 1.000000
31285196050 0.042289 0.110447 2.980053 1.000000 0.042642 0.175435 3.018842 1.000000 0.056646 0.518135 3.003357 1.000000 0.058282 0.688500 2.936216 1.000000 -0.130321 0.427655 3.021494 1.000000 -0.333879 0.298891 3.064503 1.000000 -0.552291 0.311840 3.031026 1.000000 -0.654053 0.325420 3.025039 1.000000 0.240148 0.432398 3.041756 1.000000 0.473938 0.312759 3.078705 1.000000 0.691905 0.302305 3.039753 1.000000 0.789134 0.335806 3.039753 1.000000 -0.042097 0.031672 2.967554 1.000000 -0.064051 -0.511312 3.110317 1.000000 -0.137393 -0.885474 3.096782 1.000000 -0.171439 -0.948931 3.042141 1.000000 0.120875 0.023365 2.977516 1.000000 0.113051 -0.505888 3.103173 1.000000 0.124819 -0.873756 3.097052 1.000000 0.142217 -0.955366 3.054645 1.000000
31285229448 0.041545 0.104623 2.980788 1.000000 0.042340 0.170928 3.019273 1.000000 0.056866 0.517762 3.003438 1.000000 0.058222 0.688866 2.936349 1.000000 -0.129546 0.419537 3.020022 1.000000 -0.324028 0.273391 3.064382 1.000000 -0.541341 0.255541 3.024010 1.000000 -0.642441 0.273796 3.019413 1.000000 0.238975 0.422691 3.038913 1.000000 0.452613 0.287495 3.081321 1.000000 0.670293 0.263447 3.050235 1.000000 0.767522 0.296948 3.050235 1.000000 -0.043160 0.026774 2.968737 1.000000 -0.063690 -0.510531 3.110234 1.000000 -0.137712 -0.880741 3.097017 1.000000 -0.168241 -0.948478 3.043928 1.000000 0.119989 0.017564 2.978169 1.000000 0.113876 -0.505483 3.102995 1.000000 0.124809 -0.873724 3.097066 1.000000 0.142353 -0.954953 3.054202 1.000000
31285262768 0.041320 0.103171 2.981114 1.000000 0.042326 0.169558 3.019230 1.000000 0.056883 0.517158 3.003066 1.000000 0.057977 0.689051 2.936460 1.000000 -0.130115 0.414725 3.021197 1.000000 -0.322810 0.258942 3.062245 1.000000 -0.536002 0.212674 3.022778 1.000000 -0.637735 0.226846 3.017758 1.000000 0.239615 0.420988 3.038626 1.000000 0.442588 0.272862 3.080514 1.000000 0.644782 0.188915 3.048518 1.000000 0.712180 0.160933 3.042235 1.000000 -0.043723 0.024468 2.969801 1.000000 -0.078707 -0.500835 3.105131 1.000000 -0.136263 -0.873864 3.100302 1.000000 -0.169063 -0.947766 3.043463 1.000000 0.119873 0.015765 2.978429 1.000000 0.114254 -0.505887 3.102876 1.000000 0.124715 -0.872695 3.099367 1.000000 0.141407 -0.953731 3.051289 1.000000
31285296188 0.040688 0.098891 2.981978 1.000000 0.042324 0.166280 3.019898 1.000000 0.057954 0.516985 3.003903 1.000000 0.058239 0.689956 2.937088 1.000000 -0.129319 0.412504 3.020901 1.000000 -0.313864 0.224150 3.062366 1.000000 -0.554688 0.159424 3.012133 1.000000 -0.657474 0.162928 3.012133 1.000000 0.237313 0.413790 3.035785 1.000000 0.431635 0.255509 3.082672 1.000000 0.614593 0.135814 3.047471 1.000000 0.688814 0.120033 3.042908 1.000000 -0.044430 0.021904 2.970735 1.000000 -0.083100 -0.497227 3.104020 1.000000 -0.136139 -0.873223 3.100685 1.000000 -0.169468 -0.946956 3.042785 1.000000 0.118779 0.012043 2.978937 1.000000 0.114666 -0.507525 3.104309 1.000000 0.124843 -0.872863 3.099743 1.000000 0.140924 -0.953670 3.051424 1.000000
31285329490 0.040070 0.095416 2.982324 1.000000 0.042220 0.163471 3.020180 1.000000 0.059299 0.516832 3.004646 1.000000 0.057844 0.690208 2.937358 1.000000 -0.128329 0.410856 3.020298 1.000000 -0.256348 0.215454 3.060437 1.000000 -0.455862 0.126839 3.022220 1.000000 -0.555232 0.102836 3.010951 1.000000 0.237043 0.409283 3.033849 1.000000 0.423331 0.220288 3.082033 1.000000 0.610000 0.106837 3.044992 1.000000 0.677177 0.072939 3.034187 1.000000 -0.045280 0.019033 2.971552 1.000000 -0.085845 -0.498151 3.104936 1.000000 -0.136101 -0.873069 3.100617 1.000000 -0.168775 -0.948049 3.050578 1.000000 0.117627 0.008859 2.978766 1.000000 0.114649 -0.507260 3.104275 1.000000 0.124903 -0.872679 3.099859 1.000000 0.141197 -0.953552 3.052011 1.000000
31285362868 0.040080 0.093608 2.982745 1.000000 0.042404 0.161619 3.020609 1.000000 0.059708 0.516222 3.005447 1.000000 0.057559 0.689938 2.938209 1.000000 -0.127865 0.410105 3.020501 1.000000 -0.253427 0.206850 3.059604 1.000000 -0.449707 0.098389 3.014088 1.000000 -0.541820 0.063249 2.984765 1.000000 0.236803 0.407256 3.032476 1.000000 0.399617 0.202911 3.086467 1.000000 0.580538 0.085076 3.032454 1.000000 0.635019 0.041782 3.001841 1.000000 -0.045191 0.017074 2.972285 1.000000 -0.087490 -0.500080 3.106055 1.000000 -0.136991 -0.874011 3.097980 1.000000 -0.168989 -0.947954 3.049878 1.000000 0.117492 0.007627 2.978837 1.000000 0.114556 -0.507369 3.104254 1.000000 0.124857 -0.872724 3.099740 1.000000 0.140786 -0.953158 3.051626 1.000000
31285395497 0.040003 0.092817 2.982631 1.000000 0.042371 0.160738 3.020647 1.000000 0.059744 0.515862 3.006379 1.000000 0.057579 0.687607 2.945784 1.000000 -0.127133 0.409834 3.020666 1.000000 -0.248557 0.196677 3.057192 1.000000 -0.422062 0.059745 3.004473 1.000000 -0.512003 0.012297 2.989029 1.000000 0.236467 0.404163 3.031752 1.000000 0.382933 0.184000 3.083228 1.000000 0.538544 0.033467 3.032471 1.000000 0.612187 -0.031122 3.001097 1.000000 -0.045170 0.016733 2.972218 1.000000 -0.088864 -0.498495 3.105595 1.000000 -0.137213 -0.852501 3.100266 1.000000 -0.169964 -0.946374 3.047031 1.000000 0.117317 0.006830 2.978449 1.000000 0.112270 -0.507004 3.106041 1.000000 0.124904 -0.872704 3.098995 1.000000 0.140747 -0.952771 3.051342 1.000000
31285417318 0.039855 0.092027 2.982846 1.000000 0.042253 0.159955 3.020918 1.000000 0.059848 0.515667 3.006711 1.000000 0.058273 0.687995 2.945878 1.000000 -0.126294 0.409331 3.020553 1.000000 -0.237932 0.169155 3.055185 1.000000 -0.408301 0.021501 2.995426 1.000000 -0.467289 -0.023636 2.979282 1.000000 0.236518 0.403152 3.031443 1.000000 0.370691 0.170060 3.077551 1.000000 0.516217 0.008529 3.032387 1.000000 0.528320 -0.007404 3.012137 1.000000 -0.045215 0.016260 2.972494 1.000000 -0.089379 -0.498524 3.105616 1.000000 -0.138320 -0.859353 3.098500 1.000000 -0.169166 -0.946784 3.047558 1.000000 0.117022 0.006063 2.978535 1.000000 0.112327 -0.506904 3.105679 1.000000 0.125139 -0.872687 3.098383 1.000000 0.141334 -0.952490 3.048209 1.000000
31285462854 0.039904 0.090599 2.983200 1.000000 0.042357 0.158716 3.021290 1.000000 0.059882 0.515510 3.006978 1.000000 0.057964 0.689775 2.947530 1.000000 -0.125489 0.408578 3.020741 1.000000 -0.232218 0.164841 3.052668 1.000000 -0.389403 0.002301 2.985913 1.000000 -0.451921 -0.038384 2.971303 1.000000 0.234803 0.402505 3.030691 1.000000 0.353864 0.150460 3.073655 1.000000 0.483464 -0.023025 3.022972 1.000000 0.522668 -0.085371 3.004177 1.000000 -0.044751 0.015069 2.973261 1.000000 -0.093519 -0.509441 3.109580 1.000000 -0.140812 -0.873612 3.085788 1.000000 -0.169978 -0.948717 3.044772 1.000000 0.116885 0.005682 2.978575 1.000000 0.099903 -0.511121 3.105734 1.000000 0.125075 -0.872275 3.098699 1.000000 0.141279 -0.952888 3.051229 1.000000
31285496286 0.040086 0.089845 2.983353 1.000000 0.042582 0.157948 3.021560 1.000000 0.060088 0.515238 3.007570 1.000000 0.059341 0.691163 2.947716 1.000000 -0.124250 0.408033 3.020595 1.000000 -0.228167 0.155962 3.044833 1.000000 -0.335874 -0.029826 2.984865 1.000000 -0.397430 -0.071645 2.969407 1.000000 0.233881 0.402632 3.029917 1.000000 0.346406 0.143847 3.071210 1.000000 0.451929 -0.048159 3.040490 1.000000 0.460496 -0.122962 3.050871 1.000000 -0.044167 0.014223 2.973868 1.000000 -0.093612 -0.510377 3.109871 1.000000 -0.140414 -0.873537 3.086574 1.000000 -0.170100 -0.948487 3.044407 1.000000 0.116860 0.005625 2.978500 1.000000 0.105769 -0.507101 3.105016 1.000000 0.126114 -0.867578 3.103260 1.000000 0.140566 -0.948389 3.051064 1.000000
31285518065 0.040099 0.088957 2.983910 1.000000 0.042912 0.157056 3.022253 1.000000 0.060463 0.514942 3.008500 1.000000 0.059326 0.691493 2.949565 1.000000 -0.123330 0.408293 3.020494 1.000000 -0.224519 0.151682 3.038357 1.000000 -0.309347 -0.046945 2.984332 1.000000 -0.361646 -0.132551 2.961738 1.000000 0.231558 0.404055 3.027100 1.000000 0.323900 0.132455 3.058739 1.000000 0.420166 -0.075623 3.025811 1.000000 0.452220 -0.166495 2.989911 1.000000 -0.043695 0.013529 2.974884 1.000000 -0.077128 -0.513718 3.112044 1.000000 -0.140535 -0.873329 3.086844 1.000000 -0.170486 -0.948848 3.043676 1.000000 0.116597 0.005487 2.978620 1.000000 0.104467 -0.507313 3.105843 1.000000 0.126448 -0.867586 3.103107 1.000000 0.140815 -0.948687 3.051208 1.000000
31285549985 0.040386 0.088297 2.984453 1.000000 0.043072 0.156425 3.022815 1.000000 0.060242 0.514604 3.008872 1.000000 0.059935 0.680061 2.956587 1.000000 -0.122151 0.408124 3.020084 1.000000 -0.215229 0.143311 3.025968 1.000000 -0.287862 -0.059239 2.967799 1.000000 -0.324819 -0.145987 2.926773 1.000000 0.231077 0.403556 3.026675 1.000000 0.318107 0.131633 3.055010 1.000000 0.404160 -0.089688 3.020639 1.000000 0.425027 -0.186635 2.993435 1.000000 -0.042996 0.013270 2.975621 1.000000 -0.088633 -0.481981 3.094682 1.000000 -0.136822 -0.848649 3.106229 1.000000 -0.169096 -0.941148 3.046625 1.000000 0.116692 0.005165 2.979018 1.000000 0.107393 -0.507692 3.107338 1.000000 0.125877 -0.867991 3.103673 1.000000 0.141184 -0.948864 3.049763 1.000000
31285582116 0.040325 0.088164 2.984562 1.000000 0.042809 0.156227 3.022939 1.000000 0.059923 0.513965 3.008785 1.000000 0.059446 0.679166 2.955932 1.000000 -0.119160 0.408208 3.018500 1.000000 -0.206277 0.140683 3.021187 1.000000 -0.269301 -0.064972 2.962525 1.000000 -0.302604 -0.155982 2.928149 1.000000 0.230432 0.403641 3.026566 1.000000 0.301574 0.131987 3.045037 1.000000 0.370970 -0.109240 3.013110 1.000000 0.384389 -0.207593 2.986273 1.000000 -0.042775 0.013594 2.975718 1.000000 -0.098930 -0.429565 3.087464 1.000000 -0.107283 -0.735144 3.153993 1.000000 -0.135841 -0.832550 3.100631 1.000000 0.116241 0.005098 2.979518 1.000000 0.109020 -0.499337 3.105049 1.000000 0.123248 -0.872334 3.087687 1.000000 0.140991 -0.948972 3.049522 1.000000
31285614846 0.040662 0.087433 2.984535 1.000000 0.043014 0.155682 3.022861 1.000000 0.060482 0.514043 3.008493 1.000000 0.066872 0.698695 2.952988 1.000000 -0.117277 0.408313 3.017102 1.000000 -0.200048 0.132592 3.015633 1.000000 -0.241022 -0.077563 2.952457 1.000000 -0.262439 -0.170853 2.914884 1.000000 0.230389 0.403713 3.026394 1.000000 0.295879 0.133535 3.040418 1.000000 0.321704 -0.084789 3.023555 1.000000 0.353802 -0.179252 2.998658 1.000000 -0.042001 0.012650 2.975890 1.000000 -0.074036 -0.494629 3.101887 1.000000 -0.140259 -0.842773 3.113183 1.000000 -0.166733 -0.933441 3.048139 1.000000 0.116240 0.005096 2.979521 1.000000 0.110955 -0.503122 3.105844 1.000000 0.124715 -0.871285 3.089471 1.000000 0.141159 -0.949831 3.050297 1.000000
31285647887 0.040824 0.086221 2.984830 1.000000 0.042922 0.154700 3.022959 1.000000 0.061492 0.513616 3.008146 1.000000 0.066847 0.698592 2.952834 1.000000 -0.114361 0.409771 3.013771 1.000000 -0.188079 0.125923 3.000624 1.000000 -0.219372 -0.087503 2.944740 1.000000 -0.239655 -0.181534 2.908413 1.000000 0.230369 0.403596 3.026363 1.000000 0.291994 0.130901 3.040573 1.000000 0.311852 -0.087717 3.014475 1.000000 0.319615 -0.183574 2.978085 1.000000 -0.041582 0.011919 2.976185 1.000000 -0.083862 -0.496543 3.105494 1.000000 -0.137978 -0.853955 3.099060 1.000000 -0.170284 -0.940221 3.044445 1.000000 0.115872 0.004577 2.979972 1.000000 0.111895 -0.508222 3.108496 1.000000 0.125463 -0.871988 3.097384 1.000000 0.141167 -0.950222 3.049935 1.000000
31285680744 0.040876 0.085566 2.984820 1.000000 0.043039 0.154206 3.022583 1.000000 0.062831 0.513013 3.006508 1.000000 0.067990 0.698653 2.953388 1.000000 -0.113533 0.409998 3.013252 1.000000 -0.184025 0.125081 2.993004 1.000000 -0.191213 -0.088585 2.928271 1.000000 -0.192908 -0.187739 2.901101 1.000000 0.230402 0.403626 3.026345 1.000000 0.287012 0.127451 3.039322 1.000000 0.296791 -0.091599 3.009228 1.000000 0.303238 -0.188041 2.974157 1.000000 -0.041431 0.011630 2.976252 1.000000 -0.087843 -0.495929 3.105026 1.000000 -0.137797 -0.855530 3.099143 1.000000 -0.168177 -0.936245 3.040530 1.000000 0.115522 0.004061 2.980243 1.000000 0.105344 -0.510870 3.110456 1.000000 0.126676 -0.870690 3.099181 1.000000 0.141387 -0.950407 3.049994 1.000000
31285712558 0.041280 0.085297 2.985080 1.000000 0.043382 0.153995 3.022494 1.000000 0.063150 0.512851 3.006304 1.000000 0.068678 0.698731 2.954068 1.000000 -0.112463 0.410737 3.013060 1.000000 -0.175792 0.127665 2.982279 1.000000 -0.181590 -0.087387 2.923364 1.000000 -0.186806 -0.186449 2.896314 1.000000 0.232040 0.403793 3.026590 1.000000 0.280171 0.123032 3.032943 1.000000 0.283386 -0.095406 2.994313 1.000000 0.273907 -0.191317 2.958486 1.000000 -0.040876 0.011369 2.976258 1.000000 -0.090710 -0.498482 3.106363 1.000000 -0.138762 -0.864639 3.096756 1.000000 -0.171058 -0.947274 3.053342 1.000000 0.115927 0.003557 2.981390 1.000000 0.102110 -0.510963 3.109763 1.000000 0.126875 -0.870682 3.099584 1.000000 0.141350 -0.950478 3.050426 1.000000
31285755194 0.042788 0.084968 2.985060 1.000000 0.044580 0.153736 3.021969 1.000000 0.064106 0.512493 3.005294 1.000000 0.069325 0.698731 2.953456 1.000000 -0.110872 0.411177 3.011626 1.000000 -0.168281 0.130101 2.975080 1.000000 -0.170897 -0.084729 2.914759 1.000000 -0.163735 -0.181443 2.880600 1.000000 0.233251 0.404158 3.027095 1.000000 0.276179 0.122805 3.029902 1.000000 0.274945 -0.095414 2.989135 1.000000 0.258314 -0.192108 2.958387 1.000000 -0.038537 0.010926 2.975822 1.000000 -0.091465 -0.498366 3.106540 1.000000 -0.136044 -0.847245 3.101981 1.000000 -0.170879 -0.944651 3.052470 1.000000 0.117109 0.003402 2.982036 1.000000 0.101322 -0.511794 3.110388 1.000000 0.126738 -0.870905 3.099427 1.000000 0.141351 -0.950831 3.051244 1.000000
31285788189 0.043932 0.084740 2.985072 1.000000 0.045317 0.153663 3.021519 1.000000 0.064058 0.512727 3.004759 1.000000 0.069929 0.698562 2.953224 1.000000 -0.109654 0.412467 3.010517 1.000000 -0.159692 0.132066 2.968385 1.000000 -0.163856 -0.082660 2.907616 1.000000 -0.156139 -0.181130 2.879061 1.000000 0.234047 0.404210 3.026647 1.000000 0.273874 0.125544 3.028041 1.000000 0.267998 -0.092259 2.984567 1.000000 0.250748 -0.190225 2.958560 1.000000 -0.036544 0.010268 2.975428 1.000000 -0.091737 -0.498119 3.106853 1.000000 -0.135791 -0.843700 3.103467 1.000000 -0.169477 -0.941024 3.052993 1.000000 0.118402 0.003517 2.982742 1.000000 0.101110 -0.512300 3.110319 1.000000 0.126391 -0.872087 3.100505 1.000000 0.141889 -0.951847 3.051162 1.000000
31285822623 0.044853 0.084762 2.984868 1.000000 0.045919 0.153689 3.021103 1.000000 0.064117 0.512829 3.004838 1.000000 0.070231 0.698099 2.953458 1.000000 -0.108468 0.413247 3.009307 1.000000 -0.157199 0.130074 2.964856 1.000000 -0.157510 -0.083708 2.899775 1.000000 -0.146788 -0.183156 2.875983 1.000000 0.235047 0.404868 3.026811 1.000000 0.271560 0.131401 3.025599 1.000000 0.260891 -0.086212 2.981952 1.000000 0.242480 -0.184106 2.956479 1.000000 -0.035047 0.009963 2.974182 1.000000 -0.064602 -0.505008 3.106072 1.000000 -0.135943 -0.843338 3.103044 1.000000 -0.167478 -0.937121 3.045026 1.000000 0.119382 0.003864 2.983089 1.000000 0.105826 -0.509705 3.110123 1.000000 0.126851 -0.871433 3.101646 1.000000 0.141639 -0.951680 3.051126 1.000000
31285855195 0.045795 0.084497 2.984334 1.000000 0.046508 0.153543 3.020397 1.000000 0.064211 0.513181 3.004603 1.000000 0.070436 0.697929 2.953528 1.000000 -0.107018 0.413925 3.007850 1.000000 -0.156850 0.131806 2.963088 1.000000 -0.153479 -0.081355 2.895552 1.000000 -0.134709 -0.179751 2.872392 1.000000 0.235686 0.404888 3.027153 1.000000 0.270206 0.133828 3.025065 1.000000 0.256556 -0.083743 2.982200 1.000000 0.238151 -0.181626 2.956692 1.000000 -0.033810 0.009587 2.973286 1.000000 -0.083426 -0.499262 3.105910 1.000000 -0.135485 -0.848503 3.103169 1.000000 -0.168227 -0.939975 3.042194 1.000000 0.120147 0.003903 2.982866 1.000000 0.107074 -0.510032 3.110376 1.000000 0.126845 -0.871428 3.101645 1.000000 0.142903 -0.953418 3.054227 1.000000
31285888401 0.046698 0.084370 2.984018 1.000000 0.047113 0.153490 3.019964 1.000000 0.064265 0.513492 3.004577 1.000000 0.070561 0.697826 2.953645 1.000000 -0.106618 0.413947 3.006663 1.000000 -0.156674 0.132343 2.962196 1.000000 -0.149985 -0.080306 2.892936 1.000000 -0.128377 -0.178348 2.870778 1.000000 0.235784 0.404849 3.027180 1.000000 0.268776 0.137103 3.025656 1.000000 0.253889 -0.080215 2.981463 1.000000 0.232589 -0.177808 2.957133 1.000000 -0.032833 0.009341 2.972707 1.000000 -0.063709 -0.505145 3.110933 1.000000 -0.135427 -0.848563 3.103290 1.000000 -0.169329 -0.940564 3.043752 1.000000 0.121253 0.004077 2.982745 1.000000 0.107520 -0.510831 3.111192 1.000000 0.126843 -0.871328 3.100912 1.000000 0.142840 -0.952955 3.053838 1.000000
31285922393 0.047388 0.084142 2.983566 1.000000 0.047562 0.153352 3.019514 1.000000 0.064107 0.513857 3.004550 1.000000 0.071682 0.697964 2.953906 1.000000 -0.105891 0.413850 3.005672 1.000000 -0.156759 0.132367 2.961639 1.000000 -0.146859 -0.079804 2.891010 1.000000 -0.124860 -0.178030 2.870100 1.000000 0.235925 0.404815 3.026593 1.000000 0.266876 0.139513 3.027091 1.000000 0.252266 -0.077640 2.981555 1.000000 0.230493 -0.175391 2.958310 1.000000 -0.031592 0.008964 2.971438 1.000000 -0.089388 -0.491541 3.103957 1.000000 -0.135466 -0.846886 3.104513 1.000000 -0.169165 -0.939281 3.045462 1.000000 0.121824 0.004162 2.982676 1.000000 0.108809 -0.511337 3.111977 1.000000 0.126699 -0.871929 3.101208 1.000000 0.142731 -0.952767 3.053759 1.000000
31285955371 0.048080 0.084324 2.983238 1.000000 0.048061 0.153439 3.019219 1.000000 0.064109 0.513886 3.004613 1.000000 0.071730 0.697252 2.952378 1.000000 -0.105375 0.413813 3.004971 1.000000 -0.156651 0.132640 2.961132 1.000000 -0.145634 -0.079477 2.890458 1.000000 -0.122713 -0.177720 2.870664 1.000000 0.236114 0.405582 3.026487 1.000000 0.265019 0.141094 3.027565 1.000000 0.251423 -0.075826 2.980003 1.000000 0.228333 -0.173692 2.958599 1.000000 -0.030739 0.008756 2.970883 1.000000 -0.090447 -0.493258 3.103544 1.000000 -0.137245 -0.865929 3.094856 1.000000 -0.169265 -0.943098 3.045808 1.000000 0.122835 0.005345 2.982307 1.000000 0.110011 -0.515053 3.113003 1.000000 0.126137 -0.872808 3.100963 1.000000 0.142517 -0.952818 3.052765 1.000000
31285988265 0.048306 0.084262 2.983011 1.000000 0.048194 0.153417 3.018936 1.000000 0.064011 0.514150 3.004424 1.000000 0.072446 0.697474 2.949980 1.000000 -0.105050 0.414136 3.004418 1.000000 -0.156522 0.133439 2.961097 1.000000 -0.145440 -0.078721 2.890548 1.000000 -0.121743 -0.176867 2.871202 1.000000 0.236060 0.406112 3.026615 1.000000 0.264735 0.141979 3.027524 1.000000 0.250794 -0.074913 2.979844 1.000000 0.226192 -0.171483 2.954598 1.000000 -0.030473 0.008817 2.970637 1.000000 -0.091328 -0.493610 3.104582 1.000000 -0.137956 -0.859142 3.095866 1.000000 -0.170148 -0.942504 3.045015 1.000000 0.122971 0.005345 2.982204 1.000000 0.110456 -0.514621 3.112855 1.000000 0.126408 -0.872868 3.101169 1.000000 0.142356 -0.953561 3.054125 1.000000
31286022432 0.048705 0.084153 2.982888 1.000000 0.048440 0.153346 3.018787 1.000000 0.063968 0.514277 3.004418 1.000000 0.073176 0.697217 2.947756 1.000000 -0.104774 0.414221 3.003647 1.000000 -0.156509 0.133445 2.961095 1.000000 -0.144867 -0.078910 2.891335 1.000000 -0.120274 -0.177068 2.873221 1.000000 0.236190 0.406241 3.026564 1.000000 0.264646 0.142011 3.027514 1.000000 0.258813 -0.075994 2.984801 1.000000 0.239128 -0.174135 2.961374 1.000000 -0.029974 0.008543 2.970266 1.000000 -0.091811 -0.494145 3.104498 1.000000 -0.137391 -0.860110 3.096450 1.000000 -0.169967 -0.942209 3.045002 1.000000 0.123415 0.005386 2.982299 1.000000 0.110917 -0.515069 3.112946 1.000000 0.126389 -0.872874 3.101114 1.000000 0.142323 -0.953689 3.054281 1.000000
31286055176 0.048872 0.084079 2.982880 1.000000 0.048668 0.153269 3.018651 1.000000 0.064175 0.514070 3.004013 1.000000 0.073113 0.697199 2.947712 1.000000 -0.104775 0.414258 3.003667 1.000000 -0.156467 0.133475 2.961169 1.000000 -0.144723 -0.079123 2.892301 1.000000 -0.120040 -0.177286 2.874352 1.000000 0.236222 0.406227 3.026542 1.000000 0.264528 0.142151 3.027364 1.000000 0.246704 -0.081949 2.969186 1.000000 0.225907 -0.181059 2.951517 1.000000 -0.029886 0.008467 2.970265 1.000000 -0.091794 -0.494139 3.104487 1.000000 -0.137781 -0.860446 3.095858 1.000000 -0.168533 -0.942978 3.045709 1.000000 0.123569 0.005335 2.982422 1.000000 0.109013 -0.511832 3.112055 1.000000 0.126522 -0.872896 3.101902 1.000000 0.141873 -0.953517 3.053882 1.000000
31286088369 0.048986 0.084032 2.982853 1.000000 0.048825 0.153255 3.018439 1.000000 0.064043 0.513908 3.003355 1.000000 0.072179 0.695691 2.947868 1.000000 -0.104789 0.414249 3.003682 1.000000 -0.156415 0.133453 2.961434 1.000000 -0.144849 -0.079794 2.895017 1.000000 -0.121047 -0.178581 2.879475 1.000000 0.236371 0.406485 3.026304 1.000000 0.264660 0.142332 3.027499 1.000000 0.247716 -0.081822 2.970405 1.000000 0.227267 -0.180940 2.952392 1.000000 -0.029814 0.008432 2.970197 1.000000 -0.092063 -0.494003 3.104596 1.000000 -0.135459 -0.843985 3.102749 1.000000 -0.166553 -0.936848 3.043006 1.000000 0.123807 0.005171 2.982671 1.000000 0.109551 -0.511664 3.112018 1.000000 0.126552 -0.872921 3.100548 1.000000 0.141710 -0.953581 3.053927 1.000000
31286132185 0.049095 0.084083 2.982962 1.000000 0.048938 0.153279 3.018393 1.000000 0.064012 0.513838 3.003395 1.000000 0.071124 0.695040 2.946738 1.000000 -0.104895 0.414371 3.003859 1.000000 -0.156290 0.133231 2.961394 1.000000 -0.146557 -0.080818 2.897853 1.000000 -0.123729 -0.179874 2.882582 1.000000 0.236457 0.406496 3.026283 1.000000 0.264659 0.142485 3.027130 1.000000 0.249873 -0.080241 2.974666 1.000000 0.229866 -0.178861 2.953682 1.000000 -0.029779 0.008454 2.970319 1.000000 -0.082639 -0.499166 3.107963 1.000000 -0.135267 -0.843518 3.103718 1.000000 -0.168405 -0.936468 3.045211 1.000000 0.123994 0.005211 2.982841 1.000000 0.109066 -0.510644 3.111971 1.000000 0.126956 -0.871520 3.100375 1.000000 0.141162 -0.951850 3.051771 1.000000
31286183902 0.049236 0.084028 2.983247 1.000000 0.049014 0.153224 3.018363 1.000000 0.063808 0.512884 3.002954 1.000000 0.071615 0.694389 2.946722 1.000000 -0.105049 0.413928 3.003708 1.000000 -0.156585 0.133047 2.961726 1.000000 -0.149613 -0.081696 2.900684 1.000000 -0.137520 -0.183271 2.890571 1.000000 0.236500 0.406759 3.026588 1.000000 0.264960 0.141816 3.026906 1.000000 0.252081 -0.080124 2.978138 1.000000 0.231932 -0.178789 2.957518 1.000000 -0.029592 0.008411 2.970816 1.000000 -0.070399 -0.503075 3.109865 1.000000 -0.135645 -0.842076 3.111275 1.000000 -0.167261 -0.932071 3.047524 1.000000 0.124146 0.005079 2.983407 1.000000 0.111330 -0.509542 3.112808 1.000000 0.127006 -0.871768 3.100145 1.000000 0.140750 -0.953140 3.053083 1.000000
31286215864 0.049234 0.084052 2.983354 1.000000 0.049021 0.153216 3.018278 1.000000 0.063659 0.512579 3.003067 1.000000 0.071860 0.692823 2.945966 1.000000 -0.105173 0.413777 3.003619 1.000000 -0.157438 0.131820 2.961917 1.000000 -0.156976 -0.083914 2.904931 1.000000 -0.145762 -0.185687 2.895873 1.000000 0.236593 0.406792 3.026553 1.000000 0.265506 0.140668 3.027285 1.000000 0.253433 -0.080895 2.980747 1.000000 0.236151 -0.180833 2.964039 1.000000 -0.029632 0.008409 2.970880 1.000000 -0.065448 -0.506649 3.111204 1.000000 -0.135840 -0.840012 3.111674 1.000000 -0.167073 -0.930587 3.048540 1.000000 0.124156 0.005075 2.983649 1.000000 0.111625 -0.509305 3.112884 1.000000 0.127109 -0.871908 3.100230 1.000000 0.141582 -0.954452 3.052658 1.000000
31286248742 0.049166 0.083991 2.983558 1.000000 0.048972 0.153132 3.018330 1.000000 0.063538 0.512434 3.003320 1.000000 0.071372 0.692879 2.945728 1.000000 -0.105384 0.413676 3.003530 1.000000 -0.157982 0.131046 2.962043 1.000000 -0.160599 -0.085037 2.906828 1.000000 -0.155040 -0.187388 2.899186 1.000000 0.236437 0.406569 3.026496 1.000000 0.265925 0.141900 3.026964 1.000000 0.254601 -0.082021 2.982487 1.000000 0.238325 -0.182391 2.967455 1.000000 -0.029706 0.008433 2.971081 1.000000 -0.083686 -0.496910 3.106436 1.000000 -0.135596 -0.839129 3.111619 1.000000 -0.165147 -0.929361 3.047180 1.000000 0.123986 0.004911 2.983934 1.000000 0.111777 -0.509810 3.112223 1.000000 0.126880 -0.872090 3.100004 1.000000 0.142164 -0.954157 3.052159 1.000000
31286290429 0.049072 0.084234 2.983937 1.000000 0.049085 0.153047 3.018639 1.000000 0.061874 0.509864 3.004572 1.000000 0.070227 0.676188 2.949085 1.000000 -0.106265 0.412771 3.004336 1.000000 -0.158829 0.130476 2.962448 1.000000 -0.166267 -0.085618 2.907795 1.000000 -0.163679 -0.187875 2.897730 1.000000 0.235699 0.405764 3.024769 1.000000 0.266418 0.141109 3.027007 1.000000 0.255605 -0.082848 2.984179 1.000000 0.239097 -0.183167 2.969077 1.000000 -0.029780 0.009007 2.971601 1.000000 -0.091492 -0.442139 3.082402 1.000000 -0.129578 -0.808979 3.117515 1.000000 -0.157614 -0.905701 3.062454 1.000000 0.123944 0.004960 2.984156 1.000000 0.097272 -0.444687 3.080773 1.000000 0.129539 -0.859550 3.104875 1.000000 0.142884 -0.954809 3.053774 1.000000
31286322051 0.048272 0.084082 2.984416 1.000000 0.048323 0.152720 3.018943 1.000000 0.061226 0.508481 3.004522 1.000000 0.068045 0.669835 2.948168 1.000000 -0.106439 0.412439 3.004333 1.000000 -0.161258 0.129328 2.964596 1.000000 -0.171474 -0.086923 2.911303 1.000000 -0.169517 -0.189179 2.901102 1.000000 0.235385 0.405324 3.025102 1.000000 0.266965 0.138532 3.027069 1.000000 0.256505 -0.082997 2.985815 1.000000 0.240108 -0.183366 2.970938 1.000000 -0.030780 0.008927 2.972185 1.000000 -0.095461 -0.456901 3.087974 1.000000 -0.134399 -0.861328 3.089774 1.000000 -0.166461 -0.938930 3.043842 1.000000 0.122910 0.004824 2.984823 1.000000 0.109436 -0.488770 3.103888 1.000000 0.128278 -0.865890 3.099480 1.000000 0.142580 -0.955317 3.058029 1.000000
31286364805 0.047646 0.084805 2.984848 1.000000 0.047932 0.153001 3.018900 1.000000 0.060556 0.505643 3.003491 1.000000 0.066687 0.667150 2.947781 1.000000 -0.106733 0.412210 3.004505 1.000000 -0.166177 0.128223 2.970966 1.000000 -0.177584 -0.086902 2.912226 1.000000 -0.182104 -0.189263 2.904132 1.000000 0.234616 0.405190 3.025444 1.000000 0.267906 0.135132 3.027124 1.000000 0.257620 -0.089252 2.988335 1.000000 0.240574 -0.188958 2.970120 1.000000 -0.031968 0.011513 2.972849 1.000000 -0.086365 -0.502441 3.109748 1.000000 -0.112289 -0.807637 3.173470 1.000000 -0.143593 -0.882410 3.092216 1.000000 0.122227 0.004945 2.985573 1.000000 0.113279 -0.476674 3.099857 1.000000 0.128395 -0.865928 3.098797 1.000000 0.142325 -0.955300 3.057921 1.000000
31286409439 0.046833 0.084343 2.985925 1.000000 0.047243 0.152765 3.019408 1.000000 0.060545 0.505790 3.003537 1.000000 0.067039 0.674869 2.947317 1.000000 -0.106949 0.412113 3.004634 1.000000 -0.172922 0.127907 2.975571 1.000000 -0.184409 -0.087330 2.917300 1.000000 -0.185893 -0.189643 2.907642 1.000000 0.235077 0.404723 3.026380 1.000000 0.267864 0.134918 3.027279 1.000000 0.259579 -0.093287 2.988452 1.000000 0.242490 -0.193085 2.970796 1.000000 -0.033190 0.010495 2.974923 1.000000 -0.088768 -0.502441 3.108866 1.000000 -0.135986 -0.859863 3.099541 1.000000 -0.166734 -0.935918 3.034825 1.000000 0.121228 0.004222 2.986513 1.000000 0.115739 -0.499652 3.106727 1.000000 0.127067 -0.867320 3.097724 1.000000 0.141912 -0.955190 3.056809 1.000000
31286440253 0.046253 0.083952 2.986562 1.000000 0.046743 0.152471 3.019657 1.000000 0.060611 0.505824 3.003699 1.000000 0.067149 0.676551 2.946819 1.000000 -0.107048 0.412001 3.004248 1.000000 -0.175123 0.127750 2.976642 1.000000 -0.188763 -0.089684 2.918465 1.000000 -0.190602 -0.192149 2.910696 1.000000 0.235112 0.404743 3.026602 1.000000 0.268104 0.131796 3.028281 1.000000 0.262905 -0.094051 2.989038 1.000000 0.244655 -0.193609 2.971201 1.000000 -0.033865 0.010134 2.975788 1.000000 -0.068462 -0.510210 3.112044 1.000000 -0.136720 -0.860671 3.099249 1.000000 -0.168590 -0.937059 3.044521 1.000000 0.120447 0.003661 2.987030 1.000000 0.115463 -0.504594 3.109755 1.000000 0.126678 -0.867872 3.097710 1.000000 0.142223 -0.955175 3.056012 1.000000
31286482429 0.045381 0.083274 2.987531 1.000000 0.046074 0.152042 3.020026 1.000000 0.060621 0.505873 3.003720 1.000000 0.066883 0.678066 2.946435 1.000000 -0.107033 0.411888 3.004579 1.000000 -0.177215 0.127925 2.977908 1.000000 -0.193565 -0.093356 2.921302 1.000000 -0.198422 -0.195910 2.915973 1.000000 0.235161 0.404723 3.027112 1.000000 0.269696 0.127727 3.029148 1.000000 0.266843 -0.095469 2.991359 1.000000 0.251920 -0.194985 2.970305 1.000000 -0.034754 0.009352 2.976563 1.000000 -0.086440 -0.507285 3.110661 1.000000 -0.136749 -0.860688 3.099258 1.000000 -0.169387 -0.937667 3.042531 1.000000 0.119151 0.002888 2.988702 1.000000 0.115387 -0.510013 3.110401 1.000000 0.126602 -0.868674 3.097441 1.000000 0.142397 -0.954814 3.055670 1.000000
31286515206 0.044487 0.082097 2.988288 1.000000 0.045354 0.151197 3.020225 1.000000 0.060616 0.505895 3.003734 1.000000 0.066972 0.678954 2.947214 1.000000 -0.107130 0.411189 3.004545 1.000000 -0.178498 0.127327 2.979691 1.000000 -0.204112 -0.093735 2.919970 1.000000 -0.203740 -0.196346 2.913105 1.000000 0.234107 0.404329 3.027205 1.000000 0.271355 0.125577 3.030627 1.000000 0.279224 -0.098558 2.999597 1.000000 0.271973 -0.196640 2.969533 1.000000 -0.035584 0.008366 2.977667 1.000000 -0.089550 -0.504907 3.108655 1.000000 -0.136807 -0.860693 3.099268 1.000000 -0.169058 -0.937065 3.042343 1.000000 0.118200 0.002194 2.989192 1.000000 0.114128 -0.508723 3.111040 1.000000 0.127384 -0.868306 3.100378 1.000000 0.142358 -0.954706 3.055716 1.000000
31286547961 0.044155 0.081998 2.988326 1.000000 0.045137 0.151049 3.019912 1.000000 0.060577 0.505764 3.003765 1.000000 0.068708 0.674074 2.947650 1.000000 -0.107376 0.411077 3.004528 1.000000 -0.180363 0.124803 2.984603 1.000000 -0.217481 -0.101103 2.926995 1.000000 -0.216104 -0.203100 2.913653 1.000000 0.232715 0.403342 3.026135 1.000000 0.273387 0.125085 3.032646 1.000000 0.284956 -0.097493 3.000561 1.000000 0.290183 -0.194067 2.965501 1.000000 -0.035880 0.008600 2.977723 1.000000 -0.094398 -0.492562 3.102951 1.000000 -0.136663 -0.860566 3.099426 1.000000 -0.168225 -0.938010 3.042753 1.000000 0.117570 0.001799 2.989147 1.000000 0.111567 -0.508063 3.110745 1.000000 0.128491 -0.864951 3.105648 1.000000 0.141079 -0.952979 3.053505 1.000000
31286579016 0.043795 0.082433 2.988561 1.000000 0.044928 0.151297 3.019694 1.000000 0.060456 0.505560 3.003663 1.000000 0.068457 0.671387 2.946701 1.000000 -0.107808 0.410633 3.005327 1.000000 -0.181056 0.127783 2.985517 1.000000 -0.228640 -0.093218 2.925569 1.000000 -0.223796 -0.195041 2.911586 1.000000 0.231978 0.403492 3.026333 1.000000 0.276533 0.127407 3.035182 1.000000 0.311646 -0.108044 2.991374 1.000000 0.316484 -0.204318 2.973008 1.000000 -0.036525 0.009695 2.978214 1.000000 -0.094063 -0.433824 3.086707 1.000000 -0.135291 -0.862130 3.095981 1.000000 -0.169540 -0.938846 3.033523 1.000000 0.117342 0.002085 2.989323 1.000000 0.107543 -0.482668 3.110037 1.000000 0.127185 -0.864891 3.101581 1.000000 0.138088 -0.951579 3.041299 1.000000
31286611059 0.043500 0.082264 2.988986 1.000000 0.044781 0.151245 3.019658 1.000000 0.060734 0.505851 3.003721 1.000000 0.069528 0.679139 2.944703 1.000000 -0.107907 0.410602 3.005517 1.000000 -0.182957 0.127154 2.988257 1.000000 -0.237879 -0.091697 2.928455 1.000000 -0.246871 -0.186960 2.908003 1.000000 0.231338 0.404170 3.026258 1.000000 0.278784 0.129318 3.037258 1.000000 0.330364 -0.099922 2.998631 1.000000 0.331283 -0.199337 2.972052 1.000000 -0.036818 0.009253 2.978824 1.000000 -0.096680 -0.492432 3.105853 1.000000 -0.135104 -0.849175 3.100084 1.000000 -0.170105 -0.938071 3.036455 1.000000 0.116754 0.002323 2.989856 1.000000 0.110332 -0.500958 3.108679 1.000000 0.127001 -0.866980 3.099060 1.000000 0.138247 -0.951344 3.041110 1.000000
31286642698 0.042974 0.082015 2.989301 1.000000 0.044317 0.151175 3.019392 1.000000 0.060637 0.506140 3.003099 1.000000 0.068771 0.679780 2.944104 1.000000 -0.107994 0.410560 3.005958 1.000000 -0.189300 0.129666 2.990462 1.000000 -0.265941 -0.088739 2.931191 1.000000 -0.270174 -0.181754 2.905746 1.000000 0.229793 0.405658 3.027451 1.000000 0.283786 0.132011 3.039217 1.000000 0.344145 -0.089019 3.000875 1.000000 0.358567 -0.180783 2.969710 1.000000 -0.037270 0.008700 2.979583 1.000000 -0.066870 -0.518372 3.111086 1.000000 -0.137205 -0.859532 3.101642 1.000000 -0.170962 -0.940359 3.035572 1.000000 0.115839 0.002691 2.990223 1.000000 0.110902 -0.501912 3.108842 1.000000 0.127503 -0.867103 3.098908 1.000000 0.140933 -0.951972 3.043771 1.000000
31286674286 0.042817 0.082280 2.989577 1.000000 0.044214 0.151334 3.019356 1.000000 0.060634 0.505951 3.003650 1.000000 0.068516 0.673675 2.945691 1.000000 -0.108282 0.410409 3.006773 1.000000 -0.195301 0.133463 2.991838 1.000000 -0.278971 -0.076294 2.932906 1.000000 -0.295720 -0.172805 2.901276 1.000000 0.229543 0.405546 3.027870 1.000000 0.292810 0.132978 3.039959 1.000000 0.363233 -0.089982 3.001819 1.000000 0.373506 -0.176070 2.969424 1.000000 -0.037432 0.009134 2.979851 1.000000 -0.095215 -0.438721 3.078512 1.000000 -0.136622 -0.858660 3.101622 1.000000 -0.171102 -0.939350 3.037520 1.000000 0.115734 0.002874 2.990349 1.000000 0.110625 -0.497187 3.106613 1.000000 0.126992 -0.867799 3.097658 1.000000 0.142127 -0.952682 3.045145 1.000000
31286717153 0.042765 0.082572 2.989776 1.000000 0.044254 0.151546 3.019232 1.000000 0.060618 0.505947 3.003786 1.000000 0.068810 0.669905 2.944290 1.000000 -0.109194 0.409694 3.007690 1.000000 -0.207140 0.139937 2.995077 1.000000 -0.303382 -0.066562 2.929467 1.000000 -0.330392 -0.151571 2.880186 1.000000 0.229414 0.405048 3.027856 1.000000 0.304717 0.132217 3.044404 1.000000 0.385911 -0.080279 3.000856 1.000000 0.408123 -0.174602 2.966086 1.000000 -0.037669 0.009643 2.980174 1.000000 -0.095999 -0.442766 3.082475 1.000000 -0.136918 -0.857869 3.095302 1.000000 -0.168370 -0.939135 3.038850 1.000000 0.115804 0.002937 2.990384 1.000000 0.107057 -0.486621 3.100297 1.000000 0.127939 -0.866881 3.103929 1.000000 0.141288 -0.951010 3.045871 1.000000
31286752349 0.042457 0.082576 2.989963 1.000000 0.044155 0.151554 3.019034 1.000000 0.060891 0.505822 3.003671 1.000000 0.067588 0.670135 2.943090 1.000000 -0.109785 0.409332 3.009213 1.000000 -0.218942 0.150002 2.996702 1.000000 -0.333265 -0.031612 2.933213 1.000000 -0.357055 -0.123497 2.893337 1.000000 0.229066 0.405490 3.028660 1.000000 0.314249 0.133966 3.047243 1.000000 0.412974 -0.063898 3.002086 1.000000 0.443194 -0.147741 2.950551 1.000000 -0.038196 0.009773 2.980463 1.000000 -0.094535 -0.481841 3.100553 1.000000 -0.137271 -0.855936 3.097211 1.000000 -0.169034 -0.939001 3.038868 1.000000 0.115407 0.002839 2.990602 1.000000 0.101482 -0.499011 3.106542 1.000000 0.127639 -0.867145 3.103696 1.000000 0.142274 -0.954367 3.047794 1.000000
31286784346 0.042206 0.082771 2.990308 1.000000 0.043916 0.151739 3.018955 1.000000 0.060881 0.505857 3.003627 1.000000 0.067419 0.670619 2.942401 1.000000 -0.110452 0.408920 3.009918 1.000000 -0.226855 0.162149 3.002908 1.000000 -0.355951 -0.022523 2.939616 1.000000 -0.393555 -0.086731 2.916465 1.000000 0.229553 0.404629 3.029881 1.000000 0.335801 0.136019 3.056318 1.000000 0.451580 -0.046155 2.998414 1.000000 0.477541 -0.132863 2.949362 1.000000 -0.038805 0.010143 2.981162 1.000000 -0.094485 -0.482047 3.100649 1.000000 -0.137591 -0.856792 3.096342 1.000000 -0.170316 -0.939606 3.040529 1.000000 0.115352 0.002723 2.990805 1.000000 0.107408 -0.496648 3.105596 1.000000 0.128780 -0.869050 3.092274 1.000000 0.143365 -0.955308 3.046893 1.000000
31286816242 0.042007 0.082815 2.990483 1.000000 0.043840 0.151783 3.018782 1.000000 0.060853 0.505841 3.003586 1.000000 0.067273 0.671646 2.942307 1.000000 -0.111293 0.408385 3.010952 1.000000 -0.234967 0.177026 3.008120 1.000000 -0.383194 0.008760 2.948884 1.000000 -0.429961 -0.067473 2.912913 1.000000 0.229813 0.403934 3.029858 1.000000 0.344403 0.143020 3.059252 1.000000 0.468574 -0.030724 2.991370 1.000000 0.519302 -0.111683 2.952973 1.000000 -0.039324 0.010218 2.981677 1.000000 -0.094859 -0.489105 3.105186 1.000000 -0.137552 -0.860624 3.096691 1.000000 -0.169852 -0.939574 3.042657 1.000000 0.115301 0.002570 2.990849 1.000000 0.109445 -0.503459 3.106435 1.000000 0.128486 -0.869225 3.096841 1.000000 0.143361 -0.955109 3.046889 1.000000
31286849243 0.041905 0.082869 2.990724 1.000000 0.043772 0.151815 3.018760 1.000000 0.060729 0.505739 3.003774 1.000000 0.066964 0.669612 2.942391 1.000000 -0.111710 0.408006 3.011622 1.000000 -0.245975 0.190776 3.005571 1.000000 -0.404684 0.022296 2.953660 1.000000 -0.474302 -0.048649 2.926727 1.000000 0.230441 0.401597 3.029821 1.000000 0.368547 0.151082 3.061532 1.000000 0.504494 -0.012451 2.990236 1.000000 0.549792 -0.076622 2.972877 1.000000 -0.039548 0.010278 2.981839 1.000000 -0.094068 -0.487439 3.104939 1.000000 -0.137638 -0.861451 3.096283 1.000000 -0.165926 -0.940926 3.049970 1.000000 0.115424 0.002335 2.991150 1.000000 0.110255 -0.500629 3.105310 1.000000 0.128230 -0.870352 3.097619 1.000000 0.143479 -0.955414 3.047622 1.000000
31286882033 0.041427 0.085217 2.991269 1.000000 0.043502 0.153272 3.018712 1.000000 0.060577 0.505412 3.003438 1.000000 0.064535 0.664479 2.938529 1.000000 -0.112990 0.407202 3.013422 1.000000 -0.280369 0.200606 3.004112 1.000000 -0.443648 0.055281 2.962170 1.000000 -0.509693 -0.016756 2.929637 1.000000 0.231185 0.401021 3.030379 1.000000 0.376234 0.171473 3.054202 1.000000 0.521057 0.011094 2.997304 1.000000 0.586746 -0.060171 2.962435 1.000000 -0.040611 0.011570 2.982289 1.000000 -0.096205 -0.444081 3.084823 1.000000 -0.141990 -0.870659 3.087937 1.000000 -0.167799 -0.939988 3.046374 1.000000 0.115753 0.003907 2.991713 1.000000 0.111633 -0.452637 3.090234 1.000000 0.125235 -0.855336 3.102017 1.000000 0.141826 -0.948360 3.050381 1.000000
31286915117 0.041012 0.084955 2.991659 1.000000 0.043093 0.153112 3.018794 1.000000 0.060367 0.505370 3.003659 1.000000 0.065905 0.671538 2.935559 1.000000 -0.113678 0.406891 3.013756 1.000000 -0.300442 0.208953 3.005227 1.000000 -0.477753 0.080019 2.968642 1.000000 -0.553201 0.023265 2.927414 1.000000 0.231588 0.401107 3.030710 1.000000 0.383997 0.179858 3.050586 1.000000 0.543230 0.030920 3.004653 1.000000 0.627180 -0.020306 2.973966 1.000000 -0.041616 0.010604 2.983253 1.000000 -0.097900 -0.512695 3.101954 1.000000 -0.141964 -0.870887 3.087930 1.000000 -0.170244 -0.942832 3.044528 1.000000 0.115613 0.003664 2.991788 1.000000 0.118103 -0.516602 3.111720 1.000000 0.125187 -0.863734 3.098462 1.000000 0.141626 -0.948730 3.050606 1.000000
31286947948 0.040537 0.085389 2.992154 1.000000 0.042867 0.153499 3.018871 1.000000 0.060372 0.505347 3.003675 1.000000 0.063664 0.678157 2.934949 1.000000 -0.115103 0.406807 3.015472 1.000000 -0.315815 0.227893 3.009759 1.000000 -0.506059 0.120063 2.968387 1.000000 -0.585006 0.071285 2.923656 1.000000 0.231634 0.401389 3.030783 1.000000 0.407905 0.195742 3.052171 1.000000 0.586608 0.067641 3.022539 1.000000 0.663154 0.010585 2.983834 1.000000 -0.042324 0.010909 2.984059 1.000000 -0.074336 -0.505445 3.106098 1.000000 -0.140033 -0.866931 3.091118 1.000000 -0.170294 -0.942248 3.044097 1.000000 0.115274 0.003863 2.992007 1.000000 0.117867 -0.512529 3.109975 1.000000 0.124339 -0.867332 3.098227 1.000000 0.142185 -0.949819 3.050936 1.000000
31286979714 0.040066 0.086473 2.992326 1.000000 0.042486 0.154541 3.018527 1.000000 0.059911 0.505679 3.002972 1.000000 0.065168 0.678344 2.932647 1.000000 -0.117137 0.407321 3.017489 1.000000 -0.326374 0.242261 3.009729 1.000000 -0.523288 0.144842 2.977718 1.000000 -0.588867 0.130127 2.953575 1.000000 0.232928 0.402061 3.031663 1.000000 0.437422 0.206036 3.058822 1.000000 0.623463 0.088007 3.036784 1.000000 0.707331 0.042058 2.998433 1.000000 -0.042928 0.011489 2.984171 1.000000 -0.072204 -0.506406 3.106916 1.000000 -0.139548 -0.867754 3.090639 1.000000 -0.170027 -0.942864 3.044733 1.000000 0.115204 0.004057 2.992186 1.000000 0.115147 -0.505601 3.109140 1.000000 0.124568 -0.867819 3.098603 1.000000 0.142126 -0.949920 3.051032 1.000000
31287011419 0.039590 0.088533 2.992458 1.000000 0.042099 0.156317 3.018355 1.000000 0.059961 0.505959 3.003076 1.000000 0.063566 0.680027 2.932074 1.000000 -0.120237 0.408357 3.019214 1.000000 -0.349683 0.273949 3.014931 1.000000 -0.553101 0.190160 2.986760 1.000000 -0.623531 0.171185 2.964879 1.000000 0.235480 0.403514 3.033757 1.000000 0.442014 0.223420 3.057478 1.000000 0.646022 0.141270 3.028290 1.000000 0.711866 0.108109 3.009205 1.000000 -0.044059 0.012709 2.984169 1.000000 -0.068194 -0.505828 3.107737 1.000000 -0.140124 -0.867730 3.095041 1.000000 -0.169670 -0.943089 3.044746 1.000000 0.115223 0.004402 2.992161 1.000000 0.114238 -0.503583 3.107970 1.000000 0.124960 -0.868122 3.098282 1.000000 0.141884 -0.951147 3.050668 1.000000
31287054703 0.039181 0.090281 2.991904 1.000000 0.041720 0.157663 3.017745 1.000000 0.059960 0.506009 3.003121 1.000000 0.063032 0.680622 2.932603 1.000000 -0.121420 0.409336 3.019693 1.000000 -0.369760 0.290707 3.015392 1.000000 -0.583686 0.238021 2.992770 1.000000 -0.626953 0.236572 2.971154 1.000000 0.237427 0.403841 3.034987 1.000000 0.458909 0.246474 3.058279 1.000000 0.666405 0.171888 3.041652 1.000000 0.712891 0.168457 3.014123 1.000000 -0.045094 0.014221 2.983342 1.000000 -0.085908 -0.494953 3.099984 1.000000 -0.139455 -0.866321 3.096894 1.000000 -0.170137 -0.941895 3.043702 1.000000 0.115203 0.004833 2.991663 1.000000 0.114597 -0.502342 3.107275 1.000000 0.124936 -0.869972 3.102044 1.000000 0.141563 -0.951959 3.052115 1.000000
31287088766 0.039269 0.091954 2.991836 1.000000 0.041669 0.159022 3.017505 1.000000 0.059957 0.506055 3.003164 1.000000 0.063151 0.681925 2.932177 1.000000 -0.124014 0.410054 3.018820 1.000000 -0.406696 0.317951 3.018312 1.000000 -0.618414 0.256840 2.996124 1.000000 -0.625518 0.282003 2.986457 1.000000 0.239045 0.404585 3.035471 1.000000 0.475588 0.265977 3.057065 1.000000 0.693168 0.230664 3.051142 1.000000 0.711440 0.214271 3.031530 1.000000 -0.045400 0.014870 2.983087 1.000000 -0.086652 -0.494809 3.100520 1.000000 -0.138824 -0.865322 3.096702 1.000000 -0.170630 -0.941718 3.042142 1.000000 0.115574 0.005357 2.991586 1.000000 0.114497 -0.502349 3.107031 1.000000 0.124988 -0.869997 3.102101 1.000000 0.141298 -0.952038 3.051501 1.000000
31287121367 0.039332 0.096618 2.991604 1.000000 0.041444 0.162843 3.017457 1.000000 0.059467 0.506768 3.003932 1.000000 0.062263 0.682225 2.931381 1.000000 -0.128866 0.412965 3.018536 1.000000 -0.413647 0.330287 3.026072 1.000000 -0.633416 0.327437 2.994396 1.000000 -0.708028 0.334563 2.980983 1.000000 0.241560 0.406932 3.036542 1.000000 0.488506 0.294237 3.059771 1.000000 0.705948 0.257817 3.053066 1.000000 0.781849 0.252552 3.050083 1.000000 -0.046208 0.017288 2.981584 1.000000 -0.082743 -0.494758 3.101483 1.000000 -0.138575 -0.864882 3.097304 1.000000 -0.170817 -0.941736 3.042613 1.000000 0.116612 0.007613 2.991716 1.000000 0.114264 -0.502812 3.106911 1.000000 0.125115 -0.870029 3.102071 1.000000 0.141338 -0.952372 3.051798 1.000000
31287155561 0.039437 0.100957 2.990695 1.000000 0.041415 0.166292 3.016858 1.000000 0.059381 0.507005 3.004115 1.000000 0.061815 0.681697 2.928820 1.000000 -0.132623 0.414855 3.017801 1.000000 -0.425650 0.370181 3.025428 1.000000 -0.646021 0.364760 3.004118 1.000000 -0.718982 0.380107 2.988672 1.000000 0.245288 0.410475 3.036852 1.000000 0.511594 0.318273 3.065178 1.000000 0.731909 0.316167 3.062760 1.000000 0.805809 0.306806 3.046994 1.000000 -0.047352 0.020463 2.979077 1.000000 -0.073458 -0.504795 3.104845 1.000000 -0.140981 -0.882054 3.089012 1.000000 -0.174025 -0.949583 3.040282 1.000000 0.117516 0.009331 2.991454 1.000000 0.110090 -0.504472 3.107777 1.000000 0.125478 -0.870484 3.101785 1.000000 0.140816 -0.953097 3.054215 1.000000
31287188506 0.039820 0.104994 2.990585 1.000000 0.041698 0.169717 3.016745 1.000000 0.059342 0.507287 3.004130 1.000000 0.061804 0.681802 2.928649 1.000000 -0.136887 0.419642 3.017864 1.000000 -0.425580 0.386279 3.036332 1.000000 -0.639120 0.440488 3.011742 1.000000 -0.712635 0.451360 2.995176 1.000000 0.247364 0.415265 3.037063 1.000000 0.523653 0.351529 3.069466 1.000000 0.743635 0.366666 3.063201 1.000000 0.818280 0.380071 3.056456 1.000000 -0.047650 0.022799 2.978313 1.000000 -0.082723 -0.504833 3.104443 1.000000 -0.141462 -0.879673 3.085954 1.000000 -0.174040 -0.949855 3.039995 1.000000 0.118646 0.012146 2.991765 1.000000 0.110555 -0.505386 3.107498 1.000000 0.125741 -0.871269 3.101187 1.000000 0.140799 -0.953020 3.054232 1.000000
31287221642 0.040041 0.109642 2.990595 1.000000 0.041920 0.173548 3.016845 1.000000 0.059187 0.507592 3.004318 1.000000 0.061456 0.681535 2.926845 1.000000 -0.140489 0.423800 3.018551 1.000000 -0.415609 0.422944 3.045608 1.000000 -0.628824 0.477400 3.016677 1.000000 -0.700057 0.486294 2.991353 1.000000 0.249012 0.418803 3.036081 1.000000 0.520492 0.374825 3.070009 1.000000 0.733894 0.428793 3.071729 1.000000 0.809197 0.435949 3.063205 1.000000 -0.048065 0.026927 2.977928 1.000000 -0.086870 -0.497758 3.101790 1.000000 -0.140823 -0.879998 3.086823 1.000000 -0.172845 -0.951512 3.043675 1.000000 0.119493 0.014681 2.991579 1.000000 0.110659 -0.504630 3.107016 1.000000 0.125735 -0.871261 3.101291 1.000000 0.140758 -0.952699 3.053892 1.000000
31287265979 0.041134 0.117463 2.989912 1.000000 0.042661 0.180162 3.016487 1.000000 0.059059 0.508632 3.004603 1.000000 0.061046 0.681247 2.925312 1.000000 -0.143528 0.429969 3.018337 1.000000 -0.433204 0.473834 3.049755 1.000000 -0.643262 0.540287 3.024572 1.000000 -0.713834 0.551365 2.998312 1.000000 0.255327 0.428218 3.037697 1.000000 0.525183 0.419411 3.079598 1.000000 0.734575 0.488973 3.067214 1.000000 0.804372 0.512161 3.067474 1.000000 -0.047968 0.032954 2.976722 1.000000 -0.073956 -0.499908 3.102878 1.000000 -0.140464 -0.872787 3.084951 1.000000 -0.172680 -0.946875 3.040066 1.000000 0.121636 0.019714 2.990597 1.000000 0.112659 -0.497747 3.105833 1.000000 0.125701 -0.871648 3.101131 1.000000 0.141229 -0.953007 3.053762 1.000000
31287299272 0.041004 0.120401 2.989651 1.000000 0.042565 0.183132 3.016226 1.000000 0.058667 0.510158 3.004197 1.000000 0.059411 0.677459 2.924412 1.000000 -0.146185 0.436642 3.017456 1.000000 -0.432147 0.498619 3.050910 1.000000 -0.622839 0.605330 3.007040 1.000000 -0.693416 0.616409 2.980778 1.000000 0.257939 0.435332 3.036084 1.000000 0.525259 0.458529 3.078246 1.000000 0.737011 0.510959 3.098327 1.000000 0.828264 0.554821 3.117139 1.000000 -0.048308 0.033942 2.976666 1.000000 -0.075368 -0.500743 3.103434 1.000000 -0.138360 -0.879440 3.088401 1.000000 -0.171496 -0.949184 3.038880 1.000000 0.122236 0.023770 2.990015 1.000000 0.109931 -0.497995 3.104901 1.000000 0.125551 -0.871501 3.101543 1.000000 0.141474 -0.952890 3.053498 1.000000
31287332557 0.040487 0.122620 2.988263 1.000000 0.041919 0.185640 3.014220 1.000000 0.056806 0.512055 2.999876 1.000000 0.058809 0.676828 2.923626 1.000000 -0.146544 0.441153 3.015797 1.000000 -0.429126 0.512571 3.054711 1.000000 -0.610607 0.638073 3.045550 1.000000 -0.681183 0.649152 3.019289 1.000000 0.257628 0.441692 3.034475 1.000000 0.525354 0.483779 3.083735 1.000000 0.717484 0.585609 3.108233 1.000000 0.809340 0.630323 3.121182 1.000000 -0.048911 0.035767 2.975617 1.000000 -0.074044 -0.499139 3.103131 1.000000 -0.137970 -0.877170 3.090764 1.000000 -0.170059 -0.948370 3.041261 1.000000 0.122200 0.026467 2.989084 1.000000 0.111226 -0.495258 3.103647 1.000000 0.125455 -0.871220 3.096629 1.000000 0.141712 -0.953678 3.053644 1.000000
31287365988 0.039170 0.130901 2.984043 1.000000 0.040739 0.193162 3.009606 1.000000 0.055995 0.515580 2.995418 1.000000 0.059693 0.682853 2.920974 1.000000 -0.147038 0.446999 3.013812 1.000000 -0.377686 0.536621 3.048772 1.000000 -0.582351 0.659098 3.050207 1.000000 -0.652927 0.670176 3.023947 1.000000 0.259101 0.446156 3.032306 1.000000 0.514385 0.507621 3.081038 1.000000 0.708844 0.601897 3.112607 1.000000 0.796005 0.655351 3.124851 1.000000 -0.051450 0.045471 2.972686 1.000000 -0.081619 -0.493025 3.101743 1.000000 -0.137731 -0.874455 3.090068 1.000000 -0.170792 -0.946617 3.038727 1.000000 0.121789 0.032626 2.984552 1.000000 0.111675 -0.495236 3.102430 1.000000 0.125479 -0.871242 3.096802 1.000000 0.141651 -0.953821 3.053146 1.000000
31287398538 0.039321 0.135264 2.983294 1.000000 0.041127 0.196677 3.008755 1.000000 0.056406 0.516132 2.995063 1.000000 0.059901 0.682302 2.921492 1.000000 -0.147121 0.457582 3.013026 1.000000 -0.385736 0.558759 3.050111 1.000000 -0.554943 0.699856 3.049836 1.000000 -0.625579 0.721047 3.031000 1.000000 0.256866 0.450967 3.029351 1.000000 0.506763 0.520313 3.083692 1.000000 0.712402 0.675781 3.119590 1.000000 0.797567 0.730383 3.138821 1.000000 -0.051788 0.050922 2.971723 1.000000 -0.073657 -0.491704 3.102613 1.000000 -0.135577 -0.868766 3.092818 1.000000 -0.170259 -0.943544 3.037800 1.000000 0.121997 0.038414 2.983552 1.000000 0.112730 -0.491146 3.102859 1.000000 0.125844 -0.871584 3.097792 1.000000 0.141392 -0.954653 3.052500 1.000000
31287431721 0.039824 0.136895 2.983248 1.000000 0.041751 0.198063 3.008650 1.000000 0.057103 0.516370 2.995237 1.000000 0.060694 0.678242 2.921135 1.000000 -0.146601 0.461948 3.012167 1.000000 -0.386660 0.586585 3.044688 1.000000 -0.585449 0.778809 3.045372 1.000000 -0.635356 0.845585 3.105822 1.000000 0.253734 0.461572 3.027662 1.000000 0.507324 0.570313 3.089785 1.000000 0.682941 0.698699 3.113873 1.000000 0.744959 0.733154 3.141437 1.000000 -0.050137 0.053271 2.971062 1.000000 -0.066977 -0.491063 3.104557 1.000000 -0.135050 -0.866574 3.096529 1.000000 -0.169272 -0.941253 3.033093 1.000000 0.121434 0.040970 2.983754 1.000000 0.113666 -0.487751 3.103665 1.000000 0.125559 -0.872240 3.097241 1.000000 0.141379 -0.954717 3.052419 1.000000
31287473791 0.040706 0.141445 2.983658 1.000000 0.042032 0.201529 3.008979 1.000000 0.056295 0.516604 2.995678 1.000000 0.060973 0.675472 2.921157 1.000000 -0.146822 0.468321 3.011447 1.000000 -0.374972 0.595190 3.043729 1.000000 -0.561635 0.828066 3.040485 1.000000 -0.613208 0.883936 3.043923 1.000000 0.253927 0.472238 3.028599 1.000000 0.502195 0.575743 3.085763 1.000000 0.671045 0.715471 3.098714 1.000000 0.708540 0.780677 3.110352 1.000000 -0.047491 0.058279 2.970656 1.000000 -0.083254 -0.480193 3.100439 1.000000 -0.134924 -0.864283 3.098175 1.000000 -0.169449 -0.937700 3.034172 1.000000 0.122018 0.044846 2.984385 1.000000 0.113856 -0.486877 3.103137 1.000000 0.125696 -0.872084 3.097410 1.000000 0.141407 -0.955318 3.052945 1.000000
31287516553 0.040823 0.145169 2.982672 1.000000 0.042001 0.204430 3.008080 1.000000 0.055897 0.516604 2.995365 1.000000 0.058451 0.670368 2.921841 1.000000 -0.146519 0.469807 3.010860 1.000000 -0.385914 0.645607 3.016236 1.000000 -0.510742 0.832031 3.029746 1.000000 -0.549849 0.897209 3.025574 1.000000 0.253208 0.474212 3.028009 1.000000 0.492342 0.593824 3.080751 1.000000 0.633424 0.763015 3.081591 1.000000 0.697880 0.843228 3.085888 1.000000 -0.046802 0.060943 2.969574 1.000000 -0.091584 -0.445852 3.091731 1.000000 -0.130000 -0.855073 3.099704 1.000000 -0.169072 -0.937294 3.035213 1.000000 0.121798 0.051019 2.983321 1.000000 0.113619 -0.482497 3.100928 1.000000 0.125262 -0.872195 3.094713 1.000000 0.142178 -0.955815 3.052908 1.000000
31287549814 0.040913 0.145956 2.982868 1.000000 0.042031 0.205670 3.008200 1.000000 0.055055 0.518855 2.995182 1.000000 0.058328 0.670551 2.921799 1.000000 -0.146395 0.471090 3.010747 1.000000 -0.377182 0.658693 3.012348 1.000000 -0.496429 0.842782 3.024254 1.000000 -0.544489 0.933486 3.032680 1.000000 0.252744 0.476328 3.027951 1.000000 0.483776 0.603917 3.078345 1.000000 0.615839 0.780484 3.076158 1.000000 0.635717 0.853867 3.080045 1.000000 -0.046059 0.062472 2.970089 1.000000 -0.093118 -0.457735 3.094874 1.000000 -0.131395 -0.858761 3.101373 1.000000 -0.169277 -0.937378 3.035906 1.000000 0.121719 0.051382 2.983467 1.000000 0.113938 -0.482118 3.101549 1.000000 0.124765 -0.871206 3.095512 1.000000 0.141935 -0.954621 3.049834 1.000000
31287583044 0.041176 0.148635 2.982763 1.000000 0.042274 0.208398 3.007909 1.000000 0.055221 0.520059 2.994762 1.000000 0.057470 0.677994 2.920815 1.000000 -0.145846 0.472810 3.010252 1.000000 -0.341309 0.631836 3.011658 1.000000 -0.468546 0.811997 3.008251 1.000000 -0.496698 0.911035 3.004743 1.000000 0.252641 0.482028 3.028537 1.000000 0.490571 0.649293 3.070764 1.000000 0.609027 0.835297 3.068231 1.000000 0.653257 0.927876 3.058951 1.000000 -0.045895 0.064257 2.970471 1.000000 -0.094468 -0.471460 3.098657 1.000000 -0.132060 -0.859015 3.101149 1.000000 -0.170411 -0.938658 3.038696 1.000000 0.121938 0.055202 2.982916 1.000000 0.114229 -0.482199 3.101578 1.000000 0.125081 -0.871477 3.095711 1.000000 0.142440 -0.954046 3.048108 1.000000
31287616376 0.041001 0.149311 2.983143 1.000000 0.042160 0.209048 3.008415 1.000000 0.055583 0.520544 2.996031 1.000000 0.056105 0.672302 2.922311 1.000000 -0.145437 0.473876 3.009933 1.000000 -0.337045 0.632801 3.008438 1.000000 -0.431152 0.846680 2.992634 1.000000 -0.457907 0.917623 2.999799 1.000000 0.252571 0.482120 3.028494 1.000000 0.479188 0.649636 3.066391 1.000000 0.589834 0.840584 3.059656 1.000000 0.628248 0.935900 3.052181 1.000000 -0.046476 0.065904 2.971235 1.000000 -0.094156 -0.473447 3.099780 1.000000 -0.133419 -0.861970 3.098401 1.000000 -0.167814 -0.941780 3.046010 1.000000 0.121795 0.055442 2.982915 1.000000 0.114244 -0.481785 3.101427 1.000000 0.125801 -0.871236 3.097081 1.000000 0.142265 -0.953916 3.048018 1.000000
31287649805 0.041098 0.151785 2.983655 1.000000 0.042407 0.210910 3.008855 1.000000 0.056097 0.520488 2.996286 1.000000 0.054782 0.669637 2.922278 1.000000 -0.144644 0.474858 3.009651 1.000000 -0.334022 0.633801 3.007763 1.000000 -0.404819 0.846287 2.973767 1.000000 -0.418802 0.921111 2.976404 1.000000 0.251687 0.482517 3.028098 1.000000 0.467810 0.649259 3.058066 1.000000 0.569929 0.844989 3.042169 1.000000 0.585863 0.944371 3.020077 1.000000 -0.046546 0.068550 2.971478 1.000000 -0.097351 -0.383057 3.066787 1.000000 -0.127056 -0.810958 3.091034 1.000000 -0.159686 -0.915704 3.057412 1.000000 0.121422 0.059367 2.983763 1.000000 0.111031 -0.466908 3.096178 1.000000 0.125357 -0.871302 3.095312 1.000000 0.141974 -0.953704 3.048270 1.000000
31287692265 0.041077 0.153140 2.984121 1.000000 0.042384 0.211969 3.009504 1.000000 0.056219 0.520333 2.997578 1.000000 0.055403 0.665963 2.924901 1.000000 -0.143223 0.475295 3.009037 1.000000 -0.332423 0.637557 3.000628 1.000000 -0.369519 0.931987 2.953356 1.000000 -0.363862 1.007942 2.953356 1.000000 0.251384 0.482958 3.027842 1.000000 0.461622 0.653445 3.050053 1.000000 0.524463 0.862242 3.002229 1.000000 0.557841 0.930443 2.996241 1.000000 -0.046375 0.071735 2.971523 1.000000 -0.094655 -0.421015 3.075411 1.000000 -0.128797 -0.849069 3.095810 1.000000 -0.167195 -0.938717 3.048964 1.000000 0.121262 0.060099 2.984076 1.000000 0.113218 -0.436898 3.081737 1.000000 0.126013 -0.866808 3.095229 1.000000 0.141997 -0.953939 3.048707 1.000000
31287734788 0.041863 0.156597 2.985124 1.000000 0.043013 0.214483 3.010439 1.000000 0.056381 0.520020 2.998115 1.000000 0.054657 0.664691 2.925851 1.000000 -0.142880 0.475299 3.008774 1.000000 -0.329150 0.654310 2.991710 1.000000 -0.338364 0.872629 2.946920 1.000000 -0.336914 0.962891 2.935990 1.000000 0.253375 0.486271 3.027805 1.000000 0.448564 0.675363 3.033864 1.000000 0.511600 0.883869 2.984642 1.000000 0.505718 0.982597 2.955702 1.000000 -0.046122 0.072901 2.971941 1.000000 -0.091187 -0.474365 3.105844 1.000000 -0.130786 -0.868350 3.097667 1.000000 -0.168045 -0.939157 3.048934 1.000000 0.122568 0.063992 2.985035 1.000000 0.112575 -0.455011 3.093773 1.000000 0.126090 -0.870966 3.096307 1.000000 0.141354 -0.953026 3.047205 1.000000
31287780714 0.041607 0.158820 2.985585 1.000000 0.042808 0.216527 3.010720 1.000000 0.056402 0.520165 2.998013 1.000000 0.054350 0.663461 2.925728 1.000000 -0.142514 0.476234 3.008399 1.000000 -0.317227 0.656328 2.985845 1.000000 -0.326944 0.874765 2.942023 1.000000 -0.294903 0.972700 2.942839 1.000000 0.251822 0.486541 3.027786 1.000000 0.442089 0.681105 3.028201 1.000000 0.487179 0.894966 2.983744 1.000000 0.475323 0.995221 2.963080 1.000000 -0.046278 0.075741 2.972910 1.000000 -0.094422 -0.371847 3.068692 1.000000 -0.115392 -0.677740 3.131770 1.000000 -0.135668 -0.784558 3.095102 1.000000 0.121976 0.067175 2.985748 1.000000 0.113247 -0.427407 3.086661 1.000000 0.125514 -0.857842 3.094403 1.000000 0.142145 -0.954631 3.044672 1.000000
31287813389 0.042027 0.161877 2.987008 1.000000 0.043108 0.219970 3.011960 1.000000 0.056914 0.522943 2.998577 1.000000 0.056916 0.676005 2.926398 1.000000 -0.141790 0.485733 3.006581 1.000000 -0.309365 0.663161 2.980358 1.000000 -0.281124 0.881185 2.946761 1.000000 -0.313075 0.949208 2.934393 1.000000 0.251200 0.497382 3.028662 1.000000 0.427454 0.712979 3.020799 1.000000 0.463712 0.929708 2.986110 1.000000 0.441127 1.024844 2.953592 1.000000 -0.045343 0.077964 2.974130 1.000000 -0.095581 -0.478027 3.099978 1.000000 -0.133911 -0.859863 3.103444 1.000000 -0.164441 -0.932265 3.044027 1.000000 0.121760 0.070653 2.987795 1.000000 0.116455 -0.496094 3.103885 1.000000 0.125531 -0.871256 3.096298 1.000000 0.141847 -0.953915 3.046120 1.000000
31287835780 0.041939 0.162136 2.987226 1.000000 0.042856 0.220374 3.011897 1.000000 0.056342 0.523670 2.997972 1.000000 0.056760 0.675486 2.926571 1.000000 -0.139917 0.485003 3.005210 1.000000 -0.300863 0.657164 2.976707 1.000000 -0.218410 0.941959 2.927149 1.000000 -0.250361 1.009983 2.914781 1.000000 0.251329 0.500538 3.029415 1.000000 0.421333 0.715399 3.017261 1.000000 0.433782 0.934161 2.976957 1.000000 0.408186 1.029303 2.946772 1.000000 -0.044766 0.078538 2.974628 1.000000 -0.095987 -0.473150 3.097376 1.000000 -0.135094 -0.858824 3.101135 1.000000 -0.164254 -0.935168 3.045212 1.000000 0.121099 0.071111 2.988542 1.000000 0.111669 -0.465426 3.096070 1.000000 0.125685 -0.871291 3.096858 1.000000 0.141542 -0.954297 3.047636 1.000000
31287880769 0.041946 0.162703 2.987409 1.000000 0.042711 0.220903 3.011747 1.000000 0.056044 0.523740 2.997640 1.000000 0.056219 0.674851 2.927038 1.000000 -0.139293 0.485160 3.003563 1.000000 -0.278011 0.700345 2.970676 1.000000 -0.209110 0.928604 2.931456 1.000000 -0.241060 0.996628 2.919088 1.000000 0.247993 0.505900 3.029500 1.000000 0.411724 0.719496 3.013704 1.000000 0.371215 0.932162 2.957170 1.000000 0.334243 1.022755 2.924851 1.000000 -0.044570 0.079100 2.975000 1.000000 -0.071671 -0.481864 3.103539 1.000000 -0.134691 -0.858494 3.100724 1.000000 -0.166441 -0.936553 3.040674 1.000000 0.121224 0.072862 2.989028 1.000000 0.111680 -0.473761 3.099376 1.000000 0.126064 -0.871484 3.095776 1.000000 0.141282 -0.954436 3.047117 1.000000
31287930865 0.040383 0.167671 2.987708 1.000000 0.041158 0.225227 3.011662 1.000000 0.055198 0.524717 2.997445 1.000000 0.058669 0.684030 2.931027 1.000000 -0.137340 0.492101 3.003086 1.000000 -0.276517 0.701174 2.968940 1.000000 -0.200404 0.917699 2.924129 1.000000 -0.113906 0.972747 2.913892 1.000000 0.249512 0.514064 3.030360 1.000000 0.396851 0.729707 3.010083 1.000000 0.286701 0.993755 2.911037 1.000000 0.250324 1.056116 2.886785 1.000000 -0.045936 0.084530 2.976447 1.000000 -0.081089 -0.480284 3.101967 1.000000 -0.135146 -0.851081 3.101774 1.000000 -0.166833 -0.936897 3.041547 1.000000 0.119604 0.077416 2.988368 1.000000 0.111192 -0.476147 3.100408 1.000000 0.127402 -0.859718 3.101732 1.000000 0.141584 -0.952867 3.046703 1.000000
31287964428 0.040662 0.167938 2.987836 1.000000 0.041237 0.225498 3.011494 1.000000 0.055076 0.524780 2.997387 1.000000 0.057583 0.675710 2.932194 1.000000 -0.133234 0.488815 3.001532 1.000000 -0.270182 0.695530 2.965479 1.000000 -0.194031 0.897022 2.903862 1.000000 -0.172453 0.968539 2.889065 1.000000 0.250169 0.514189 3.030502 1.000000 0.391175 0.728537 3.006301 1.000000 0.275443 0.970113 2.914941 1.000000 0.222460 1.019140 2.890682 1.000000 -0.045700 0.084523 2.976744 1.000000 -0.085419 -0.477884 3.101948 1.000000 -0.135603 -0.830549 3.114465 1.000000 -0.161492 -0.924708 3.054179 1.000000 0.120784 0.078944 2.988410 1.000000 0.108952 -0.473273 3.098609 1.000000 0.128033 -0.861260 3.101685 1.000000 0.141370 -0.952653 3.046326 1.000000
31287997444 0.041859 0.169750 2.988415 1.000000 0.042264 0.227293 3.011840 1.000000 0.055244 0.525714 2.997809 1.000000 0.057697 0.674308 2.930761 1.000000 -0.130400 0.490954 3.001212 1.000000 -0.263043 0.691278 2.961843 1.000000 -0.181403 0.892723 2.909976 1.000000 -0.103759 0.960453 2.911656 1.000000 0.250200 0.514091 3.030033 1.000000 0.390444 0.728414 3.006474 1.000000 0.271240 0.915039 2.935980 1.000000 0.218662 0.994900 2.909275 1.000000 -0.044901 0.086228 2.977301 1.000000 -0.065214 -0.494853 3.107661 1.000000 -0.135254 -0.874023 3.087807 1.000000 -0.166102 -0.940980 3.040757 1.000000 0.123550 0.082986 2.989142 1.000000 0.106507 -0.474922 3.100516 1.000000 0.126341 -0.866016 3.095295 1.000000 0.142029 -0.953154 3.046383 1.000000
31288030944 0.041978 0.170206 2.988388 1.000000 0.042266 0.228044 3.011317 1.000000 0.055013 0.527281 2.996293 1.000000 0.058306 0.677675 2.929480 1.000000 -0.126922 0.490557 2.999904 1.000000 -0.258624 0.688450 2.962793 1.000000 -0.169792 0.887111 2.912452 1.000000 -0.095562 0.958571 2.913379 1.000000 0.248903 0.517832 3.030471 1.000000 0.389959 0.728486 3.005909 1.000000 0.226318 0.952148 2.932072 1.000000 0.177096 0.998561 2.897094 1.000000 -0.043935 0.087449 2.977460 1.000000 -0.064865 -0.494565 3.107475 1.000000 -0.135913 -0.872793 3.094133 1.000000 -0.166937 -0.940705 3.041044 1.000000 0.123019 0.084410 2.989466 1.000000 0.108717 -0.476792 3.100849 1.000000 0.126320 -0.867274 3.094302 1.000000 0.142862 -0.954842 3.048282 1.000000
31288064136 0.043664 0.172499 2.988271 1.000000 0.043796 0.229395 3.011243 1.000000 0.056792 0.525684 2.997704 1.000000 0.058996 0.671993 2.926483 1.000000 -0.125094 0.493250 3.001608 1.000000 -0.250766 0.687082 2.961220 1.000000 -0.162308 0.885333 2.907971 1.000000 -0.089627 0.958357 2.908949 1.000000 0.248903 0.520783 3.031226 1.000000 0.382783 0.722002 3.004113 1.000000 0.232555 0.934328 2.958999 1.000000 0.170080 0.967417 2.930685 1.000000 -0.041515 0.090696 2.977456 1.000000 -0.100037 -0.441406 3.082373 1.000000 -0.135861 -0.870440 3.092259 1.000000 -0.167765 -0.939329 3.041375 1.000000 0.123945 0.086838 2.988389 1.000000 0.108291 -0.472217 3.097979 1.000000 0.126573 -0.869925 3.097496 1.000000 0.142840 -0.954775 3.048412 1.000000
31288097489 0.043923 0.172974 2.987877 1.000000 0.043978 0.229698 3.010503 1.000000 0.057311 0.521809 2.995572 1.000000 0.053170 0.667056 2.923099 1.000000 -0.123421 0.494705 3.000446 1.000000 -0.246194 0.677872 2.964419 1.000000 -0.146566 0.871086 2.912921 1.000000 -0.074710 0.944916 2.913261 1.000000 0.245770 0.520591 3.030822 1.000000 0.368703 0.717351 2.997242 1.000000 0.242878 0.890294 2.929435 1.000000 0.165097 0.956103 2.914158 1.000000 -0.040735 0.092132 2.977129 1.000000 -0.092102 -0.387939 3.066742 1.000000 -0.131107 -0.815755 3.086401 1.000000 -0.162015 -0.919544 3.048458 1.000000 0.123785 0.088324 2.987811 1.000000 0.106883 -0.446404 3.089335 1.000000 0.126343 -0.869033 3.095434 1.000000 0.142775 -0.954688 3.048323 1.000000
31288133569 0.043582 0.173317 2.987691 1.000000 0.043649 0.230326 3.010040 1.000000 0.056278 0.525515 2.995807 1.000000 0.053158 0.669764 2.924546 1.000000 -0.115615 0.497045 3.001189 1.000000 -0.240474 0.678585 2.962183 1.000000 -0.136054 0.869721 2.913196 1.000000 -0.064156 0.943500 2.913397 1.000000 0.247393 0.522564 3.030549 1.000000 0.367019 0.717060 2.996632 1.000000 0.242537 0.891619 2.931004 1.000000 0.204003 0.956941 2.937792 1.000000 -0.040359 0.093142 2.976745 1.000000 -0.078735 -0.483643 3.103849 1.000000 -0.136266 -0.871445 3.090800 1.000000 -0.167936 -0.943752 3.045129 1.000000 0.121511 0.089267 2.987627 1.000000 0.107789 -0.483127 3.102137 1.000000 0.126414 -0.869329 3.095612 1.000000 0.142417 -0.954498 3.048179 1.000000
31288197689 0.043417 0.176467 2.987364 1.000000 0.043890 0.232529 3.009689 1.000000 0.056698 0.525404 2.996063 1.000000 0.067766 0.677271 2.924267 1.000000 -0.117601 0.501310 3.003432 1.000000 -0.239207 0.684513 2.958589 1.000000 -0.123686 0.869913 2.913887 1.000000 -0.051784 0.943677 2.914014 1.000000 0.248951 0.527053 3.030865 1.000000 0.370759 0.718657 2.996450 1.000000 0.234365 0.884074 2.930885 1.000000 0.195592 0.949553 2.933355 1.000000 -0.040309 0.095791 2.976108 1.000000 -0.085665 -0.482998 3.102372 1.000000 -0.135430 -0.853989 3.104397 1.000000 -0.168032 -0.942237 3.044350 1.000000 0.120642 0.091149 2.987343 1.000000 0.107602 -0.484768 3.101340 1.000000 0.126426 -0.871156 3.097369 1.000000 0.142552 -0.953924 3.049142 1.000000
31288231140 0.043270 0.178111 2.986462 1.000000 0.043891 0.234271 3.008818 1.000000 0.057039 0.526666 2.996118 1.000000 0.072775 0.676719 2.924819 1.000000 -0.117896 0.503372 3.004003 1.000000 -0.239565 0.686404 2.958131 1.000000 -0.085972 0.844423 2.932923 1.000000 -0.014099 0.918205 2.932923 1.000000 0.249433 0.528039 3.030968 1.000000 0.376897 0.719550 2.996289 1.000000 0.224605 0.870732 2.931590 1.000000 0.187115 0.936978 2.930126 1.000000 -0.040150 0.097934 2.974745 1.000000 -0.083667 -0.483736 3.102270 1.000000 -0.135171 -0.858025 3.104117 1.000000 -0.169267 -0.941468 3.042849 1.000000 0.120041 0.092221 2.986503 1.000000 0.107852 -0.484221 3.100933 1.000000 0.126227 -0.871721 3.096085 1.000000 0.143120 -0.954768 3.050507 1.000000
31288263575 0.043980 0.179805 2.986349 1.000000 0.044808 0.235861 3.009611 1.000000 0.060000 0.529978 3.001268 1.000000 0.071858 0.675774 2.924845 1.000000 -0.119007 0.503535 3.003412 1.000000 -0.239378 0.687392 2.957437 1.000000 -0.122116 0.871579 2.912294 1.000000 -0.050250 0.945355 2.912294 1.000000 0.249216 0.527840 3.030660 1.000000 0.376629 0.715325 2.996771 1.000000 0.222000 0.863865 2.931421 1.000000 0.185359 0.930539 2.928742 1.000000 -0.040433 0.099303 2.973781 1.000000 -0.075117 -0.492216 3.101117 1.000000 -0.135390 -0.859211 3.102357 1.000000 -0.170228 -0.941891 3.042561 1.000000 0.121649 0.094333 2.986001 1.000000 0.108530 -0.484311 3.100246 1.000000 0.126304 -0.871637 3.096159 1.000000 0.143281 -0.954442 3.050697 1.000000
31288297551 0.044839 0.182454 2.986425 1.000000 0.045455 0.237436 3.010579 1.000000 0.060205 0.528940 3.003066 1.000000 0.070270 0.675863 2.924695 1.000000 -0.120334 0.503355 3.003219 1.000000 -0.239807 0.687767 2.957168 1.000000 -0.116672 0.868351 2.913706 1.000000 -0.044811 0.942121 2.913706 1.000000 0.249637 0.528432 3.030528 1.000000 0.378662 0.714690 2.995750 1.000000 0.214462 0.845532 2.914703 1.000000 0.178569 0.912501 2.910117 1.000000 -0.040446 0.100591 2.973169 1.000000 -0.086223 -0.484048 3.098412 1.000000 -0.134961 -0.861351 3.099495 1.000000 -0.171289 -0.941727 3.041620 1.000000 0.123428 0.096739 2.985623 1.000000 0.109344 -0.484828 3.100774 1.000000 0.126476 -0.871463 3.096762 1.000000 0.142744 -0.953663 3.049727 1.000000
31288364289 0.045159 0.182717 2.985691 1.000000 0.047005 0.239745 3.007944 1.000000 0.079543 0.540314 2.988142 1.000000 0.070830 0.679183 2.920228 1.000000 -0.120722 0.502740 3.003340 1.000000 -0.239920 0.687189 2.956206 1.000000 -0.107267 0.861269 2.915070 1.000000 -0.035412 0.935033 2.915070 1.000000 0.249781 0.528546 3.030470 1.000000 0.378894 0.714405 2.994550 1.000000 0.213193 0.843462 2.913788 1.000000 0.177393 0.910468 2.909124 1.000000 -0.040444 0.100633 2.973094 1.000000 -0.087998 -0.484110 3.098698 1.000000 -0.135540 -0.863748 3.096104 1.000000 -0.171532 -0.941228 3.041545 1.000000 0.122404 0.096985 2.985243 1.000000 0.109683 -0.485031 3.100218 1.000000 0.126921 -0.872386 3.099182 1.000000 0.142966 -0.953803 3.049796 1.000000
31288397801 0.047027 0.184278 2.983186 1.000000 0.050571 0.244756 3.000666 1.000000 0.083270 0.556767 2.970791 1.000000 0.063939 0.789210 2.980351 1.000000 -0.121137 0.502340 3.003663 1.000000 -0.240443 0.687120 2.956441 1.000000 -0.098107 0.853555 2.916522 1.000000 -0.026259 0.927312 2.916522 1.000000 0.249807 0.528702 3.030418 1.000000 0.378723 0.714916 2.993072 1.000000 0.211605 0.843165 2.914347 1.000000 0.175872 0.910196 2.909654 1.000000 -0.040290 0.101053 2.972975 1.000000 -0.089956 -0.484357 3.098551 1.000000 -0.137239 -0.866731 3.092971 1.000000 -0.169467 -0.943868 3.045851 1.000000 0.123661 0.098290 2.984277 1.000000 0.105894 -0.486666 3.100131 1.000000 0.126922 -0.872321 3.099192 1.000000 0.142935 -0.953436 3.049209 1.000000
31288433998 0.048766 0.187489 2.981594 1.000000 0.053314 0.248650 2.997139 1.000000 0.086656 0.559301 2.971425 1.000000 0.064020 0.791508 2.981252 1.000000 -0.123221 0.505162 3.004876 1.000000 -0.242258 0.689467 2.956028 1.000000 -0.094327 0.850933 2.916162 1.000000 -0.022486 0.924683 2.916162 1.000000 0.250709 0.529154 3.030876 1.000000 0.379662 0.714770 2.992933 1.000000 0.211150 0.838820 2.909896 1.000000 0.175481 0.905869 2.905088 1.000000 -0.040517 0.103161 2.972429 1.000000 -0.091251 -0.486666 3.098413 1.000000 -0.137479 -0.867093 3.092322 1.000000 -0.169967 -0.947405 3.039484 1.000000 0.124685 0.100346 2.983495 1.000000 0.106690 -0.487007 3.100100 1.000000 0.126912 -0.872656 3.099635 1.000000 0.141934 -0.952953 3.049134 1.000000
31288497810 0.049426 0.188193 2.980936 1.000000 0.054306 0.249566 2.994737 1.000000 0.087785 0.559995 2.971029 1.000000 0.064095 0.792222 2.981658 1.000000 -0.123345 0.504271 3.004785 1.000000 -0.242021 0.688769 2.955789 1.000000 -0.090713 0.847439 2.918329 1.000000 -0.018879 0.921182 2.918329 1.000000 0.251208 0.529169 3.031156 1.000000 0.382713 0.713727 2.991104 1.000000 0.209967 0.832851 2.909919 1.000000 0.174356 0.899918 2.905041 1.000000 -0.040502 0.103756 2.972267 1.000000 -0.091904 -0.486958 3.098112 1.000000 -0.137378 -0.865300 3.092959 1.000000 -0.173785 -0.947339 3.029150 1.000000 0.125089 0.100905 2.983233 1.000000 0.107118 -0.487109 3.099887 1.000000 0.127006 -0.873413 3.100987 1.000000 0.141894 -0.953264 3.050909 1.000000
31288530444 0.049555 0.188226 2.980653 1.000000 0.054332 0.249217 2.993580 1.000000 0.079220 0.551066 2.974999 1.000000 0.067528 0.784171 2.985128 1.000000 -0.122853 0.502062 3.004660 1.000000 -0.241587 0.686652 2.956692 1.000000 -0.092791 0.848181 2.922997 1.000000 -0.020964 0.921917 2.922997 1.000000 0.251522 0.529038 3.030808 1.000000 0.387681 0.711862 2.990782 1.000000 0.212259 0.826283 2.908434 1.000000 0.176690 0.893361 2.903512 1.000000 -0.040211 0.103925 2.971917 1.000000 -0.092389 -0.486625 3.098093 1.000000 -0.137028 -0.865925 3.094541 1.000000 -0.173945 -0.946482 3.032036 1.000000 0.125758 0.101067 2.982669 1.000000 0.103536 -0.481074 3.096839 1.000000 0.126809 -0.873863 3.100601 1.000000 0.142056 -0.954053 3.051413 1.000000
31288552721 0.049618 0.188120 2.980344 1.000000 0.054475 0.249229 2.992587 1.000000 0.082723 0.555863 2.975641 1.000000 0.066682 0.788660 2.985179 1.000000 -0.123052 0.500464 3.004576 1.000000 -0.241830 0.686755 2.956558 1.000000 -0.092185 0.847294 2.921496 1.000000 -0.020365 0.921023 2.921496 1.000000 0.251356 0.528570 3.030683 1.000000 0.388384 0.711751 2.990702 1.000000 0.211464 0.824367 2.909265 1.000000 0.175932 0.891455 2.904319 1.000000 -0.040283 0.103943 2.971816 1.000000 -0.092332 -0.486403 3.097934 1.000000 -0.138365 -0.869482 3.095951 1.000000 -0.172231 -0.949019 3.046340 1.000000 0.125682 0.101103 2.982222 1.000000 0.105829 -0.472768 3.093089 1.000000 0.127322 -0.874669 3.102317 1.000000 0.142084 -0.955019 3.052671 1.000000
31288597911 0.049603 0.188006 2.980002 1.000000 0.054566 0.249311 2.991457 1.000000 0.083557 0.558203 2.974559 1.000000 0.067732 0.790865 2.982765 1.000000 -0.123115 0.500054 3.004722 1.000000 -0.242071 0.686774 2.956439 1.000000 -0.092485 0.847350 2.921409 1.000000 -0.020671 0.921073 2.921409 1.000000 0.251503 0.525611 3.029928 1.000000 0.389189 0.711517 2.990880 1.000000 0.211067 0.821814 2.908838 1.000000 0.175558 0.888904 2.903875 1.000000 -0.040417 0.103995 2.971729 1.000000 -0.092981 -0.474875 3.093053 1.000000 -0.137834 -0.867717 3.096257 1.000000 -0.172338 -0.946580 3.043131 1.000000 0.125639 0.101019 2.981976 1.000000 0.103560 -0.478907 3.096452 1.000000 0.126882 -0.859080 3.111151 1.000000 0.142042 -0.954855 3.053003 1.000000
31288631080 0.049533 0.187987 2.980059 1.000000 0.054191 0.248602 2.992119 1.000000 0.077590 0.551191 2.983684 1.000000 0.067530 0.783428 2.986525 1.000000 -0.123527 0.499238 3.005206 1.000000 -0.242328 0.686714 2.956635 1.000000 -0.092774 0.847247 2.921232 1.000000 -0.020966 0.920963 2.921232 1.000000 0.252971 0.523402 3.029393 1.000000 0.390506 0.708466 2.991186 1.000000 0.211993 0.819450 2.911346 1.000000 0.176504 0.886542 2.906360 1.000000 -0.040620 0.103993 2.971694 1.000000 -0.075907 -0.492795 3.100799 1.000000 -0.138154 -0.868078 3.097974 1.000000 -0.171358 -0.946829 3.045143 1.000000 0.125831 0.100836 2.981802 1.000000 0.107647 -0.470737 3.093692 1.000000 0.126035 -0.866441 3.105220 1.000000 0.142355 -0.955237 3.052755 1.000000
31288664540 0.049773 0.189660 2.979535 1.000000 0.054831 0.250920 2.991156 1.000000 0.084053 0.560890 2.978237 1.000000 0.067340 0.793010 2.982718 1.000000 -0.127028 0.504247 3.008463 1.000000 -0.244132 0.689374 2.957368 1.000000 -0.090411 0.845669 2.920412 1.000000 -0.018609 0.919378 2.920412 1.000000 0.253469 0.524199 3.028843 1.000000 0.390592 0.708607 2.990211 1.000000 0.212847 0.820259 2.909494 1.000000 0.177365 0.887346 2.904482 1.000000 -0.041307 0.105193 2.971912 1.000000 -0.087326 -0.496569 3.100357 1.000000 -0.139043 -0.874436 3.097113 1.000000 -0.171166 -0.948267 3.039856 1.000000 0.126191 0.102131 2.981034 1.000000 0.110432 -0.480901 3.097558 1.000000 0.126969 -0.868219 3.102804 1.000000 0.142616 -0.954502 3.051315 1.000000
31288697779 0.049148 0.191352 2.979502 1.000000 0.053493 0.252417 2.991104 1.000000 0.073252 0.560958 2.979409 1.000000 0.069390 0.792217 2.983760 1.000000 -0.127469 0.505324 3.008706 1.000000 -0.245138 0.690204 2.958607 1.000000 -0.087986 0.843302 2.923521 1.000000 -0.016107 0.866057 2.933492 1.000000 0.255106 0.524788 3.028613 1.000000 0.390643 0.708159 2.990005 1.000000 0.212186 0.820021 2.911618 1.000000 0.176715 0.887107 2.906595 1.000000 -0.041845 0.106826 2.971834 1.000000 -0.088962 -0.491287 3.098877 1.000000 -0.138685 -0.872364 3.098526 1.000000 -0.171237 -0.946142 3.040070 1.000000 0.126668 0.102664 2.980927 1.000000 0.111043 -0.481946 3.097308 1.000000 0.127212 -0.868175 3.103006 1.000000 0.142525 -0.954461 3.051284 1.000000
31288731212 0.049212 0.191309 2.979366 1.000000 0.053621 0.252718 2.990102 1.000000 0.075510 0.564357 2.974220 1.000000 0.070493 0.791387 2.984223 1.000000 -0.126801 0.502748 3.009481 1.000000 -0.244075 0.688534 2.959772 1.000000 -0.089412 0.843844 2.922807 1.000000 -0.017640 0.867841 2.930292 1.000000 0.255390 0.524835 3.028686 1.000000 0.390982 0.708103 2.989843 1.000000 0.211340 0.819635 2.914257 1.000000 0.175879 0.886719 2.909224 1.000000 -0.041816 0.106794 2.971973 1.000000 -0.091149 -0.487808 3.097448 1.000000 -0.138024 -0.871097 3.095892 1.000000 -0.172372 -0.946686 3.041884 1.000000 0.126774 0.102641 2.980834 1.000000 0.111376 -0.482317 3.097172 1.000000 0.127193 -0.868974 3.102524 1.000000 0.142331 -0.954666 3.052977 1.000000
31288764529 0.049168 0.191430 2.979374 1.000000 0.053683 0.253047 2.989442 1.000000 0.077655 0.566408 2.973905 1.000000 0.070865 0.789395 2.982762 1.000000 -0.127029 0.504558 3.010381 1.000000 -0.244589 0.689517 2.960669 1.000000 -0.088142 0.842989 2.923590 1.000000 -0.016789 0.868911 2.927947 1.000000 0.255362 0.524971 3.028732 1.000000 0.391629 0.707862 2.989873 1.000000 0.211118 0.818740 2.915706 1.000000 0.175664 0.885821 2.910666 1.000000 -0.042156 0.107241 2.972289 1.000000 -0.069429 -0.501384 3.104738 1.000000 -0.138034 -0.870953 3.095987 1.000000 -0.174436 -0.948227 3.038848 1.000000 0.126686 0.102765 2.980865 1.000000 0.111424 -0.482512 3.097219 1.000000 0.127111 -0.870163 3.103333 1.000000 0.142364 -0.954447 3.053284 1.000000
31288797898 0.049316 0.191315 2.979381 1.000000 0.054009 0.252696 2.989098 1.000000 0.080727 0.561482 2.975605 1.000000 0.072189 0.789340 2.982888 1.000000 -0.125367 0.500661 3.010852 1.000000 -0.244291 0.688587 2.960917 1.000000 -0.088020 0.842298 2.924378 1.000000 -0.017054 0.869459 2.927115 1.000000 0.256191 0.525089 3.028585 1.000000 0.393641 0.705760 2.990404 1.000000 0.213388 0.816974 2.916147 1.000000 0.177936 0.884050 2.911103 1.000000 -0.042160 0.107128 2.972393 1.000000 -0.089098 -0.483444 3.096703 1.000000 -0.136756 -0.853783 3.098046 1.000000 -0.173031 -0.943976 3.040699 1.000000 0.126818 0.102692 2.980745 1.000000 0.111797 -0.485090 3.097836 1.000000 0.126841 -0.871684 3.102196 1.000000 0.142609 -0.954498 3.053070 1.000000
31288831203 0.049395 0.191452 2.979324 1.000000 0.054181 0.253263 2.987901 1.000000 0.081365 0.565143 2.970485 1.000000 0.072441 0.788606 2.982845 1.000000 -0.125003 0.499735 3.011012 1.000000 -0.244350 0.688950 2.961655 1.000000 -0.087913 0.842239 2.923662 1.000000 -0.017438 0.870751 2.924677 1.000000 0.257957 0.523826 3.028790 1.000000 0.393852 0.705818 2.990236 1.000000 0.213366 0.816865 2.916421 1.000000 0.177917 0.883936 2.911376 1.000000 -0.042244 0.107228 2.972571 1.000000 -0.075104 -0.494085 3.102190 1.000000 -0.137821 -0.856748 3.096900 1.000000 -0.169017 -0.945372 3.043956 1.000000 0.127130 0.102853 2.981020 1.000000 0.111757 -0.484503 3.097016 1.000000 0.126473 -0.871752 3.100681 1.000000 0.142692 -0.954551 3.053142 1.000000
31288864607 0.049496 0.190694 2.979927 1.000000 0.054336 0.252353 2.988642 1.000000 0.081812 0.563992 2.977128 1.000000 0.072349 0.786052 2.982558 1.000000 -0.124049 0.498298 3.011569 1.000000 -0.244562 0.689190 2.961744 1.000000 -0.087830 0.842143 2.923679 1.000000 -0.017802 0.871734 2.923080 1.000000 0.258026 0.523153 3.028879 1.000000 0.394409 0.705844 2.990006 1.000000 0.212630 0.817663 2.921787 1.000000 0.177187 0.884732 2.916734 1.000000 -0.042183 0.106469 2.973112 1.000000 -0.086500 -0.496589 3.102019 1.000000 -0.139746 -0.871992 3.092849 1.000000 -0.168946 -0.944813 3.041524 1.000000 0.127143 0.102697 2.981114 1.000000 0.112048 -0.484946 3.097108 1.000000 0.127372 -0.872792 3.097981 1.000000 0.142661 -0.954490 3.053202 1.000000
31288897874 0.048958 0.189370 2.980605 1.000000 0.054129 0.250757 2.989786 1.000000 0.083968 0.560115 2.981061 1.000000 0.072458 0.785486 2.981915 1.000000 -0.123838 0.497881 3.012459 1.000000 -0.244628 0.688973 2.961984 1.000000 -0.087841 0.841876 2.924049 1.000000 -0.018021 0.871901 2.922384 1.000000 0.255837 0.505224 3.026940 1.000000 0.395834 0.704763 2.990397 1.000000 0.213301 0.816712 2.925057 1.000000 0.177863 0.883777 2.920000 1.000000 -0.042991 0.106103 2.973522 1.000000 -0.091569 -0.487348 3.099195 1.000000 -0.136712 -0.851597 3.102604 1.000000 -0.169160 -0.942245 3.043322 1.000000 0.126069 0.100930 2.981551 1.000000 0.112380 -0.485047 3.097639 1.000000 0.127433 -0.872858 3.097589 1.000000 0.142477 -0.955569 3.053715 1.000000
31288930586 0.049349 0.189237 2.980940 1.000000 0.054602 0.250712 2.990213 1.000000 0.084809 0.560581 2.981015 1.000000 0.075029 0.784367 2.981833 1.000000 -0.122949 0.497865 3.014364 1.000000 -0.244694 0.688954 2.962013 1.000000 -0.087516 0.841533 2.924690 1.000000 -0.017940 0.872047 2.922140 1.000000 0.257316 0.512927 3.028777 1.000000 0.397231 0.704730 2.991435 1.000000 0.215530 0.816417 2.922789 1.000000 0.180095 0.883478 2.917732 1.000000 -0.042690 0.106061 2.973898 1.000000 -0.091958 -0.487078 3.098843 1.000000 -0.136373 -0.856130 3.101028 1.000000 -0.169617 -0.941658 3.043502 1.000000 0.126312 0.100850 2.981978 1.000000 0.113099 -0.487148 3.098557 1.000000 0.127312 -0.873080 3.097583 1.000000 0.142542 -0.953833 3.053506 1.000000
31288952718 0.048986 0.188486 2.981408 1.000000 0.054388 0.250051 2.990786 1.000000 0.085015 0.560211 2.981403 1.000000 0.071453 0.785878 2.984444 1.000000 -0.122812 0.497577 3.014698 1.000000 -0.245022 0.688442 2.962623 1.000000 -0.088653 0.841702 2.924487 1.000000 -0.018710 0.871327 2.921636 1.000000 0.257232 0.513046 3.028965 1.000000 0.398024 0.703753 2.991853 1.000000 0.216178 0.815847 2.924570 1.000000 0.180746 0.882905 2.919513 1.000000 -0.042827 0.105550 2.974746 1.000000 -0.064113 -0.503523 3.105786 1.000000 -0.136778 -0.857629 3.099474 1.000000 -0.168505 -0.942620 3.044477 1.000000 0.125025 0.100004 2.982099 1.000000 0.113289 -0.488692 3.099154 1.000000 0.127575 -0.874014 3.099663 1.000000 0.143040 -0.954028 3.053843 1.000000
31288997931 0.049326 0.185880 2.982708 1.000000 0.055062 0.247050 2.992691 1.000000 0.087590 0.555488 2.984625 1.000000 0.074616 0.788128 2.990091 1.000000 -0.122547 0.494826 3.015450 1.000000 -0.245258 0.687782 2.963531 1.000000 -0.090010 0.842118 2.925135 1.000000 -0.019341 0.870087 2.926024 1.000000 0.257437 0.512507 3.029254 1.000000 0.398536 0.703274 2.991877 1.000000 0.216625 0.815522 2.925182 1.000000 0.181195 0.882577 2.920125 1.000000 -0.042549 0.103083 2.975641 1.000000 -0.086698 -0.494917 3.103096 1.000000 -0.137271 -0.860204 3.098042 1.000000 -0.167994 -0.944554 3.047050 1.000000 0.124571 0.097733 2.983239 1.000000 0.113580 -0.488243 3.099228 1.000000 0.129475 -0.864185 3.107436 1.000000 0.142898 -0.953339 3.053927 1.000000
31289031248 0.049389 0.185815 2.982831 1.000000 0.055208 0.247065 2.993221 1.000000 0.089178 0.558150 2.985624 1.000000 0.073811 0.790410 2.989390 1.000000 -0.122829 0.493749 3.015815 1.000000 -0.245151 0.687225 2.963657 1.000000 -0.090806 0.842412 2.925054 1.000000 -0.020092 0.870267 2.924667 1.000000 0.257118 0.512807 3.029733 1.000000 0.398853 0.703130 2.992065 1.000000 0.216846 0.815526 2.926066 1.000000 0.181419 0.882577 2.921008 1.000000 -0.042606 0.103076 2.975743 1.000000 -0.088090 -0.493800 3.103224 1.000000 -0.137495 -0.867472 3.093824 1.000000 -0.167480 -0.945579 3.046698 1.000000 0.124602 0.097686 2.983295 1.000000 0.114122 -0.488372 3.099802 1.000000 0.128115 -0.868478 3.105558 1.000000 0.143247 -0.954912 3.058285 1.000000
31289064676 0.048479 0.184959 2.984208 1.000000 0.052736 0.242968 2.999220 1.000000 0.065652 0.526352 3.011208 1.000000 0.072739 0.736572 2.979619 1.000000 -0.122893 0.493745 3.015910 1.000000 -0.245272 0.685019 2.963877 1.000000 -0.094754 0.844152 2.926876 1.000000 -0.024779 0.873523 2.922841 1.000000 0.257377 0.512033 3.030612 1.000000 0.399311 0.702442 2.992612 1.000000 0.217841 0.815449 2.926120 1.000000 0.182418 0.882494 2.921063 1.000000 -0.042668 0.102836 2.975903 1.000000 -0.089338 -0.492868 3.103319 1.000000 -0.137858 -0.867348 3.095035 1.000000 -0.168413 -0.943820 3.044896 1.000000 0.124339 0.096835 2.983465 1.000000 0.113982 -0.488450 3.100520 1.000000 0.127743 -0.868736 3.105726 1.000000 0.143178 -0.954561 3.057562 1.000000
31289114930 0.048204 0.183497 2.985324 1.000000 0.052197 0.241944 3.002613 1.000000 0.066800 0.537057 3.009745 1.000000 0.088245 0.749703 3.005877 1.000000 -0.122823 0.493010 3.016430 1.000000 -0.248290 0.684622 2.966283 1.000000 -0.098076 0.843471 2.925831 1.000000 -0.030173 0.876967 2.919370 1.000000 0.257367 0.511991 3.030638 1.000000 0.400179 0.701878 2.993119 1.000000 0.228834 0.830216 2.927891 1.000000 0.193416 0.897257 2.922831 1.000000 -0.042223 0.101661 2.976457 1.000000 -0.069742 -0.498083 3.107380 1.000000 -0.137833 -0.867036 3.095251 1.000000 -0.168960 -0.943102 3.044880 1.000000 0.124356 0.095408 2.983984 1.000000 0.112702 -0.491666 3.101388 1.000000 0.127064 -0.869825 3.104034 1.000000 0.143400 -0.954495 3.057487 1.000000
31289147399 0.047524 0.178432 2.987379 1.000000 0.050591 0.235371 3.008025 1.000000 0.064817 0.531933 3.013392 1.000000 0.082206 0.674993 2.954770 1.000000 -0.122451 0.491687 3.017009 1.000000 -0.254052 0.680119 2.972421 1.000000 -0.105449 0.838949 2.924240 1.000000 -0.038897 0.874745 2.916272 1.000000 0.256566 0.509440 3.030838 1.000000 0.401596 0.698107 2.994517 1.000000 0.228120 0.825218 2.933557 1.000000 0.192704 0.892256 2.928497 1.000000 -0.040941 0.097284 2.976717 1.000000 -0.088286 -0.477123 3.097051 1.000000 -0.137400 -0.867248 3.095084 1.000000 -0.168140 -0.944563 3.047189 1.000000 0.124008 0.091534 2.984586 1.000000 0.112719 -0.490267 3.100379 1.000000 0.127285 -0.869994 3.103984 1.000000 0.143300 -0.954392 3.057432 1.000000
31289169573 0.047090 0.175005 2.988941 1.000000 0.050326 0.232444 3.011596 1.000000 0.065932 0.531633 3.014546 1.000000 0.080005 0.674691 2.955359 1.000000 -0.122394 0.492081 3.018548 1.000000 -0.257886 0.675649 2.974526 1.000000 -0.114111 0.840324 2.934116 1.000000 -0.052593 0.884204 2.926147 1.000000 0.255435 0.504012 3.030408 1.000000 0.405230 0.697029 2.996043 1.000000 0.232242 0.825790 2.937860 1.000000 0.196828 0.892824 2.932801 1.000000 -0.040976 0.095223 2.977030 1.000000 -0.066552 -0.490938 3.103367 1.000000 -0.136434 -0.864182 3.100989 1.000000 -0.169504 -0.942441 3.042628 1.000000 0.123215 0.086950 2.986118 1.000000 0.114184 -0.484067 3.100194 1.000000 0.128262 -0.869887 3.099794 1.000000 0.142723 -0.955218 3.054088 1.000000
31289214879 0.046719 0.173637 2.989863 1.000000 0.050007 0.231399 3.014326 1.000000 0.066720 0.533579 3.016210 1.000000 0.078073 0.679758 2.949588 1.000000 -0.122164 0.492197 3.018824 1.000000 -0.263523 0.665550 2.976388 1.000000 -0.159899 0.859490 2.949949 1.000000 -0.076853 0.919223 2.939782 1.000000 0.257084 0.503346 3.030244 1.000000 0.407979 0.695896 2.996020 1.000000 0.240226 0.831352 2.937741 1.000000 0.204811 0.898387 2.932682 1.000000 -0.041234 0.094538 2.977352 1.000000 -0.066669 -0.491532 3.103636 1.000000 -0.136701 -0.865156 3.100098 1.000000 -0.170315 -0.942223 3.043215 1.000000 0.122873 0.083289 2.987041 1.000000 0.114150 -0.484528 3.099699 1.000000 0.127797 -0.870781 3.098220 1.000000 0.143369 -0.955299 3.051474 1.000000
31289247419 0.046751 0.173320 2.989805 1.000000 0.050257 0.230719 3.016067 1.000000 0.069856 0.532315 3.017154 1.000000 0.073858 0.673294 2.954151 1.000000 -0.121847 0.489113 3.019557 1.000000 -0.267820 0.656170 2.980058 1.000000 -0.176980 0.855942 2.947921 1.000000 -0.146700 0.922532 2.941587 1.000000 0.258174 0.500695 3.029098 1.000000 0.412847 0.688051 2.999456 1.000000 0.269360 0.852958 2.959140 1.000000 0.222767 0.911616 2.971809 1.000000 -0.041713 0.093655 2.977201 1.000000 -0.091471 -0.473723 3.094378 1.000000 -0.139563 -0.874237 3.098095 1.000000 -0.170146 -0.942496 3.041832 1.000000 0.123006 0.082958 2.986312 1.000000 0.108769 -0.464579 3.090621 1.000000 0.129718 -0.857006 3.105482 1.000000 0.143438 -0.953065 3.052596 1.000000
31289269603 0.047224 0.172474 2.989544 1.000000 0.051444 0.229421 3.016252 1.000000 0.082672 0.522287 3.009341 1.000000 0.068312 0.670354 2.951210 1.000000 -0.122047 0.485315 3.018519 1.000000 -0.271999 0.653720 2.981379 1.000000 -0.178075 0.852146 2.950311 1.000000 -0.116773 0.896164 2.941612 1.000000 0.258792 0.499588 3.029486 1.000000 0.413209 0.688287 2.999688 1.000000 0.277684 0.858862 2.954098 1.000000 0.225350 0.912446 2.966789 1.000000 -0.042314 0.091672 2.977437 1.000000 -0.093140 -0.421875 3.078372 1.000000 -0.135817 -0.849871 3.094847 1.000000 -0.169106 -0.939960 3.043029 1.000000 0.123169 0.082572 2.985983 1.000000 0.114459 -0.425833 3.081385 1.000000 0.124899 -0.856346 3.092173 1.000000 0.141344 -0.951228 3.045897 1.000000
31289314877 0.048052 0.170701 2.989701 1.000000 0.052022 0.228211 3.017125 1.000000 0.081736 0.523986 3.009865 1.000000 0.067587 0.681637 2.946396 1.000000 -0.122273 0.482839 3.017918 1.000000 -0.278023 0.654958 2.982383 1.000000 -0.182476 0.852596 2.951338 1.000000 -0.140713 0.915181 2.940875 1.000000 0.259771 0.499437 3.029212 1.000000 0.416722 0.689008 3.000802 1.000000 0.345091 0.896890 2.974822 1.000000 0.292389 0.950501 2.985726 1.000000 -0.041426 0.088307 2.977742 1.000000 -0.067078 -0.504395 3.107666 1.000000 -0.139506 -0.867550 3.103995 1.000000 -0.169149 -0.939680 3.043379 1.000000 0.124426 0.080753 2.985904 1.000000 0.115051 -0.493164 3.101807 1.000000 0.125170 -0.870694 3.093745 1.000000 0.141739 -0.951075 3.046176 1.000000
31289347459 0.048677 0.167962 2.989346 1.000000 0.052384 0.226460 3.017349 1.000000 0.079746 0.526156 3.008927 1.000000 0.068012 0.685366 2.947769 1.000000 -0.122047 0.482049 3.018157 1.000000 -0.282131 0.654202 2.982350 1.000000 -0.192889 0.854742 2.951159 1.000000 -0.158325 0.874023 2.957421 1.000000 0.259601 0.497966 3.028926 1.000000 0.422507 0.686924 2.999775 1.000000 0.340207 0.890960 2.976511 1.000000 0.287512 0.944563 2.987413 1.000000 -0.040375 0.085700 2.977252 1.000000 -0.083212 -0.493322 3.100070 1.000000 -0.139231 -0.866716 3.105252 1.000000 -0.169359 -0.939744 3.043661 1.000000 0.125161 0.078604 2.986049 1.000000 0.115251 -0.493234 3.101665 1.000000 0.125119 -0.871020 3.093898 1.000000 0.141650 -0.951506 3.047087 1.000000
31289369404 0.050046 0.163533 2.989422 1.000000 0.053367 0.223474 3.018075 1.000000 0.079116 0.528131 3.009555 1.000000 0.067596 0.686622 2.946054 1.000000 -0.122213 0.480731 3.017773 1.000000 -0.288376 0.655834 2.983740 1.000000 -0.211940 0.861919 2.956879 1.000000 -0.145757 0.940495 2.954630 1.000000 0.259626 0.496827 3.028719 1.000000 0.430462 0.672309 3.000946 1.000000 0.355186 0.878841 2.974380 1.000000 0.302492 0.932444 2.985283 1.000000 -0.039544 0.081125 2.977440 1.000000 -0.086395 -0.493220 3.100506 1.000000 -0.139191 -0.866737 3.105169 1.000000 -0.169721 -0.939847 3.043757 1.000000 0.127855 0.074041 2.985838 1.000000 0.115377 -0.493896 3.102191 1.000000 0.125656 -0.873301 3.095729 1.000000 0.141864 -0.951700 3.047745 1.000000
31289415003 0.050625 0.160883 2.989325 1.000000 0.053816 0.221259 3.018532 1.000000 0.078822 0.528710 3.009604 1.000000 0.069483 0.691171 2.944910 1.000000 -0.122827 0.477886 3.016815 1.000000 -0.294541 0.653657 2.985350 1.000000 -0.240115 0.867049 2.972432 1.000000 -0.169372 0.941387 2.967047 1.000000 0.260100 0.496341 3.028812 1.000000 0.435219 0.667189 3.002001 1.000000 0.373506 0.877797 2.970592 1.000000 0.320811 0.931400 2.981495 1.000000 -0.039295 0.078817 2.977977 1.000000 -0.071337 -0.499366 3.103495 1.000000 -0.138024 -0.867203 3.105507 1.000000 -0.170066 -0.940030 3.043671 1.000000 0.129286 0.069622 2.984818 1.000000 0.115430 -0.494392 3.102586 1.000000 0.125639 -0.873175 3.095829 1.000000 0.142237 -0.951841 3.048029 1.000000
31289447486 0.050864 0.159094 2.988409 1.000000 0.054131 0.219488 3.018450 1.000000 0.078871 0.528842 3.009753 1.000000 0.068975 0.691627 2.944850 1.000000 -0.122990 0.476763 3.016669 1.000000 -0.300112 0.641203 2.986805 1.000000 -0.259379 0.857609 2.975585 1.000000 -0.259826 0.933558 2.975646 1.000000 0.260733 0.496223 3.029132 1.000000 0.438889 0.665309 3.001942 1.000000 0.405059 0.882883 2.985414 1.000000 0.352366 0.936484 2.996316 1.000000 -0.039252 0.076505 2.976543 1.000000 -0.081066 -0.495643 3.103610 1.000000 -0.137533 -0.867053 3.105487 1.000000 -0.170019 -0.939965 3.043635 1.000000 0.129428 0.067776 2.983635 1.000000 0.115515 -0.494392 3.102794 1.000000 0.125436 -0.873151 3.097640 1.000000 0.142250 -0.952012 3.048892 1.000000
31289469475 0.051237 0.157292 2.987602 1.000000 0.054415 0.217930 3.018436 1.000000 0.078492 0.529409 3.009782 1.000000 0.068419 0.692088 2.944552 1.000000 -0.122986 0.476796 3.016863 1.000000 -0.308049 0.631036 2.990526 1.000000 -0.275768 0.848780 2.971404 1.000000 -0.284293 0.923970 2.964932 1.000000 0.261561 0.496048 3.029183 1.000000 0.447559 0.657947 3.000941 1.000000 0.423195 0.876740 2.992912 1.000000 0.370504 0.930340 3.003814 1.000000 -0.038426 0.074734 2.975944 1.000000 -0.084884 -0.494810 3.103101 1.000000 -0.138361 -0.865295 3.098916 1.000000 -0.169238 -0.941534 3.045137 1.000000 0.129606 0.065494 2.982222 1.000000 0.114307 -0.495107 3.103297 1.000000 0.125313 -0.873824 3.097624 1.000000 0.142543 -0.953147 3.049880 1.000000
31289514963 0.050905 0.155947 2.986616 1.000000 0.054114 0.216598 3.018384 1.000000 0.077717 0.529789 3.010074 1.000000 0.068160 0.692149 2.944692 1.000000 -0.123665 0.475879 3.017318 1.000000 -0.317391 0.620595 2.991325 1.000000 -0.308897 0.840197 2.964448 1.000000 -0.292367 0.914307 2.962920 1.000000 0.262632 0.495053 3.029243 1.000000 0.452186 0.653482 3.000548 1.000000 0.433447 0.872785 2.993837 1.000000 0.412626 0.973231 2.999741 1.000000 -0.038715 0.073486 2.974669 1.000000 -0.065814 -0.509599 3.110500 1.000000 -0.142014 -0.880851 3.093560 1.000000 -0.169748 -0.947293 3.042190 1.000000 0.129215 0.062913 2.980542 1.000000 0.108512 -0.498779 3.104933 1.000000 0.125321 -0.874420 3.096756 1.000000 0.142442 -0.954627 3.054269 1.000000
31289547620 0.051430 0.154283 2.985450 1.000000 0.054579 0.214778 3.018011 1.000000 0.077678 0.529712 3.009968 1.000000 0.068009 0.692148 2.944731 1.000000 -0.125768 0.472483 3.017457 1.000000 -0.331377 0.616377 2.991708 1.000000 -0.374443 0.831198 2.956656 1.000000 -0.373932 0.906694 2.948494 1.000000 0.263761 0.494082 3.030010 1.000000 0.455444 0.652414 3.000876 1.000000 0.448242 0.910156 2.994527 1.000000 0.423036 1.008536 3.010062 1.000000 -0.038361 0.069943 2.972442 1.000000 -0.066141 -0.506805 3.109314 1.000000 -0.141607 -0.877812 3.093082 1.000000 -0.166929 -0.949903 3.047303 1.000000 0.130041 0.061361 2.979618 1.000000 0.110856 -0.496452 3.104628 1.000000 0.125596 -0.874112 3.096644 1.000000 0.142389 -0.954730 3.051643 1.000000
31289569420 0.051614 0.152916 2.985028 1.000000 0.054671 0.213576 3.018354 1.000000 0.077598 0.529857 3.009971 1.000000 0.067429 0.692502 2.944458 1.000000 -0.126508 0.471311 3.017850 1.000000 -0.363008 0.600183 2.991984 1.000000 -0.352946 0.820108 2.974868 1.000000 -0.316438 0.915982 2.980327 1.000000 0.264832 0.492708 3.031102 1.000000 0.467811 0.648319 3.004401 1.000000 0.471679 0.946197 2.992428 1.000000 0.459755 1.009791 3.032174 1.000000 -0.037926 0.067883 2.971971 1.000000 -0.065564 -0.506279 3.108824 1.000000 -0.141490 -0.876899 3.093153 1.000000 -0.165645 -0.951704 3.049014 1.000000 0.130080 0.060122 2.979218 1.000000 0.112010 -0.495910 3.104162 1.000000 0.124919 -0.874815 3.096199 1.000000 0.142915 -0.955467 3.052051 1.000000
31289615140 0.052174 0.151975 2.984109 1.000000 0.054977 0.212442 3.018096 1.000000 0.076597 0.529292 3.009342 1.000000 0.067278 0.692037 2.944251 1.000000 -0.127027 0.465695 3.017836 1.000000 -0.355003 0.576219 3.000582 1.000000 -0.383074 0.794430 2.978624 1.000000 -0.384887 0.869373 2.966536 1.000000 0.266480 0.491577 3.031998 1.000000 0.481838 0.613486 3.010652 1.000000 0.503418 0.860840 2.976949 1.000000 0.500737 0.963441 2.981393 1.000000 -0.037509 0.066770 2.970973 1.000000 -0.067052 -0.501244 3.106437 1.000000 -0.141374 -0.876214 3.093204 1.000000 -0.166264 -0.950847 3.048341 1.000000 0.131798 0.058532 2.978039 1.000000 0.112235 -0.496299 3.104122 1.000000 0.124904 -0.874628 3.097241 1.000000 0.142817 -0.955402 3.053447 1.000000
31289647643 0.052456 0.150651 2.982753 1.000000 0.055445 0.211027 3.017746 1.000000 0.077173 0.529132 3.009413 1.000000 0.067173 0.691912 2.944318 1.000000 -0.127848 0.460974 3.019056 1.000000 -0.351171 0.554283 3.006719 1.000000 -0.392341 0.769806 2.975348 1.000000 -0.389998 0.872147 2.966715 1.000000 0.267617 0.490136 3.033104 1.000000 0.487894 0.603329 3.015034 1.000000 0.538659 0.816897 2.984886 1.000000 0.541572 0.919576 2.983429 1.000000 -0.037984 0.065310 2.969177 1.000000 -0.085114 -0.485112 3.101805 1.000000 -0.141250 -0.873402 3.094258 1.000000 -0.168657 -0.947063 3.043496 1.000000 0.132221 0.056726 2.976222 1.000000 0.112495 -0.496984 3.104076 1.000000 0.124954 -0.874038 3.098138 1.000000 0.142774 -0.954993 3.051889 1.000000
31289669450 0.052316 0.146194 2.981754 1.000000 0.055187 0.207389 3.017828 1.000000 0.077156 0.529088 3.009552 1.000000 0.066952 0.691756 2.944484 1.000000 -0.128093 0.458028 3.020775 1.000000 -0.347703 0.506505 3.015356 1.000000 -0.408158 0.727669 2.980023 1.000000 -0.406565 0.830343 2.977040 1.000000 0.267601 0.482507 3.036428 1.000000 0.493212 0.575194 3.019833 1.000000 0.569855 0.781517 3.001391 1.000000 0.578561 0.883825 2.998131 1.000000 -0.037616 0.061905 2.968136 1.000000 -0.073633 -0.496467 3.105167 1.000000 -0.140938 -0.872959 3.095393 1.000000 -0.168014 -0.947489 3.045294 1.000000 0.131347 0.052195 2.975231 1.000000 0.112849 -0.496306 3.103104 1.000000 0.124982 -0.873295 3.099349 1.000000 0.142608 -0.955128 3.051936 1.000000
31289715299 0.052008 0.144234 2.980904 1.000000 0.054925 0.205511 3.017808 1.000000 0.077173 0.529061 3.009501 1.000000 0.066963 0.691765 2.944462 1.000000 -0.128516 0.456451 3.022191 1.000000 -0.348752 0.497131 3.017119 1.000000 -0.440574 0.724010 2.982277 1.000000 -0.457106 0.797478 2.972688 1.000000 0.269567 0.473735 3.037652 1.000000 0.485753 0.513415 3.024110 1.000000 0.585428 0.793763 2.997778 1.000000 0.602558 0.867464 3.003892 1.000000 -0.038082 0.059369 2.967454 1.000000 -0.069912 -0.496967 3.105316 1.000000 -0.140116 -0.868876 3.101443 1.000000 -0.167829 -0.946457 3.045504 1.000000 0.130838 0.050179 2.974133 1.000000 0.112935 -0.496263 3.103264 1.000000 0.124763 -0.873266 3.098655 1.000000 0.142862 -0.956085 3.052028 1.000000
31289747739 0.051575 0.139803 2.979382 1.000000 0.054329 0.201437 3.017000 1.000000 0.076084 0.528308 3.008530 1.000000 0.066621 0.691661 2.944179 1.000000 -0.127120 0.451990 3.022646 1.000000 -0.353083 0.472348 3.024410 1.000000 -0.467904 0.714824 2.982682 1.000000 -0.504106 0.780730 2.972303 1.000000 0.268802 0.469029 3.037558 1.000000 0.484671 0.509460 3.026460 1.000000 0.611328 0.747070 3.000388 1.000000 0.643621 0.844182 3.008958 1.000000 -0.038261 0.056646 2.966589 1.000000 -0.084288 -0.487748 3.100907 1.000000 -0.139886 -0.868268 3.100575 1.000000 -0.169559 -0.945060 3.044928 1.000000 0.130859 0.046277 2.972873 1.000000 0.113369 -0.496724 3.102843 1.000000 0.124605 -0.872957 3.097013 1.000000 0.142434 -0.954168 3.049776 1.000000
31289769574 0.051801 0.137091 2.978274 1.000000 0.054235 0.198899 3.015880 1.000000 0.072111 0.526061 3.004205 1.000000 0.066580 0.691857 2.943290 1.000000 -0.126789 0.448838 3.023938 1.000000 -0.347088 0.441065 3.033018 1.000000 -0.509766 0.679688 2.988670 1.000000 -0.514631 0.755388 2.986119 1.000000 0.268240 0.466495 3.037062 1.000000 0.485629 0.495050 3.030392 1.000000 0.630133 0.724128 3.000389 1.000000 0.679907 0.813947 3.000389 1.000000 -0.037069 0.053622 2.965738 1.000000 -0.062369 -0.504430 3.108984 1.000000 -0.139410 -0.866703 3.100005 1.000000 -0.170418 -0.943987 3.044214 1.000000 0.131340 0.044139 2.972435 1.000000 0.113484 -0.496330 3.102749 1.000000 0.124604 -0.872966 3.097022 1.000000 0.142459 -0.954256 3.049955 1.000000
31289815331 0.051861 0.134118 2.978082 1.000000 0.054171 0.196325 3.015538 1.000000 0.070960 0.524969 3.002509 1.000000 0.065948 0.691516 2.940530 1.000000 -0.125891 0.445757 3.025428 1.000000 -0.353153 0.428418 3.036179 1.000000 -0.531166 0.652114 2.982086 1.000000 -0.548760 0.725136 2.971184 1.000000 0.267363 0.463649 3.037133 1.000000 0.499968 0.474733 3.040102 1.000000 0.673655 0.710945 3.009800 1.000000 0.719710 0.770835 3.017060 1.000000 -0.036511 0.051426 2.965896 1.000000 -0.082176 -0.502848 3.104398 1.000000 -0.139409 -0.865226 3.098200 1.000000 -0.170913 -0.943973 3.044073 1.000000 0.131515 0.041250 2.972919 1.000000 0.113679 -0.496394 3.102688 1.000000 0.124427 -0.872902 3.097198 1.000000 0.142491 -0.953938 3.050190 1.000000
31289847720 0.051248 0.131153 2.977974 1.000000 0.053108 0.193766 3.015431 1.000000 0.068738 0.524205 3.002013 1.000000 0.065561 0.691397 2.938580 1.000000 -0.124082 0.443015 3.025481 1.000000 -0.355636 0.409770 3.039072 1.000000 -0.553419 0.625534 2.971460 1.000000 -0.573356 0.698728 2.973097 1.000000 0.265301 0.460766 3.038838 1.000000 0.502800 0.463759 3.042348 1.000000 0.695313 0.663086 3.008202 1.000000 0.746094 0.719727 3.008202 1.000000 -0.036245 0.049863 2.966083 1.000000 -0.086780 -0.496957 3.101813 1.000000 -0.139548 -0.865138 3.098277 1.000000 -0.171004 -0.942903 3.043581 1.000000 0.130982 0.039256 2.972961 1.000000 0.114540 -0.498043 3.103714 1.000000 0.124423 -0.872785 3.097571 1.000000 0.142488 -0.954268 3.050655 1.000000
31289869560 0.050650 0.124260 2.978741 1.000000 0.052310 0.188342 3.016003 1.000000 0.068246 0.523711 3.002037 1.000000 0.065548 0.691359 2.938890 1.000000 -0.120907 0.437778 3.024153 1.000000 -0.373408 0.377011 3.038937 1.000000 -0.542637 0.514295 2.995135 1.000000 -0.597411 0.599229 2.977108 1.000000 0.261069 0.454147 3.038249 1.000000 0.516785 0.436373 3.049714 1.000000 0.740096 0.631064 3.007106 1.000000 0.791697 0.686560 3.011000 1.000000 -0.035242 0.042974 2.967396 1.000000 -0.072975 -0.508076 3.107782 1.000000 -0.140700 -0.869187 3.095561 1.000000 -0.170766 -0.944400 3.041696 1.000000 0.129925 0.036373 2.973754 1.000000 0.114641 -0.498295 3.103719 1.000000 0.125228 -0.872518 3.098488 1.000000 0.142481 -0.954241 3.050655 1.000000
31289915339 0.050412 0.120896 2.979852 1.000000 0.052089 0.185318 3.016818 1.000000 0.067895 0.522892 3.002060 1.000000 0.065712 0.691171 2.938476 1.000000 -0.120692 0.435673 3.025342 1.000000 -0.343506 0.333496 3.048682 1.000000 -0.557234 0.467630 2.992812 1.000000 -0.614395 0.515889 2.980047 1.000000 0.259717 0.450290 3.038554 1.000000 0.495117 0.383789 3.058447 1.000000 0.675843 0.507224 3.022397 1.000000 0.756348 0.569903 3.010896 1.000000 -0.035305 0.040260 2.968341 1.000000 -0.084730 -0.506999 3.107727 1.000000 -0.140213 -0.871876 3.094622 1.000000 -0.173302 -0.947367 3.037430 1.000000 0.129452 0.032061 2.976014 1.000000 0.114793 -0.498624 3.103900 1.000000 0.125299 -0.872489 3.098303 1.000000 0.142145 -0.954493 3.051081 1.000000
31289947793 0.050243 0.117295 2.980273 1.000000 0.051970 0.182574 3.016836 1.000000 0.067548 0.522745 3.001669 1.000000 0.066212 0.690601 2.935221 1.000000 -0.120953 0.431963 3.024889 1.000000 -0.333109 0.316581 3.052407 1.000000 -0.599577 0.440041 2.990468 1.000000 -0.654794 0.490591 2.978025 1.000000 0.255771 0.445639 3.036734 1.000000 0.480101 0.362766 3.062689 1.000000 0.739757 0.500828 3.003215 1.000000 0.806379 0.533821 3.018443 1.000000 -0.035078 0.036954 2.968685 1.000000 -0.065795 -0.517222 3.111563 1.000000 -0.140763 -0.873939 3.090886 1.000000 -0.172666 -0.946585 3.035815 1.000000 0.129107 0.029336 2.977256 1.000000 0.114844 -0.498961 3.104283 1.000000 0.125364 -0.873071 3.098670 1.000000 0.142434 -0.954433 3.052204 1.000000
31289969386 0.048425 0.110207 2.979990 1.000000 0.050733 0.176699 3.016463 1.000000 0.067234 0.522218 3.001511 1.000000 0.065025 0.688796 2.931695 1.000000 -0.120538 0.426039 3.024476 1.000000 -0.318455 0.291081 3.058607 1.000000 -0.533952 0.321700 3.013213 1.000000 -0.602523 0.346769 2.992568 1.000000 0.248038 0.437407 3.033240 1.000000 0.475080 0.345543 3.068481 1.000000 0.725098 0.432129 3.004299 1.000000 0.796968 0.456086 3.000133 1.000000 -0.035886 0.032893 2.969003 1.000000 -0.063487 -0.515949 3.112019 1.000000 -0.137724 -0.871889 3.096013 1.000000 -0.172029 -0.944258 3.037520 1.000000 0.126385 0.023643 2.976900 1.000000 0.114633 -0.505655 3.108783 1.000000 0.125391 -0.873249 3.098873 1.000000 0.142199 -0.954215 3.051540 1.000000
31290015517 0.047657 0.106482 2.980628 1.000000 0.049712 0.173254 3.016876 1.000000 0.066729 0.521236 3.001616 1.000000 0.064898 0.688184 2.930858 1.000000 -0.119791 0.422457 3.021905 1.000000 -0.305252 0.269949 3.061262 1.000000 -0.521972 0.265834 3.010344 1.000000 -0.549845 0.292973 3.004425 1.000000 0.246706 0.433251 3.033305 1.000000 0.427246 0.300781 3.070170 1.000000 0.712758 0.363340 3.000591 1.000000 0.786089 0.370941 2.982705 1.000000 -0.036486 0.028996 2.970144 1.000000 -0.085189 -0.506656 3.110373 1.000000 -0.138326 -0.872890 3.095291 1.000000 -0.172694 -0.945999 3.037029 1.000000 0.125361 0.020775 2.977366 1.000000 0.114860 -0.504974 3.108887 1.000000 0.125389 -0.873541 3.098767 1.000000 0.142580 -0.954071 3.051638 1.000000
31290047860 0.047292 0.104949 2.980795 1.000000 0.049180 0.171954 3.016802 1.000000 0.066706 0.521074 3.001535 1.000000 0.064981 0.688726 2.930853 1.000000 -0.119248 0.417292 3.019895 1.000000 -0.306833 0.266230 3.065704 1.000000 -0.516005 0.212174 3.010901 1.000000 -0.590648 0.204112 3.000061 1.000000 0.247532 0.428168 3.033984 1.000000 0.446038 0.279594 3.073119 1.000000 0.662811 0.290131 3.023793 1.000000 0.762859 0.297305 3.002077 1.000000 -0.037174 0.027371 2.970356 1.000000 -0.076516 -0.506527 3.109246 1.000000 -0.138179 -0.872327 3.095321 1.000000 -0.171362 -0.946073 3.040008 1.000000 0.124899 0.018553 2.977799 1.000000 0.114179 -0.504025 3.108383 1.000000 0.125675 -0.873156 3.098837 1.000000 0.142504 -0.954142 3.051684 1.000000
31290069622 0.047180 0.103582 2.981020 1.000000 0.048977 0.170833 3.016830 1.000000 0.066648 0.521007 3.001566 1.000000 0.065403 0.688774 2.928875 1.000000 -0.118942 0.416412 3.019300 1.000000 -0.286725 0.222394 3.054605 1.000000 -0.500129 0.176768 3.013350 1.000000 -0.575198 0.174540 3.002699 1.000000 0.248089 0.425698 3.034309 1.000000 0.450446 0.256189 3.076495 1.000000 0.664109 0.223000 3.022611 1.000000 0.760170 0.214963 2.987401 1.000000 -0.037332 0.026474 2.970357 1.000000 -0.071717 -0.504747 3.108744 1.000000 -0.137924 -0.867263 3.098838 1.000000 -0.170987 -0.943313 3.039280 1.000000 0.124762 0.016180 2.978508 1.000000 0.114168 -0.504248 3.108338 1.000000 0.125588 -0.873393 3.098884 1.000000 0.142092 -0.954133 3.049314 1.000000
31290115205 0.046978 0.102031 2.981201 1.000000 0.048761 0.169560 3.016693 1.000000 0.066567 0.520802 3.001295 1.000000 0.065743 0.688838 2.928598 1.000000 -0.118985 0.414365 3.018136 1.000000 -0.262061 0.217349 3.058751 1.000000 -0.462134 0.129038 3.021381 1.000000 -0.533676 0.105220 3.013126 1.000000 0.247997 0.423242 3.033679 1.000000 0.435533 0.229556 3.079192 1.000000 0.636223 0.148873 3.025689 1.000000 0.706923 0.146402 2.998321 1.000000 -0.037713 0.024757 2.970522 1.000000 -0.084369 -0.494506 3.104736 1.000000 -0.137914 -0.866859 3.098896 1.000000 -0.171192 -0.942802 3.039698 1.000000 0.124587 0.014592 2.979038 1.000000 0.114094 -0.504672 3.108680 1.000000 0.125775 -0.873500 3.098924 1.000000 0.142124 -0.954258 3.049147 1.000000
31290147937 0.046298 0.099073 2.981014 1.000000 0.048265 0.166983 3.016366 1.000000 0.066232 0.520272 3.001180 1.000000 0.065615 0.688400 2.928720 1.000000 -0.118700 0.413195 3.017782 1.000000 -0.247563 0.199391 3.058552 1.000000 -0.449707 0.081665 3.035554 1.000000 -0.521260 0.057843 3.027298 1.000000 0.246227 0.417829 3.031564 1.000000 0.388184 0.208496 3.083848 1.000000 0.580964 0.113773 3.022966 1.000000 0.669574 0.078465 2.985064 1.000000 -0.038139 0.022294 2.970458 1.000000 -0.085829 -0.494944 3.105664 1.000000 -0.137628 -0.869421 3.096446 1.000000 -0.171804 -0.946790 3.045178 1.000000 0.123762 0.012499 2.978850 1.000000 0.114315 -0.504565 3.109641 1.000000 0.126000 -0.873068 3.098980 1.000000 0.142396 -0.954578 3.048912 1.000000
31290169442 0.046378 0.097043 2.981266 1.000000 0.048486 0.165342 3.016199 1.000000 0.066367 0.519897 3.000614 1.000000 0.065612 0.689206 2.929464 1.000000 -0.118168 0.413078 3.017580 1.000000 -0.238142 0.179128 3.055869 1.000000 -0.403804 0.035132 3.027217 1.000000 -0.492063 -0.011812 3.003940 1.000000 0.245435 0.414960 3.030037 1.000000 0.377399 0.192471 3.082634 1.000000 0.551991 0.068452 3.018934 1.000000 0.633065 0.011101 2.992991 1.000000 -0.037908 0.021108 2.970850 1.000000 -0.079714 -0.495348 3.106376 1.000000 -0.137789 -0.868246 3.096312 1.000000 -0.171198 -0.943233 3.045600 1.000000 0.123474 0.010578 2.979361 1.000000 0.114822 -0.505672 3.110292 1.000000 0.127129 -0.871736 3.100864 1.000000 0.142303 -0.954367 3.049040 1.000000
31290212812 0.045724 0.095138 2.981087 1.000000 0.048185 0.163847 3.015735 1.000000 0.066192 0.519816 3.000215 1.000000 0.065819 0.691987 2.929088 1.000000 -0.117818 0.412729 3.017410 1.000000 -0.219808 0.171726 3.050008 1.000000 -0.368527 0.009761 3.028297 1.000000 -0.407471 -0.017609 3.008212 1.000000 0.243028 0.409421 3.026991 1.000000 0.368974 0.176183 3.084560 1.000000 0.529785 0.009552 3.019931 1.000000 0.594238 -0.050842 3.000400 1.000000 -0.038283 0.019922 2.970871 1.000000 -0.070914 -0.505730 3.111285 1.000000 -0.138290 -0.866016 3.097998 1.000000 -0.169988 -0.945897 3.044924 1.000000 0.122588 0.009129 2.979303 1.000000 0.115293 -0.506628 3.110199 1.000000 0.127038 -0.872314 3.100143 1.000000 0.142316 -0.954374 3.049095 1.000000
31290264324 0.045568 0.093322 2.981477 1.000000 0.048018 0.162235 3.015907 1.000000 0.066065 0.519487 3.000396 1.000000 0.065654 0.691343 2.929293 1.000000 -0.116969 0.411921 3.016853 1.000000 -0.212646 0.135439 3.038540 1.000000 -0.299561 -0.066588 3.033551 1.000000 -0.355823 -0.148589 3.008142 1.000000 0.242019 0.408964 3.026480 1.000000 0.330577 0.134683 3.075430 1.000000 0.447266 -0.073227 3.023838 1.000000 0.481999 -0.164812 2.993164 1.000000 -0.038062 0.018345 2.971497 1.000000 -0.070040 -0.506810 3.111340 1.000000 -0.139511 -0.872166 3.092138 1.000000 -0.170788 -0.946335 3.039877 1.000000 0.122216 0.008400 2.979420 1.000000 0.100398 -0.509433 3.110970 1.000000 0.126943 -0.872439 3.100107 1.000000 0.142399 -0.954344 3.049699 1.000000
31290306144 0.045483 0.092301 2.981967 1.000000 0.048049 0.161099 3.016263 1.000000 0.065518 0.518467 3.001010 1.000000 0.065986 0.690907 2.931895 1.000000 -0.116559 0.411553 3.016754 1.000000 -0.210603 0.134572 3.038211 1.000000 -0.277091 -0.075228 3.021790 1.000000 -0.320573 -0.162390 2.989427 1.000000 0.239960 0.408898 3.024390 1.000000 0.324655 0.133167 3.072627 1.000000 0.410927 -0.083320 3.030679 1.000000 0.429149 -0.182226 3.010165 1.000000 -0.037709 0.017437 2.972761 1.000000 -0.078279 -0.503303 3.110623 1.000000 -0.138006 -0.869188 3.093042 1.000000 -0.171465 -0.946193 3.039204 1.000000 0.121975 0.008025 2.979383 1.000000 0.104962 -0.513046 3.111187 1.000000 0.127265 -0.872644 3.101819 1.000000 0.142735 -0.953777 3.050056 1.000000
31290339970 0.045304 0.089921 2.982842 1.000000 0.047989 0.159160 3.016833 1.000000 0.065429 0.518155 3.001310 1.000000 0.066293 0.690850 2.931968 1.000000 -0.114968 0.410991 3.015820 1.000000 -0.204930 0.132410 3.037093 1.000000 -0.254992 -0.080353 2.997786 1.000000 -0.276896 -0.178845 2.978953 1.000000 0.237996 0.408011 3.022314 1.000000 0.308051 0.128668 3.061049 1.000000 0.348079 -0.087789 3.046154 1.000000 0.369192 -0.183954 3.017144 1.000000 -0.037273 0.015704 2.973924 1.000000 -0.069537 -0.505433 3.111875 1.000000 -0.139161 -0.864257 3.098557 1.000000 -0.171352 -0.943361 3.037646 1.000000 0.121338 0.007032 2.979832 1.000000 0.109485 -0.510683 3.109398 1.000000 0.127196 -0.872726 3.101682 1.000000 0.142605 -0.953848 3.050090 1.000000
31290372516 0.045228 0.087553 2.983449 1.000000 0.047981 0.157451 3.016810 1.000000 0.065435 0.517994 3.000800 1.000000 0.067850 0.692084 2.934361 1.000000 -0.111831 0.411030 3.013693 1.000000 -0.196300 0.130306 3.032696 1.000000 -0.227777 -0.084322 2.981971 1.000000 -0.248294 -0.183177 2.963488 1.000000 0.236255 0.407506 3.019719 1.000000 0.297646 0.130764 3.052578 1.000000 0.321339 -0.088062 3.044186 1.000000 0.329171 -0.186654 3.016743 1.000000 -0.036701 0.013864 2.974729 1.000000 -0.079461 -0.505186 3.109999 1.000000 -0.139519 -0.862714 3.096563 1.000000 -0.171604 -0.943289 3.037599 1.000000 0.120639 0.006032 2.980749 1.000000 0.112790 -0.506621 3.108202 1.000000 0.127319 -0.872844 3.101305 1.000000 0.142232 -0.954278 3.053159 1.000000
31290407007 0.045347 0.086949 2.983889 1.000000 0.048432 0.157177 3.016426 1.000000 0.065847 0.517700 2.998629 1.000000 0.068840 0.692300 2.934417 1.000000 -0.110908 0.411337 3.013151 1.000000 -0.185361 0.134262 3.021910 1.000000 -0.197324 -0.085744 2.959616 1.000000 -0.195801 -0.183472 2.932045 1.000000 0.235907 0.405497 3.015604 1.000000 0.294033 0.130619 3.046832 1.000000 0.300665 -0.095247 3.032352 1.000000 0.301608 -0.194345 3.005522 1.000000 -0.036332 0.013319 2.975725 1.000000 -0.083475 -0.507677 3.111110 1.000000 -0.140143 -0.862007 3.100948 1.000000 -0.172582 -0.942718 3.040277 1.000000 0.120420 0.005360 2.981713 1.000000 0.110832 -0.505756 3.108101 1.000000 0.127762 -0.871561 3.099121 1.000000 0.142472 -0.954042 3.052936 1.000000
31290440137 0.046098 0.086963 2.984046 1.000000 0.049055 0.157306 3.015659 1.000000 0.065824 0.517376 2.996579 1.000000 0.069803 0.692278 2.934464 1.000000 -0.109735 0.412070 3.011765 1.000000 -0.172336 0.134272 3.003011 1.000000 -0.182442 -0.081823 2.945611 1.000000 -0.169967 -0.181333 2.923530 1.000000 0.237948 0.405072 3.013225 1.000000 0.289152 0.128867 3.042494 1.000000 0.283843 -0.095742 3.013921 1.000000 0.271603 -0.195520 2.992949 1.000000 -0.035276 0.013256 2.975949 1.000000 -0.074552 -0.508355 3.110496 1.000000 -0.140423 -0.862803 3.100124 1.000000 -0.172768 -0.940790 3.039170 1.000000 0.121467 0.005134 2.982590 1.000000 0.109740 -0.505235 3.108347 1.000000 0.127134 -0.871019 3.100644 1.000000 0.142551 -0.953725 3.052114 1.000000
31290472245 0.048566 0.086537 2.984145 1.000000 0.050894 0.157007 3.014820 1.000000 0.067816 0.517520 2.995725 1.000000 0.075252 0.693707 2.934229 1.000000 -0.104682 0.413331 3.004401 1.000000 -0.163706 0.133967 2.984970 1.000000 -0.171412 -0.083775 2.939863 1.000000 -0.153081 -0.182374 2.917789 1.000000 0.240987 0.405554 3.012427 1.000000 0.283023 0.131422 3.036955 1.000000 0.277093 -0.091933 3.010792 1.000000 0.263950 -0.192028 2.991998 1.000000 -0.032512 0.012116 2.975305 1.000000 -0.077446 -0.508578 3.110296 1.000000 -0.140087 -0.861967 3.100591 1.000000 -0.172967 -0.940618 3.038389 1.000000 0.123846 0.004976 2.983835 1.000000 0.109487 -0.505319 3.108449 1.000000 0.127187 -0.870831 3.100399 1.000000 0.142382 -0.953635 3.051834 1.000000
31290503877 0.055438 0.086739 2.984803 1.000000 0.055962 0.157271 3.013779 1.000000 0.070555 0.517270 2.993248 1.000000 0.079944 0.693376 2.934388 1.000000 -0.097049 0.415943 2.995751 1.000000 -0.152618 0.138229 2.970054 1.000000 -0.153093 -0.080428 2.930688 1.000000 -0.135800 -0.180125 2.913191 1.000000 0.245846 0.406006 3.013531 1.000000 0.279679 0.132470 3.034012 1.000000 0.274898 -0.089016 3.007143 1.000000 0.259944 -0.189626 2.993049 1.000000 -0.024197 0.011753 2.974760 1.000000 -0.079487 -0.508964 3.111953 1.000000 -0.140021 -0.862455 3.101595 1.000000 -0.172850 -0.939330 3.038479 1.000000 0.131451 0.005544 2.987531 1.000000 0.109445 -0.505135 3.108529 1.000000 0.127192 -0.870837 3.100383 1.000000 0.142414 -0.953606 3.051991 1.000000
31290546073 0.059273 0.086188 2.984406 1.000000 0.059668 0.156860 3.011638 1.000000 0.073808 0.515926 2.989141 1.000000 0.085381 0.693370 2.932524 1.000000 -0.092532 0.417150 2.993433 1.000000 -0.148829 0.140888 2.966164 1.000000 -0.141798 -0.077503 2.925441 1.000000 -0.119299 -0.176640 2.910954 1.000000 0.250378 0.405189 3.013070 1.000000 0.278932 0.133440 3.032176 1.000000 0.274995 -0.086212 3.003462 1.000000 0.259778 -0.187106 2.991933 1.000000 -0.020093 0.011094 2.973973 1.000000 -0.079866 -0.509079 3.111926 1.000000 -0.138572 -0.865129 3.102544 1.000000 -0.172823 -0.939306 3.038494 1.000000 0.134905 0.005137 2.988425 1.000000 0.121079 -0.504778 3.109079 1.000000 0.128125 -0.870185 3.098589 1.000000 0.142006 -0.953307 3.051856 1.000000
31290597842 0.075846 0.089127 2.981799 1.000000 0.075800 0.159805 3.006668 1.000000 0.095065 0.516704 2.982231 1.000000 0.100335 0.695873 2.926545 1.000000 -0.072227 0.420855 2.978874 1.000000 -0.140890 0.144933 2.957706 1.000000 -0.122860 -0.076640 2.906676 1.000000 -0.109182 -0.177436 2.901234 1.000000 0.261337 0.406178 3.017298 1.000000 0.281906 0.134939 3.030852 1.000000 0.276448 -0.084613 3.001054 1.000000 0.261380 -0.185378 2.988287 1.000000 -0.001475 0.015557 2.967108 1.000000 -0.078948 -0.508801 3.109716 1.000000 -0.138525 -0.865072 3.102500 1.000000 -0.172978 -0.939213 3.037885 1.000000 0.147623 0.007620 2.990417 1.000000 0.114420 -0.506082 3.110021 1.000000 0.129133 -0.868498 3.095746 1.000000 0.142222 -0.952614 3.048448 1.000000
31290640131 0.084388 0.090027 2.980083 1.000000 0.083150 0.160261 3.003344 1.000000 0.098599 0.515677 2.980095 1.000000 0.112019 0.694773 2.926736 1.000000 -0.066835 0.420048 2.974462 1.000000 -0.130563 0.144981 2.946482 1.000000 -0.116733 -0.073531 2.899774 1.000000 -0.100691 -0.174893 2.896419 1.000000 0.268950 0.407163 3.017525 1.000000 0.284809 0.135601 3.031905 1.000000 0.281064 -0.083802 2.999678 1.000000 0.267836 -0.184213 2.982779 1.000000 0.007143 0.016009 2.963751 1.000000 -0.077589 -0.509306 3.106655 1.000000 -0.138098 -0.864090 3.102346 1.000000 -0.172977 -0.938411 3.036206 1.000000 0.157660 0.008709 2.991250 1.000000 0.115443 -0.503302 3.106299 1.000000 0.129116 -0.867578 3.096666 1.000000 0.142399 -0.952339 3.048470 1.000000
31290674197 0.091749 0.089881 2.977879 1.000000 0.090405 0.160065 2.999769 1.000000 0.106606 0.514859 2.977979 1.000000 0.123695 0.691940 2.921869 1.000000 -0.059878 0.419997 2.969857 1.000000 -0.123375 0.148822 2.940663 1.000000 -0.111393 -0.070171 2.894182 1.000000 -0.095956 -0.171617 2.890581 1.000000 0.277133 0.406365 3.020973 1.000000 0.293252 0.137681 3.036797 1.000000 0.288150 -0.081344 3.000806 1.000000 0.273711 -0.181408 2.982881 1.000000 0.014382 0.015569 2.959625 1.000000 -0.075385 -0.509468 3.100823 1.000000 -0.137503 -0.862055 3.099508 1.000000 -0.172911 -0.937518 3.032776 1.000000 0.164332 0.008374 2.990885 1.000000 0.139340 -0.506806 3.101819 1.000000 0.129214 -0.867694 3.096717 1.000000 0.142259 -0.952233 3.048851 1.000000
31290705953 0.104485 0.084992 2.973368 1.000000 0.101175 0.155693 2.993469 1.000000 0.114972 0.512061 2.972064 1.000000 0.137021 0.696575 2.917182 1.000000 -0.042477 0.416783 2.951022 1.000000 -0.109653 0.151746 2.930725 1.000000 -0.106619 -0.065566 2.881655 1.000000 -0.089550 -0.166789 2.879592 1.000000 0.281221 0.406261 3.020079 1.000000 0.301016 0.138083 3.044108 1.000000 0.302288 -0.081238 3.003779 1.000000 0.281740 -0.179906 2.984178 1.000000 0.029154 0.010729 2.953133 1.000000 -0.068699 -0.520732 3.090054 1.000000 -0.135716 -0.857850 3.099505 1.000000 -0.172211 -0.937432 3.031494 1.000000 0.175945 0.005273 2.989142 1.000000 0.143323 -0.506382 3.100103 1.000000 0.130374 -0.869478 3.098249 1.000000 0.142100 -0.952406 3.048099 1.000000
31290748038 0.112621 0.083616 2.969664 1.000000 0.109054 0.154296 2.988113 1.000000 0.124098 0.509877 2.967073 1.000000 0.151135 0.682078 2.910821 1.000000 -0.031005 0.415117 2.940299 1.000000 -0.097023 0.146760 2.912984 1.000000 -0.096526 -0.071317 2.868697 1.000000 -0.079713 -0.172598 2.867891 1.000000 0.293936 0.404263 3.021946 1.000000 0.323306 0.145647 3.059244 1.000000 0.304504 -0.089086 2.998907 1.000000 0.289415 -0.188938 2.980386 1.000000 0.036389 0.008209 2.948330 1.000000 -0.064147 -0.517920 3.067515 1.000000 -0.137086 -0.868216 3.090200 1.000000 -0.167738 -0.943824 3.031353 1.000000 0.185102 0.005110 2.986892 1.000000 0.140216 -0.501977 3.094682 1.000000 0.130891 -0.868933 3.097908 1.000000 0.141961 -0.952422 3.048270 1.000000
31290790138 0.124382 0.081637 2.963894 1.000000 0.121163 0.152970 2.979563 1.000000 0.142193 0.509804 2.955581 1.000000 0.168775 0.676773 2.904427 1.000000 -0.010239 0.407871 2.922199 1.000000 -0.090370 0.135653 2.895624 1.000000 -0.091972 -0.083655 2.861660 1.000000 -0.075929 -0.185054 2.860314 1.000000 0.308990 0.397391 3.020730 1.000000 0.330788 0.142578 3.060517 1.000000 0.336051 -0.081992 3.014226 1.000000 0.305464 -0.175724 2.985598 1.000000 0.047757 0.008862 2.942541 1.000000 -0.039948 -0.458252 3.002255 1.000000 -0.111103 -0.864980 3.094123 1.000000 -0.168585 -0.948155 3.041258 1.000000 0.195156 0.002108 2.982942 1.000000 0.164395 -0.489270 3.082073 1.000000 0.131474 -0.867523 3.097117 1.000000 0.141423 -0.952182 3.047524 1.000000
31290821848 0.137790 0.078167 2.959262 1.000000 0.133746 0.150061 2.972699 1.000000 0.152786 0.509064 2.949710 1.000000 0.193580 0.690886 2.891319 1.000000 0.004746 0.401862 2.906442 1.000000 -0.079598 0.134901 2.889138 1.000000 -0.084424 -0.083918 2.850862 1.000000 -0.072784 -0.185871 2.854132 1.000000 0.317691 0.397318 3.021172 1.000000 0.341904 0.138629 3.065412 1.000000 0.339188 -0.082308 3.015194 1.000000 0.323899 -0.180846 2.990757 1.000000 0.062389 0.006266 2.935862 1.000000 -0.039917 -0.515137 2.986631 1.000000 -0.120601 -0.876589 3.062786 1.000000 -0.165638 -0.952587 3.018147 1.000000 0.207986 -0.001196 2.981054 1.000000 0.167838 -0.497914 3.081343 1.000000 0.132674 -0.866875 3.096517 1.000000 0.142657 -0.951709 3.045020 1.000000
31290863924 0.148190 0.078217 2.953083 1.000000 0.144731 0.150363 2.964038 1.000000 0.164601 0.509724 2.939851 1.000000 0.203390 0.691701 2.886515 1.000000 0.015190 0.404331 2.897132 1.000000 -0.067084 0.133932 2.875781 1.000000 -0.072543 -0.084860 2.837290 1.000000 -0.060824 -0.186836 2.834618 1.000000 0.333117 0.394388 3.021518 1.000000 0.355047 0.129550 3.068139 1.000000 0.348408 -0.099076 3.018152 1.000000 0.348733 -0.199353 2.996066 1.000000 0.072586 0.005524 2.927905 1.000000 -0.025803 -0.502930 2.931945 1.000000 -0.115216 -0.872843 3.056874 1.000000 -0.160697 -0.951154 3.013540 1.000000 0.218255 -0.001586 2.977651 1.000000 0.170835 -0.506164 3.078410 1.000000 0.133142 -0.866858 3.096618 1.000000 0.142959 -0.951704 3.044602 1.000000
31290896494 0.160611 0.077673 2.945902 1.000000 0.158231 0.149426 2.955119 1.000000 0.181684 0.506147 2.932589 1.000000 0.222015 0.679791 2.880847 1.000000 0.023450 0.403186 2.886930 1.000000 -0.063428 0.133925 2.870593 1.000000 -0.066552 -0.084422 2.828059 1.000000 -0.053742 -0.185241 2.813269 1.000000 0.338830 0.395185 3.017167 1.000000 0.366794 0.127808 3.068193 1.000000 0.368465 -0.091078 3.019332 1.000000 0.364525 -0.191350 2.997489 1.000000 0.085252 0.005509 2.918030 1.000000 -0.014618 -0.501981 2.914241 1.000000 -0.099784 -0.871807 3.048570 1.000000 -0.109253 -0.940918 2.999890 1.000000 0.228837 -0.002918 2.973175 1.000000 0.172588 -0.506758 3.076649 1.000000 0.133710 -0.866542 3.096969 1.000000 0.143106 -0.951697 3.043438 1.000000
31290928454 0.170171 0.075867 2.939077 1.000000 0.167920 0.147643 2.946245 1.000000 0.191018 0.504228 2.923153 1.000000 0.236476 0.668359 2.872262 1.000000 0.038542 0.401596 2.874818 1.000000 -0.055791 0.126958 2.849402 1.000000 -0.056561 -0.091409 2.800804 1.000000 -0.043446 -0.183504 2.788907 1.000000 0.346594 0.391997 3.015853 1.000000 0.375483 0.122546 3.070906 1.000000 0.378283 -0.095012 3.022876 1.000000 0.378755 -0.195590 3.002034 1.000000 0.095020 0.005397 2.910821 1.000000 0.010727 -0.468994 2.871400 1.000000 -0.068091 -0.865674 2.997757 1.000000 -0.065125 -0.964844 2.960828 1.000000 0.237968 -0.005209 2.967968 1.000000 0.174804 -0.504649 3.065116 1.000000 0.133920 -0.866710 3.097434 1.000000 0.143752 -0.953399 3.044525 1.000000
31290960432 0.179703 0.078153 2.930915 1.000000 0.177520 0.149617 2.936932 1.000000 0.196489 0.505395 2.914854 1.000000 0.251384 0.665452 2.858513 1.000000 0.045509 0.402705 2.870208 1.000000 -0.046181 0.128644 2.835945 1.000000 -0.050623 -0.088741 2.786907 1.000000 -0.036266 -0.182871 2.775025 1.000000 0.365747 0.386806 3.008265 1.000000 0.387228 0.109821 3.061928 1.000000 0.395195 -0.108583 3.020488 1.000000 0.398144 -0.209275 3.000325 1.000000 0.103073 0.008086 2.903686 1.000000 0.037084 -0.457735 2.855598 1.000000 -0.042809 -0.865218 2.949460 1.000000 -0.051660 -0.959566 2.914768 1.000000 0.250705 -0.004939 2.959087 1.000000 0.176730 -0.503820 3.058379 1.000000 0.135035 -0.868067 3.089700 1.000000 0.143421 -0.953907 3.044557 1.000000
31290992297 0.189976 0.078904 2.920149 1.000000 0.188727 0.151109 2.923849 1.000000 0.210928 0.510043 2.897200 1.000000 0.263003 0.681643 2.846591 1.000000 0.057428 0.404480 2.858428 1.000000 -0.035364 0.134563 2.811148 1.000000 -0.031359 -0.094875 2.766674 1.000000 -0.016325 -0.187488 2.754899 1.000000 0.373042 0.386966 3.005091 1.000000 0.391655 0.109856 3.058071 1.000000 0.400374 -0.108834 3.019033 1.000000 0.406959 -0.208199 2.993704 1.000000 0.113837 0.007950 2.891771 1.000000 0.051788 -0.499023 2.812807 1.000000 -0.016884 -0.881840 2.932323 1.000000 0.005231 -0.956024 2.897796 1.000000 0.259000 -0.004233 2.951418 1.000000 0.181606 -0.523641 3.046679 1.000000 0.135129 -0.871181 3.087563 1.000000 0.144924 -0.957090 3.045148 1.000000
31291034596 0.200817 0.077863 2.911401 1.000000 0.198799 0.150416 2.914258 1.000000 0.216380 0.511149 2.890514 1.000000 0.272108 0.679247 2.837162 1.000000 0.067862 0.403456 2.842218 1.000000 -0.028452 0.132163 2.801035 1.000000 -0.022138 -0.097962 2.755776 1.000000 -0.009400 -0.187608 2.746397 1.000000 0.380590 0.388058 2.998576 1.000000 0.400927 0.106467 3.049237 1.000000 0.416838 -0.111909 3.010805 1.000000 0.419171 -0.211944 2.987370 1.000000 0.126743 0.005722 2.880921 1.000000 0.072374 -0.496101 2.782751 1.000000 0.015564 -0.883301 2.874892 1.000000 0.024780 -0.954102 2.806533 1.000000 0.269798 -0.004860 2.944242 1.000000 0.192115 -0.535016 3.038931 1.000000 0.131226 -0.899902 3.044814 1.000000 0.148174 -0.978868 3.019118 1.000000
31291068095 0.214976 0.078092 2.902682 1.000000 0.212928 0.150497 2.903154 1.000000 0.229017 0.509587 2.872694 1.000000 0.284133 0.683301 2.826438 1.000000 0.079678 0.397142 2.819403 1.000000 -0.019492 0.137412 2.790113 1.000000 0.000371 -0.105382 2.739930 1.000000 0.011690 -0.178756 2.723848 1.000000 0.393110 0.390439 2.989753 1.000000 0.409670 0.100807 3.033070 1.000000 0.430051 -0.117407 2.996340 1.000000 0.437122 -0.216200 2.968909 1.000000 0.138329 0.005191 2.873137 1.000000 0.096162 -0.497890 2.759445 1.000000 0.058838 -0.873535 2.818251 1.000000 0.065002 -0.942383 2.755751 1.000000 0.287287 -0.004671 2.937657 1.000000 0.207083 -0.561979 3.023026 1.000000 0.135712 -0.900983 3.036166 1.000000 0.159907 -0.977574 3.009148 1.000000
31291101223 0.223302 0.080282 2.891800 1.000000 0.221160 0.152081 2.890888 1.000000 0.234519 0.508371 2.859407 1.000000 0.292372 0.680607 2.817014 1.000000 0.089069 0.394379 2.801443 1.000000 -0.012288 0.125711 2.774148 1.000000 0.004281 -0.103972 2.728900 1.000000 0.008780 -0.178296 2.713804 1.000000 0.396857 0.392158 2.975101 1.000000 0.420702 0.102922 3.018081 1.000000 0.436563 -0.115797 2.982374 1.000000 0.446028 -0.207877 2.937681 1.000000 0.151701 0.006830 2.854439 1.000000 0.117276 -0.506272 2.731925 1.000000 0.083801 -0.885742 2.749891 1.000000 0.107239 -0.953125 2.677625 1.000000 0.292017 -0.003011 2.933518 1.000000 0.217685 -0.553210 3.001035 1.000000 0.161440 -0.865699 3.009924 1.000000 0.204956 -0.913528 2.934024 1.000000
31291134464 0.230228 0.080060 2.873102 1.000000 0.229282 0.150057 2.871605 1.000000 0.246630 0.495750 2.839776 1.000000 0.306464 0.653722 2.794598 1.000000 0.094394 0.391760 2.788914 1.000000 -0.006627 0.119471 2.758534 1.000000 0.010819 -0.104331 2.706009 1.000000 0.021954 -0.189319 2.691374 1.000000 0.402943 0.385945 2.955999 1.000000 0.424565 0.098646 3.007443 1.000000 0.453459 -0.121447 2.945163 1.000000 0.454931 -0.218518 2.911361 1.000000 0.155105 0.004902 2.836434 1.000000 0.135471 -0.480496 2.699158 1.000000 0.131714 -0.875488 2.687390 1.000000 0.149902 -0.945801 2.605359 1.000000 0.299735 -0.002000 2.916821 1.000000 0.234659 -0.460347 2.911654 1.000000 0.175037 -0.771150 2.928930 1.000000 0.164865 -0.826768 2.829170 1.000000
31291168196 0.236640 0.080209 2.854630 1.000000 0.236163 0.149026 2.853237 1.000000 0.252978 0.491157 2.827229 1.000000 0.313048 0.648656 2.782813 1.000000 0.100175 0.387714 2.774972 1.000000 0.005232 0.105679 2.728247 1.000000 0.018337 -0.112511 2.686104 1.000000 0.039324 -0.201072 2.661827 1.000000 0.408343 0.384389 2.945022 1.000000 0.434311 0.096789 2.994097 1.000000 0.465976 -0.142618 2.919215 1.000000 0.466135 -0.217547 2.886070 1.000000 0.159829 0.006199 2.817975 1.000000 0.150356 -0.490717 2.670534 1.000000 0.169556 -0.877930 2.622936 1.000000 0.194092 -0.936035 2.533092 1.000000 0.307408 -0.003202 2.896324 1.000000 0.226827 -0.459118 2.881984 1.000000 0.167207 -0.769908 2.899259 1.000000 0.172360 -0.822481 2.797481 1.000000
31291201221 0.248199 0.074916 2.833293 1.000000 0.247944 0.143735 2.830509 1.000000 0.263754 0.485883 2.801738 1.000000 0.324880 0.655104 2.768472 1.000000 0.114242 0.379977 2.749910 1.000000 0.015526 0.114314 2.713405 1.000000 0.041260 -0.135008 2.662568 1.000000 0.039790 -0.210910 2.659549 1.000000 0.420696 0.372402 2.921669 1.000000 0.440629 0.094886 2.979853 1.000000 0.470014 -0.124832 2.902034 1.000000 0.470965 -0.217943 2.871511 1.000000 0.172610 -0.002360 2.793453 1.000000 0.174072 -0.531738 2.627254 1.000000 0.192139 -0.879883 2.566293 1.000000 0.227938 -0.917735 2.464139 1.000000 0.317848 -0.006063 2.879634 1.000000 0.257334 -0.464673 2.885270 1.000000 0.140961 -0.854814 3.004374 1.000000 0.156815 -0.870721 2.891921 1.000000
31291234656 0.254120 0.067913 2.811925 1.000000 0.253608 0.137554 2.809644 1.000000 0.266649 0.483757 2.785671 1.000000 0.334922 0.653740 2.741050 1.000000 0.121834 0.372965 2.723899 1.000000 0.024028 0.106074 2.700249 1.000000 0.043344 -0.135067 2.651350 1.000000 0.039248 -0.207662 2.629329 1.000000 0.427951 0.357953 2.891311 1.000000 0.453146 0.082659 2.940398 1.000000 0.483295 -0.132110 2.860453 1.000000 0.484863 -0.216309 2.816820 1.000000 0.179481 -0.008916 2.774462 1.000000 0.190438 -0.527249 2.603314 1.000000 0.214355 -0.856445 2.501840 1.000000 0.258324 -0.905600 2.408041 1.000000 0.323910 -0.013528 2.854417 1.000000 0.270560 -0.471908 2.878088 1.000000 0.148110 -0.858098 3.002810 1.000000 0.190588 -0.905571 2.926105 1.000000
31291267936 0.264262 0.055262 2.786233 1.000000 0.264244 0.125746 2.783033 1.000000 0.277904 0.476777 2.757943 1.000000 0.342920 0.648306 2.720031 1.000000 0.133305 0.368055 2.702684 1.000000 0.033699 0.096911 2.671249 1.000000 0.051032 -0.139862 2.627040 1.000000 0.052013 -0.216545 2.611364 1.000000 0.434169 0.353618 2.867622 1.000000 0.457656 0.083447 2.910915 1.000000 0.487694 -0.136966 2.841461 1.000000 0.492553 -0.215454 2.793581 1.000000 0.191971 -0.019852 2.749655 1.000000 0.220093 -0.537598 2.556942 1.000000 0.253662 -0.872559 2.439341 1.000000 0.300630 -0.898841 2.338104 1.000000 0.331175 -0.025170 2.829366 1.000000 0.170300 -0.599535 3.007461 1.000000 0.124575 -0.909737 3.042625 1.000000 0.148966 -0.984836 3.011853 1.000000
31291301549 0.269325 0.047615 2.757717 1.000000 0.270389 0.118646 2.756408 1.000000 0.286739 0.472509 2.740905 1.000000 0.347244 0.640166 2.702909 1.000000 0.147004 0.361104 2.680157 1.000000 0.046329 0.098609 2.644638 1.000000 0.070313 -0.174805 2.590259 1.000000 0.065909 -0.250201 2.582019 1.000000 0.444126 0.352068 2.832402 1.000000 0.466574 0.082001 2.895045 1.000000 0.496385 -0.121824 2.803066 1.000000 0.506000 -0.207536 2.747155 1.000000 0.197493 -0.026090 2.717597 1.000000 0.230066 -0.531281 2.536997 1.000000 0.268960 -0.867751 2.402627 1.000000 0.317285 -0.891592 2.301428 1.000000 0.334418 -0.033238 2.798004 1.000000 0.175573 -0.605363 2.984424 1.000000 0.122770 -0.908219 3.045291 1.000000 0.158973 -0.984712 3.040867 1.000000
31291334715 0.276201 0.038523 2.729354 1.000000 0.278478 0.108835 2.724971 1.000000 0.302467 0.458701 2.698935 1.000000 0.364746 0.622070 2.658396 1.000000 0.158751 0.343842 2.635309 1.000000 0.054918 0.092384 2.615037 1.000000 0.069289 -0.172640 2.579025 1.000000 0.065229 -0.252447 2.573277 1.000000 0.450873 0.335946 2.810385 1.000000 0.478682 0.071886 2.857439 1.000000 0.510686 -0.134016 2.771961 1.000000 0.521217 -0.215978 2.710814 1.000000 0.202170 -0.032059 2.691782 1.000000 0.247772 -0.526969 2.503087 1.000000 0.297852 -0.858398 2.359264 1.000000 0.340770 -0.891308 2.259941 1.000000 0.341108 -0.043845 2.772756 1.000000 0.182994 -0.608618 2.979740 1.000000 0.123357 -0.909637 3.042484 1.000000 0.162777 -0.983764 3.053966 1.000000
31291368136 0.290451 0.035846 2.693702 1.000000 0.291761 0.105297 2.693591 1.000000 0.310069 0.453570 2.684390 1.000000 0.371476 0.611483 2.643877 1.000000 0.164230 0.344301 2.623025 1.000000 0.068622 0.080617 2.588503 1.000000 0.072684 -0.172546 2.560974 1.000000 0.083233 -0.270100 2.530300 1.000000 0.462344 0.335338 2.778694 1.000000 0.493896 0.065491 2.808483 1.000000 0.519488 -0.139431 2.717816 1.000000 0.526206 -0.199762 2.661776 1.000000 0.216383 -0.031630 2.654781 1.000000 0.261410 -0.515319 2.480072 1.000000 0.304715 -0.842801 2.348034 1.000000 0.345841 -0.892384 2.257889 1.000000 0.357814 -0.049435 2.729055 1.000000 0.203768 -0.608135 2.953771 1.000000 0.116944 -0.923835 3.052476 1.000000 0.170249 -0.989625 3.055687 1.000000
31291401379 0.304079 0.032071 2.660715 1.000000 0.306640 0.101014 2.656637 1.000000 0.328369 0.444824 2.637023 1.000000 0.383179 0.602783 2.595896 1.000000 0.179565 0.337402 2.572570 1.000000 0.082390 0.077463 2.548062 1.000000 0.091187 -0.181030 2.512134 1.000000 0.085281 -0.272401 2.520295 1.000000 0.474486 0.327525 2.740825 1.000000 0.498800 0.064545 2.792790 1.000000 0.529109 -0.132486 2.685188 1.000000 0.539778 -0.199267 2.637611 1.000000 0.229171 -0.036293 2.622524 1.000000 0.278082 -0.498970 2.450008 1.000000 0.305294 -0.837806 2.337360 1.000000 0.346435 -0.894045 2.262938 1.000000 0.369490 -0.051706 2.703471 1.000000 0.206881 -0.611202 2.920532 1.000000 0.120328 -0.915592 3.045014 1.000000 0.164864 -0.986770 3.056399 1.000000
31291434811 0.321929 0.031112 2.621499 1.000000 0.321601 0.101859 2.620708 1.000000 0.334094 0.453689 2.610429 1.000000 0.390731 0.624277 2.574208 1.000000 0.193650 0.332976 2.541986 1.000000 0.092922 0.071823 2.528765 1.000000 0.092380 -0.178806 2.502585 1.000000 0.080623 -0.270935 2.497279 1.000000 0.485429 0.330197 2.724730 1.000000 0.524274 0.066096 2.758561 1.000000 0.542128 -0.130611 2.647159 1.000000 0.553171 -0.205071 2.577110 1.000000 0.252318 -0.034284 2.579521 1.000000 0.297930 -0.497047 2.424457 1.000000 0.315840 -0.835848 2.323836 1.000000 0.353980 -0.893819 2.270432 1.000000 0.389040 -0.057609 2.660095 1.000000 0.235119 -0.617147 2.882993 1.000000 0.127447 -0.911943 3.033545 1.000000 0.168502 -0.985819 3.039475 1.000000
31291468187 0.338627 0.029072 2.577417 1.000000 0.338462 0.099652 2.572524 1.000000 0.344238 0.452393 2.554992 1.000000 0.398260 0.624962 2.530012 1.000000 0.206859 0.328877 2.504901 1.000000 0.109702 0.074836 2.489322 1.000000 0.105957 -0.178223 2.453540 1.000000 0.094557 -0.264619 2.453092 1.000000 0.508301 0.320801 2.679992 1.000000 0.531995 0.069834 2.712216 1.000000 0.556567 -0.124771 2.598108 1.000000 0.565400 -0.205247 2.534687 1.000000 0.265811 -0.036156 2.546443 1.000000 0.312705 -0.493356 2.387490 1.000000 0.323854 -0.837082 2.307477 1.000000 0.362333 -0.900080 2.265912 1.000000 0.407827 -0.058513 2.615402 1.000000 0.252008 -0.612768 2.849297 1.000000 0.139716 -0.912313 3.023362 1.000000 0.173199 -0.990087 3.026023 1.000000
